1,1,745.99,164.79,17.77,46.55,1.00,-1,-1,-1
2,1,746.65,167.11,18.08,44.93,1.00,-1,-1,-1
3,1,748.30,166.68,17.57,45.67,1.00,-1,-1,-1
4,1,748.72,166.37,17.84,46.60,1.00,-1,-1,-1
5,1,749.02,163.56,20.38,49.83,1.00,-1,-1,-1
6,1,752.48,162.90,21.12,52.01,1.00,-1,-1,-1
7,1,753.78,163.89,22.36,52.13,1.00,-1,-1,-1
8,1,758.15,164.37,21.00,52.91,1.00,-1,-1,-1
9,1,760.96,161.80,22.22,55.80,1.00,-1,-1,-1
10,1,766.13,160.57,21.94,57.90,1.00,-1,-1,-1
11,1,771.61,159.01,23.44,60.86,1.00,-1,-1,-1
12,1,776.39,157.76,26.34,63.83,1.00,-1,-1,-1
13,1,781.79,157.37,28.28,66.84,1.00,-1,-1,-1
14,1,790.20,162.01,29.80,67.68,1.00,-1,-1,-1
15,1,799.58,162.97,30.13,71.30,1.00,-1,-1,-1
16,1,811.54,164.77,30.23,73.72,1.00,-1,-1,-1
17,1,822.72,164.49,29.93,77.95,1.00,-1,-1,-1
18,1,835.61,163.18,32.79,81.99,1.00,-1,-1,-1
19,1,850.67,160.37,36.38,86.25,1.00,-1,-1,-1
20,1,865.85,155.86,34.84,91.66,1.00,-1,-1,-1
21,1,876.69,152.50,41.57,98.05,1.00,-1,-1,-1
22,1,897.11,151.44,42.72,105.11,1.00,-1,-1,-1
23,1,916.50,153.68,46.80,112.35,1.00,-1,-1,-1
24,1,932.29,157.50,59.30,122.61,1.00,-1,-1,-1
25,1,958.38,158.90,67.75,131.86,1.00,-1,-1,-1
26,1,990.37,155.63,71.78,142.15,1.00,-1,-1,-1
27,1,1035.03,145.17,72.15,161.14,1.00,-1,-1,-1
28,1,1088.98,139.68,82.22,175.78,1.00,-1,-1,-1
29,1,1153.37,139.69,86.75,203.01,1.00,-1,-1,-1
1,2,762.12,169.08,16.72,41.93,1.00,-1,-1,-1
2,2,761.81,169.09,18.10,42.62,1.00,-1,-1,-1
3,2,764.52,167.12,17.49,44.00,1.00,-1,-1,-1
4,2,767.52,166.59,17.48,45.61,1.00,-1,-1,-1
5,2,770.52,166.06,17.48,47.23,1.00,-1,-1,-1
6,2,773.52,165.53,17.47,48.84,1.00,-1,-1,-1
7,2,776.70,166.28,18.96,49.82,1.00,-1,-1,-1
8,2,781.00,164.08,19.40,53.26,1.00,-1,-1,-1
9,2,784.43,162.78,20.82,55.22,1.00,-1,-1,-1
10,2,790.07,161.65,20.63,56.74,1.00,-1,-1,-1
11,2,796.24,161.52,22.18,58.34,1.00,-1,-1,-1
12,2,804.15,161.98,23.09,59.37,1.00,-1,-1,-1
13,2,811.38,161.40,24.06,62.95,1.00,-1,-1,-1
14,2,821.19,162.30,24.51,65.76,1.00,-1,-1,-1
15,2,832.55,165.18,26.03,68.56,1.00,-1,-1,-1
16,2,844.07,165.90,30.40,72.43,1.00,-1,-1,-1
17,2,857.92,165.73,31.89,78.40,1.00,-1,-1,-1
18,2,872.17,166.47,29.77,78.88,1.00,-1,-1,-1
19,2,888.67,161.96,33.26,84.10,1.00,-1,-1,-1
20,2,904.54,156.83,36.26,90.05,1.00,-1,-1,-1
21,2,922.82,153.91,35.86,96.92,1.00,-1,-1,-1
22,2,945.57,156.80,36.44,100.55,1.00,-1,-1,-1
23,2,968.79,160.79,40.87,108.49,1.00,-1,-1,-1
24,2,997.16,163.25,46.90,116.62,1.00,-1,-1,-1
25,2,1031.03,159.56,52.78,129.49,1.00,-1,-1,-1
26,2,1070.50,159.23,62.17,137.81,1.00,-1,-1,-1
27,2,1115.57,151.46,87.79,155.91,1.00,-1,-1,-1
28,2,1170.27,147.15,69.33,174.99,1.00,-1,-1,-1
15,5,152.69,169.29,28.33,60.04,1.00,-1,-1,-1
16,5,138.16,168.13,30.57,63.70,1.00,-1,-1,-1
17,5,121.75,164.73,29.39,66.45,1.00,-1,-1,-1
18,5,102.32,164.34,28.98,67.28,1.00,-1,-1,-1
19,5,83.27,162.28,28.61,70.22,1.00,-1,-1,-1
20,5,59.87,159.31,31.11,72.92,1.00,-1,-1,-1
21,5,35.68,156.45,32.04,76.49,1.00,-1,-1,-1
22,5,11.78,158.68,32.24,81.15,1.00,-1,-1,-1
25,6,435.11,178.22,17.44,45.24,1.00,-1,-1,-1
26,6,431.62,178.19,16.99,44.89,1.00,-1,-1,-1
27,6,425.83,174.84,18.07,45.51,1.00,-1,-1,-1
28,6,421.21,174.88,18.01,47.01,1.00,-1,-1,-1
29,6,416.59,174.91,17.95,48.51,1.00,-1,-1,-1
30,6,410.36,171.61,18.63,54.58,1.00,-1,-1,-1
31,6,404.97,177.46,18.93,51.51,1.00,-1,-1,-1
32,6,397.52,176.65,20.52,52.33,1.00,-1,-1,-1
33,6,389.96,172.06,21.61,54.67,1.00,-1,-1,-1
34,6,383.07,170.21,21.82,56.29,1.00,-1,-1,-1
35,6,374.91,170.29,22.25,58.01,1.00,-1,-1,-1
36,6,366.96,171.94,24.08,60.80,1.00,-1,-1,-1
37,6,358.60,174.19,24.03,61.36,1.00,-1,-1,-1
38,6,348.13,175.20,24.32,64.99,1.00,-1,-1,-1
39,6,336.44,174.72,26.12,68.06,1.00,-1,-1,-1
40,6,324.10,173.91,28.32,70.68,1.00,-1,-1,-1
41,6,311.08,173.17,28.55,73.17,1.00,-1,-1,-1
42,6,295.79,174.75,30.91,76.67,1.00,-1,-1,-1
43,6,278.17,175.82,32.13,81.69,1.00,-1,-1,-1
44,6,258.69,175.88,38.06,86.16,1.00,-1,-1,-1
45,6,239.21,177.08,34.88,90.59,1.00,-1,-1,-1
30,7,352.66,170.11,22.00,45.44,1.00,-1,-1,-1
31,7,345.92,170.55,20.88,46.62,1.00,-1,-1,-1
32,7,332.54,169.29,21.91,48.16,1.00,-1,-1,-1
33,7,322.54,165.81,22.01,48.39,1.00,-1,-1,-1
34,7,312.35,164.53,22.62,49.75,1.00,-1,-1,-1
35,7,302.16,163.24,23.22,51.11,1.00,-1,-1,-1
36,7,291.23,165.22,23.74,52.83,1.00,-1,-1,-1
37,7,279.83,166.24,20.28,54.38,1.00,-1,-1,-1
38,7,266.33,166.88,18.85,57.11,1.00,-1,-1,-1
39,7,251.15,166.65,23.18,58.51,1.00,-1,-1,-1
40,7,232.48,167.16,29.23,59.28,1.00,-1,-1,-1
41,7,217.02,165.59,30.10,62.23,1.00,-1,-1,-1
42,7,193.75,166.90,31.60,65.24,1.00,-1,-1,-1
43,7,176.32,167.64,26.45,67.74,1.00,-1,-1,-1
44,7,154.01,163.46,32.05,75.41,1.00,-1,-1,-1
45,7,130.16,167.13,37.50,75.81,1.00,-1,-1,-1
46,7,102.92,167.62,42.73,78.69,1.00,-1,-1,-1
47,7,76.53,167.61,39.47,83.07,1.00,-1,-1,-1
48,7,43.47,165.29,38.61,88.27,1.00,-1,-1,-1
49,7,10.40,162.97,37.74,93.47,1.00,-1,-1,-1
36,9,470.18,161.70,18.98,46.72,1.00,-1,-1,-1
37,9,466.89,162.86,19.29,48.05,1.00,-1,-1,-1
38,9,463.37,163.37,18.27,49.68,1.00,-1,-1,-1
39,9,458.44,162.56,21.56,51.18,1.00,-1,-1,-1
40,9,454.38,163.39,19.80,50.88,1.00,-1,-1,-1
41,9,449.76,160.62,20.87,54.13,1.00,-1,-1,-1
42,9,443.94,162.26,21.18,55.42,1.00,-1,-1,-1
43,9,438.27,163.67,21.61,55.78,1.00,-1,-1,-1
44,9,432.40,163.31,21.54,57.84,1.00,-1,-1,-1
45,9,426.80,163.34,22.16,60.91,1.00,-1,-1,-1
46,9,419.96,163.86,23.23,61.92,1.00,-1,-1,-1
47,9,412.56,163.83,23.63,63.55,1.00,-1,-1,-1
48,9,404.46,161.53,23.80,66.29,1.00,-1,-1,-1
49,9,396.24,161.84,24.77,68.02,1.00,-1,-1,-1
50,9,387.38,162.74,25.82,70.83,1.00,-1,-1,-1
51,9,378.85,163.81,26.48,72.43,1.00,-1,-1,-1
52,9,366.75,161.18,27.59,78.18,1.00,-1,-1,-1
53,9,356.85,161.23,28.45,80.64,1.00,-1,-1,-1
54,9,344.12,162.98,30.63,81.12,1.00,-1,-1,-1
55,9,331.41,161.73,30.18,86.15,1.00,-1,-1,-1
56,9,315.46,162.58,33.81,89.36,1.00,-1,-1,-1
57,9,300.71,163.31,33.74,92.54,1.00,-1,-1,-1
58,9,283.11,162.19,33.67,98.79,1.00,-1,-1,-1
59,9,262.66,162.18,38.53,102.99,1.00,-1,-1,-1
60,9,240.14,160.82,39.41,109.17,1.00,-1,-1,-1
61,9,214.01,159.92,44.16,116.17,1.00,-1,-1,-1
62,9,185.58,159.62,47.83,123.61,1.00,-1,-1,-1
63,9,150.12,158.28,52.76,134.34,1.00,-1,-1,-1
64,9,117.27,155.51,55.73,142.10,1.00,-1,-1,-1
65,9,73.24,154.04,62.86,154.02,1.00,-1,-1,-1
66,9,24.25,149.90,71.58,166.35,1.00,-1,-1,-1
67,9,0.00,152.45,46.27,181.25,1.00,-1,-1,-1
47,13,512.21,163.09,16.29,42.16,1.00,-1,-1,-1
48,13,508.77,161.18,17.36,43.73,1.00,-1,-1,-1
49,13,506.69,162.22,14.82,43.28,1.00,-1,-1,-1
50,13,502.46,161.81,16.73,45.17,1.00,-1,-1,-1
51,13,500.01,162.53,16.49,46.82,1.00,-1,-1,-1
52,13,495.69,163.51,16.91,46.84,1.00,-1,-1,-1
53,13,491.36,164.50,17.33,46.86,1.00,-1,-1,-1
54,13,487.04,165.48,17.74,46.88,1.00,-1,-1,-1
55,13,482.71,166.47,18.16,46.90,1.00,-1,-1,-1
56,13,478.39,167.45,18.58,46.92,1.00,-1,-1,-1
57,13,474.41,167.16,18.75,48.62,1.00,-1,-1,-1
58,13,468.88,167.35,19.96,49.53,1.00,-1,-1,-1
59,13,460.37,167.72,20.97,50.71,1.00,-1,-1,-1
60,13,455.50,167.60,20.25,51.94,1.00,-1,-1,-1
61,13,30.21,184.17,34.19,80.47,1.00,-1,-1,-1
62,13,78.54,183.54,34.69,79.88,1.00,-1,-1,-1
53,20,428.64,167.43,20.55,48.68,1.00,-1,-1,-1
54,20,424.55,168.16,19.55,48.98,1.00,-1,-1,-1
55,20,420.40,165.91,20.17,51.43,1.00,-1,-1,-1
56,20,413.50,166.67,20.90,51.96,1.00,-1,-1,-1
57,20,406.61,167.43,21.62,52.49,1.00,-1,-1,-1
58,20,400.95,167.02,20.82,53.91,1.00,-1,-1,-1
59,20,394.14,167.41,20.17,54.91,1.00,-1,-1,-1
60,20,385.44,166.64,21.80,55.75,1.00,-1,-1,-1
61,20,378.24,166.89,21.31,59.23,1.00,-1,-1,-1
62,20,370.15,167.53,22.27,60.68,1.00,-1,-1,-1
63,20,360.72,166.40,24.67,62.40,1.00,-1,-1,-1
64,20,351.98,164.47,25.87,64.80,1.00,-1,-1,-1
65,20,341.54,162.98,29.49,66.23,1.00,-1,-1,-1
66,20,332.80,161.00,29.00,68.57,1.00,-1,-1,-1
67,20,321.29,162.93,31.95,68.83,1.00,-1,-1,-1
68,20,310.24,162.94,27.77,72.56,1.00,-1,-1,-1
69,20,296.52,164.21,27.00,76.15,1.00,-1,-1,-1
70,20,283.40,167.56,32.74,76.09,1.00,-1,-1,-1
71,20,268.56,168.83,34.70,79.63,1.00,-1,-1,-1
72,20,256.63,166.98,33.06,83.60,1.00,-1,-1,-1
73,20,243.92,165.41,32.76,87.29,1.00,-1,-1,-1
74,20,227.09,164.85,35.63,91.00,1.00,-1,-1,-1
75,20,207.71,166.69,38.42,94.05,1.00,-1,-1,-1
76,20,189.05,165.47,36.63,97.84,1.00,-1,-1,-1
77,20,169.44,160.96,38.39,106.02,1.00,-1,-1,-1
78,20,146.62,164.39,44.22,108.44,1.00,-1,-1,-1
79,20,120.46,169.60,52.39,110.67,1.00,-1,-1,-1
80,20,92.34,166.68,64.14,120.16,1.00,-1,-1,-1
81,20,63.76,167.66,63.46,124.39,1.00,-1,-1,-1
82,20,35.67,164.26,60.81,129.48,1.00,-1,-1,-1
83,20,8.27,164.35,58.22,136.66,1.00,-1,-1,-1
54,22,719.42,160.92,16.00,53.40,1.00,-1,-1,-1
55,22,721.42,165.76,14.42,49.03,1.00,-1,-1,-1
56,22,721.09,162.29,16.66,53.92,1.00,-1,-1,-1
57,22,722.19,166.93,17.05,50.79,1.00,-1,-1,-1
58,22,724.63,163.74,16.70,54.93,1.00,-1,-1,-1
59,22,726.31,160.41,17.77,60.30,1.00,-1,-1,-1
60,22,727.11,160.76,19.15,61.70,1.00,-1,-1,-1
61,22,727.45,161.02,20.12,62.45,1.00,-1,-1,-1
62,22,730.04,170.38,19.78,56.77,1.00,-1,-1,-1
63,22,732.10,161.36,20.09,66.97,1.00,-1,-1,-1
64,22,733.25,160.07,21.88,69.54,1.00,-1,-1,-1
65,22,736.31,157.31,25.92,72.62,1.00,-1,-1,-1
66,22,740.08,154.47,22.49,75.76,1.00,-1,-1,-1
67,22,740.22,153.66,29.22,79.68,1.00,-1,-1,-1
68,22,744.08,156.26,27.82,80.59,1.00,-1,-1,-1
69,22,746.68,156.19,29.29,86.02,1.00,-1,-1,-1
70,22,751.48,158.59,27.72,88.86,1.00,-1,-1,-1
71,22,756.84,156.41,32.01,94.28,1.00,-1,-1,-1
72,22,760.27,154.58,35.82,93.23,1.00,-1,-1,-1
73,22,764.64,155.16,33.41,102.91,1.00,-1,-1,-1
74,22,769.90,153.38,32.88,106.42,1.00,-1,-1,-1
75,22,771.12,151.55,41.88,114.32,1.00,-1,-1,-1
76,22,785.21,155.81,35.38,117.22,1.00,-1,-1,-1
77,22,790.22,152.84,42.08,127.79,1.00,-1,-1,-1
78,22,801.49,152.46,45.48,137.49,1.00,-1,-1,-1
79,22,813.71,152.51,48.06,146.01,1.00,-1,-1,-1
80,22,829.75,150.68,48.31,158.96,1.00,-1,-1,-1
81,22,844.77,147.04,59.95,175.44,1.00,-1,-1,-1
82,22,865.45,143.17,61.60,191.35,1.00,-1,-1,-1
83,22,888.19,140.69,73.03,210.48,1.00,-1,-1,-1
84,22,914.98,138.13,86.98,232.21,1.00,-1,-1,-1
85,22,965.59,135.08,106.78,239.92,1.00,-1,-1,-1
86,22,1007.51,130.03,122.02,244.97,1.00,-1,-1,-1
87,22,1057.23,119.03,157.85,255.97,1.00,-1,-1,-1
63,28,870.78,166.35,30.34,71.13,1.00,-1,-1,-1
64,28,871.18,166.72,22.16,67.37,1.00,-1,-1,-1
65,28,876.39,164.06,24.73,70.92,1.00,-1,-1,-1
66,28,885.17,161.82,30.10,74.67,1.00,-1,-1,-1
67,28,892.59,157.96,31.04,80.69,1.00,-1,-1,-1
68,28,903.57,159.84,35.84,83.42,1.00,-1,-1,-1
69,28,911.58,160.38,34.12,87.08,1.00,-1,-1,-1
70,28,926.37,163.24,34.75,90.02,1.00,-1,-1,-1
71,28,940.28,163.68,38.24,92.53,1.00,-1,-1,-1
72,28,956.45,161.44,41.70,100.09,1.00,-1,-1,-1
64,29,881.54,164.00,30.93,76.50,1.00,-1,-1,-1
65,29,890.41,164.92,29.77,77.06,1.00,-1,-1,-1
66,29,901.20,162.61,30.38,80.60,1.00,-1,-1,-1
67,29,913.15,161.37,31.05,83.54,1.00,-1,-1,-1
68,29,926.19,161.97,33.49,88.87,1.00,-1,-1,-1
69,29,938.07,163.76,32.93,92.87,1.00,-1,-1,-1
70,29,951.49,166.01,32.56,97.55,1.00,-1,-1,-1
71,29,966.74,163.78,37.28,104.32,1.00,-1,-1,-1
72,29,983.65,161.17,39.20,112.31,1.00,-1,-1,-1
73,29,1000.50,160.90,46.26,117.58,1.00,-1,-1,-1
74,29,1026.13,159.00,46.87,123.84,1.00,-1,-1,-1
75,29,1049.30,159.14,54.91,135.21,1.00,-1,-1,-1
68,32,384.41,164.16,26.68,67.03,1.00,-1,-1,-1
69,32,370.95,164.46,30.12,71.75,1.00,-1,-1,-1
70,32,363.46,166.66,28.29,73.08,1.00,-1,-1,-1
71,32,349.11,165.77,31.20,77.92,1.00,-1,-1,-1
72,32,333.85,165.91,33.95,80.00,1.00,-1,-1,-1
73,32,322.20,164.88,32.11,84.31,1.00,-1,-1,-1
74,32,303.80,164.82,35.29,87.78,1.00,-1,-1,-1
75,32,285.87,164.42,37.75,92.55,1.00,-1,-1,-1
76,32,270.07,161.18,40.09,97.74,1.00,-1,-1,-1
77,32,245.87,162.07,42.56,104.22,1.00,-1,-1,-1
78,32,221.67,162.96,45.03,110.70,1.00,-1,-1,-1
79,32,192.68,166.47,51.81,114.37,1.00,-1,-1,-1
80,32,167.26,165.20,52.73,125.02,1.00,-1,-1,-1
81,32,134.67,164.47,61.82,131.78,1.00,-1,-1,-1
82,32,91.14,163.13,76.89,141.54,1.00,-1,-1,-1
83,32,43.26,161.74,87.16,152.79,1.00,-1,-1,-1
84,32,8.31,161.38,79.70,165.91,1.00,-1,-1,-1
85,32,0.16,187.33,44.06,149.91,1.00,-1,-1,-1
78,35,783.68,188.08,29.00,67.20,1.00,-1,-1,-1
79,35,791.11,196.38,27.87,64.91,1.00,-1,-1,-1
80,35,799.33,201.43,34.41,67.87,1.00,-1,-1,-1
81,35,810.51,200.27,39.81,73.89,1.00,-1,-1,-1
82,35,822.85,198.72,37.53,80.38,1.00,-1,-1,-1
83,35,837.13,201.87,45.35,86.81,1.00,-1,-1,-1
84,35,850.85,205.47,49.04,97.10,1.00,-1,-1,-1
85,35,875.03,207.76,46.95,105.85,1.00,-1,-1,-1
86,35,899.06,209.85,54.09,116.85,1.00,-1,-1,-1
87,35,928.45,213.60,69.46,131.66,1.00,-1,-1,-1
88,35,964.27,221.06,87.87,145.98,1.00,-1,-1,-1
89,35,1022.74,222.72,85.62,152.28,1.00,-1,-1,-1
81,38,833.39,197.55,30.40,76.64,1.00,-1,-1,-1
82,38,847.53,195.84,35.07,85.59,1.00,-1,-1,-1
83,38,865.69,201.19,34.43,88.69,1.00,-1,-1,-1
84,38,886.71,203.66,36.82,97.44,1.00,-1,-1,-1
85,38,903.10,201.98,49.11,114.11,1.00,-1,-1,-1
86,38,936.43,204.48,53.94,123.99,1.00,-1,-1,-1
87,38,976.22,209.13,67.09,139.25,1.00,-1,-1,-1
88,38,1020.02,217.36,87.65,152.13,1.00,-1,-1,-1
89,38,1082.56,222.88,87.41,152.12,1.00,-1,-1,-1
85,39,856.38,165.52,18.47,52.50,1.00,-1,-1,-1
86,39,861.04,166.84,20.46,51.77,1.00,-1,-1,-1
87,39,865.71,166.46,19.97,53.76,1.00,-1,-1,-1
88,39,870.99,167.02,21.02,53.98,1.00,-1,-1,-1
89,39,874.89,165.58,22.59,55.85,1.00,-1,-1,-1
90,39,881.42,165.44,22.38,58.77,1.00,-1,-1,-1
91,39,887.32,165.35,22.63,60.65,1.00,-1,-1,-1
92,39,893.94,164.84,22.43,62.66,1.00,-1,-1,-1
93,39,899.01,166.76,23.33,62.71,1.00,-1,-1,-1
94,39,904.64,168.22,23.18,64.48,1.00,-1,-1,-1
95,39,912.53,166.47,24.17,66.57,1.00,-1,-1,-1
96,39,919.75,166.23,27.98,68.23,1.00,-1,-1,-1
97,39,927.88,165.66,29.78,71.63,1.00,-1,-1,-1
98,39,936.21,165.57,29.08,73.06,1.00,-1,-1,-1
99,39,946.02,164.34,31.26,75.28,1.00,-1,-1,-1
100,39,955.85,163.94,33.39,77.58,1.00,-1,-1,-1
101,39,966.19,162.56,34.02,81.97,1.00,-1,-1,-1
102,39,979.04,160.89,34.10,84.14,1.00,-1,-1,-1
103,39,990.87,157.47,34.99,87.46,1.00,-1,-1,-1
104,39,1002.83,154.34,36.52,91.67,1.00,-1,-1,-1
105,39,1014.78,156.43,35.95,94.66,1.00,-1,-1,-1
106,39,1029.34,157.95,38.39,98.69,1.00,-1,-1,-1
107,39,1043.89,159.47,40.82,102.71,1.00,-1,-1,-1
108,39,1059.35,159.10,42.57,104.16,1.00,-1,-1,-1
109,39,1076.77,157.70,45.84,107.00,1.00,-1,-1,-1
110,39,1096.40,155.01,48.77,114.31,1.00,-1,-1,-1
111,39,1116.67,156.65,50.69,118.86,1.00,-1,-1,-1
112,39,1138.68,155.85,54.39,124.56,1.00,-1,-1,-1
113,39,1164.39,154.41,51.67,131.20,1.00,-1,-1,-1
114,39,1190.11,152.97,48.95,137.85,1.00,-1,-1,-1
93,44,966.00,163.80,26.53,71.36,1.00,-1,-1,-1
94,44,978.36,164.65,26.10,72.78,1.00,-1,-1,-1
95,44,990.89,163.41,26.92,75.85,1.00,-1,-1,-1
96,44,1002.88,162.52,31.73,80.60,1.00,-1,-1,-1
97,44,1017.20,162.83,33.15,83.77,1.00,-1,-1,-1
98,44,1032.47,161.60,37.99,89.55,1.00,-1,-1,-1
102,49,243.32,153.87,21.31,64.64,1.00,-1,-1,-1
103,49,240.71,160.46,25.99,58.99,1.00,-1,-1,-1
104,49,499.51,170.80,19.53,51.21,1.00,-1,-1,-1
105,49,495.28,173.24,20.73,53.12,1.00,-1,-1,-1
106,49,492.13,174.49,20.04,54.51,1.00,-1,-1,-1
105,52,198.98,153.27,34.88,74.78,1.00,-1,-1,-1
106,52,185.08,154.40,35.98,75.72,1.00,-1,-1,-1
107,52,168.12,152.87,39.28,79.40,1.00,-1,-1,-1
108,52,148.94,151.48,40.07,80.94,1.00,-1,-1,-1
109,52,134.04,151.26,39.60,82.25,1.00,-1,-1,-1
110,52,117.62,149.23,40.57,86.28,1.00,-1,-1,-1
111,52,92.01,146.72,38.77,89.78,1.00,-1,-1,-1
112,52,66.14,145.67,40.87,97.42,1.00,-1,-1,-1
113,52,36.83,145.92,42.42,102.07,1.00,-1,-1,-1
114,52,5.10,147.33,44.57,109.33,1.00,-1,-1,-1
115,52,4.79,159.03,49.39,95.12,1.00,-1,-1,-1
107,53,488.07,174.99,21.47,55.33,1.00,-1,-1,-1
108,53,482.77,174.95,23.20,56.24,1.00,-1,-1,-1
109,53,478.97,174.00,23.71,58.86,1.00,-1,-1,-1
110,53,474.13,172.49,22.63,60.57,1.00,-1,-1,-1
111,53,469.20,171.57,23.61,63.85,1.00,-1,-1,-1
112,53,464.14,172.71,22.99,64.70,1.00,-1,-1,-1
113,53,457.95,173.77,27.45,68.90,1.00,-1,-1,-1
114,53,452.05,175.88,28.07,71.12,1.00,-1,-1,-1
115,53,444.33,175.29,28.47,75.20,1.00,-1,-1,-1
116,53,436.63,175.43,29.26,76.48,1.00,-1,-1,-1
117,53,427.68,172.95,31.72,80.85,1.00,-1,-1,-1
118,53,415.48,173.29,35.12,83.29,1.00,-1,-1,-1
119,53,404.01,173.07,38.29,88.88,1.00,-1,-1,-1
120,53,388.52,175.84,41.84,93.96,1.00,-1,-1,-1
121,53,373.90,177.37,43.17,101.94,1.00,-1,-1,-1
122,53,358.25,178.28,43.72,106.26,1.00,-1,-1,-1
123,53,340.55,178.37,46.70,113.09,1.00,-1,-1,-1
124,53,321.28,177.39,50.81,117.73,1.00,-1,-1,-1
125,53,301.43,177.63,53.69,127.97,1.00,-1,-1,-1
126,53,280.40,177.85,57.17,136.91,1.00,-1,-1,-1
127,53,251.96,179.69,66.05,147.61,1.00,-1,-1,-1
128,53,217.18,178.03,76.41,161.15,1.00,-1,-1,-1
129,53,175.99,178.79,86.42,180.67,1.00,-1,-1,-1
130,53,127.96,181.62,108.12,193.38,1.00,-1,-1,-1
131,53,68.99,184.04,107.28,190.96,1.00,-1,-1,-1
132,53,0.86,188.55,114.62,186.45,1.00,-1,-1,-1
223,79,600.22,169.59,17.72,44.19,1.00,-1,-1,-1
224,79,598.66,170.14,18.83,43.74,1.00,-1,-1,-1
225,79,597.37,168.73,19.20,45.01,1.00,-1,-1,-1
226,79,595.76,167.60,19.33,46.05,1.00,-1,-1,-1
227,79,594.15,166.48,19.46,47.09,1.00,-1,-1,-1
228,79,591.46,168.44,19.89,47.88,1.00,-1,-1,-1
229,79,590.76,169.38,17.66,49.10,1.00,-1,-1,-1
230,79,586.37,170.08,18.92,49.60,1.00,-1,-1,-1
231,79,581.92,169.48,18.30,51.24,1.00,-1,-1,-1
232,79,577.47,169.65,19.96,51.96,1.00,-1,-1,-1
233,79,571.03,169.05,21.80,54.58,1.00,-1,-1,-1
234,79,565.47,170.87,22.06,54.73,1.00,-1,-1,-1
235,79,559.86,173.15,24.38,55.22,1.00,-1,-1,-1
236,79,554.65,173.33,24.30,56.55,1.00,-1,-1,-1
237,79,547.99,170.56,25.61,61.13,1.00,-1,-1,-1
238,79,539.25,169.29,26.25,62.84,1.00,-1,-1,-1
239,79,529.48,168.66,28.21,64.89,1.00,-1,-1,-1
240,79,520.21,168.87,27.88,65.99,1.00,-1,-1,-1
241,79,510.43,169.12,25.78,68.38,1.00,-1,-1,-1
242,79,499.67,168.91,28.72,71.62,1.00,-1,-1,-1
243,79,488.99,167.90,31.25,74.69,1.00,-1,-1,-1
244,79,476.32,167.93,30.39,78.17,1.00,-1,-1,-1
245,79,462.63,168.61,35.62,81.12,1.00,-1,-1,-1
246,79,451.31,168.75,36.46,85.52,1.00,-1,-1,-1
247,79,437.82,168.07,39.59,89.18,1.00,-1,-1,-1
248,79,424.93,164.91,40.58,94.89,1.00,-1,-1,-1
249,79,408.39,163.88,39.08,101.04,1.00,-1,-1,-1
250,79,387.21,163.43,43.68,107.77,1.00,-1,-1,-1
251,79,369.49,165.36,45.60,112.42,1.00,-1,-1,-1
252,79,352.11,165.71,46.78,120.48,1.00,-1,-1,-1
253,79,331.96,165.48,52.42,128.34,1.00,-1,-1,-1
254,79,308.13,163.85,59.46,143.11,1.00,-1,-1,-1
255,79,283.90,165.22,67.08,154.64,1.00,-1,-1,-1
256,79,257.03,165.06,76.64,170.28,1.00,-1,-1,-1
257,79,224.61,165.19,84.75,188.20,1.00,-1,-1,-1
258,79,189.15,161.34,87.85,209.50,1.00,-1,-1,-1
259,79,143.70,158.18,92.60,216.74,1.00,-1,-1,-1
260,79,85.75,155.79,102.45,219.21,1.00,-1,-1,-1
261,79,8.62,155.28,120.96,219.72,1.00,-1,-1,-1
227,80,611.98,172.05,16.89,41.32,1.00,-1,-1,-1
228,80,610.11,172.96,17.91,42.19,1.00,-1,-1,-1
229,80,609.69,174.93,17.33,42.66,1.00,-1,-1,-1
230,80,606.55,175.89,16.13,40.90,1.00,-1,-1,-1
231,80,602.13,175.71,16.14,42.47,1.00,-1,-1,-1
232,80,597.71,175.54,16.16,44.04,1.00,-1,-1,-1
233,80,593.43,176.18,16.28,44.34,1.00,-1,-1,-1
234,80,589.16,176.82,16.40,44.65,1.00,-1,-1,-1
235,80,583.13,176.21,19.49,47.30,1.00,-1,-1,-1
236,80,581.64,176.69,17.48,46.94,1.00,-1,-1,-1
237,80,574.37,175.93,20.95,48.90,1.00,-1,-1,-1
238,80,567.73,175.34,21.97,48.76,1.00,-1,-1,-1
239,80,561.21,174.56,20.89,49.90,1.00,-1,-1,-1
240,80,486.55,174.22,25.20,59.79,1.00,-1,-1,-1
241,80,548.38,174.52,17.74,51.87,1.00,-1,-1,-1
242,80,540.36,174.06,18.94,52.80,1.00,-1,-1,-1
243,80,532.33,173.61,20.14,53.73,1.00,-1,-1,-1
244,80,524.86,174.18,20.30,54.67,1.00,-1,-1,-1
245,80,516.79,175.42,21.39,54.70,1.00,-1,-1,-1
246,80,508.94,175.46,24.02,57.23,1.00,-1,-1,-1
247,80,501.62,175.31,24.33,58.34,1.00,-1,-1,-1
248,80,493.22,173.90,24.90,60.22,1.00,-1,-1,-1
249,80,485.44,174.05,24.63,61.33,1.00,-1,-1,-1
250,80,476.28,175.00,25.03,62.58,1.00,-1,-1,-1
251,80,468.14,176.64,25.48,63.15,1.00,-1,-1,-1
252,80,462.62,176.95,24.91,66.20,1.00,-1,-1,-1
253,80,457.04,177.97,23.85,67.09,1.00,-1,-1,-1
254,80,448.88,177.67,28.49,70.02,1.00,-1,-1,-1
255,80,443.12,179.06,30.54,71.93,1.00,-1,-1,-1
256,80,439.68,180.60,27.70,72.43,1.00,-1,-1,-1
257,80,434.59,178.55,31.00,76.76,1.00,-1,-1,-1
258,80,430.76,178.89,30.01,77.63,1.00,-1,-1,-1
259,80,427.84,178.37,28.53,80.47,1.00,-1,-1,-1
260,80,424.82,178.35,27.66,82.13,1.00,-1,-1,-1
261,80,421.28,176.59,30.53,85.14,1.00,-1,-1,-1
262,80,416.02,173.02,35.46,89.61,1.00,-1,-1,-1
263,80,412.85,171.71,36.39,95.06,1.00,-1,-1,-1
264,80,411.31,174.54,36.91,95.92,1.00,-1,-1,-1
265,80,399.54,175.11,44.40,101.88,1.00,-1,-1,-1
266,80,393.91,173.96,45.24,104.88,1.00,-1,-1,-1
267,80,388.90,171.31,44.15,108.63,1.00,-1,-1,-1
268,80,379.03,170.48,45.17,112.97,1.00,-1,-1,-1
269,80,368.41,171.74,48.30,118.75,1.00,-1,-1,-1
270,80,360.71,174.76,48.14,120.97,1.00,-1,-1,-1
271,80,347.33,172.97,54.13,130.96,1.00,-1,-1,-1
272,80,336.44,171.82,54.99,136.60,1.00,-1,-1,-1
273,80,322.85,174.82,61.00,144.73,1.00,-1,-1,-1
274,80,311.95,177.46,64.45,157.13,1.00,-1,-1,-1
275,80,292.30,181.85,71.60,163.41,1.00,-1,-1,-1
276,80,273.19,179.26,77.49,174.52,1.00,-1,-1,-1
277,80,249.44,173.56,85.07,188.81,1.00,-1,-1,-1
278,80,219.18,171.98,94.83,203.02,1.00,-1,-1,-1
279,80,187.09,175.36,101.66,199.64,1.00,-1,-1,-1
280,80,145.03,175.81,116.02,199.19,1.00,-1,-1,-1
281,80,86.11,174.61,132.78,200.39,1.00,-1,-1,-1
227,81,742.52,165.49,15.20,40.03,1.00,-1,-1,-1
228,81,743.35,166.12,15.93,40.81,1.00,-1,-1,-1
229,81,743.54,167.21,16.42,42.01,1.00,-1,-1,-1
230,81,742.91,169.05,15.25,41.53,1.00,-1,-1,-1
231,81,740.95,169.27,14.57,41.86,1.00,-1,-1,-1
232,81,739.51,168.94,14.73,42.62,1.00,-1,-1,-1
233,81,736.06,168.33,16.72,44.09,1.00,-1,-1,-1
234,81,735.15,168.38,16.95,45.44,1.00,-1,-1,-1
235,81,734.24,168.42,17.18,46.79,1.00,-1,-1,-1
236,81,732.57,168.55,19.77,47.52,1.00,-1,-1,-1
237,81,730.75,167.81,20.13,48.48,1.00,-1,-1,-1
238,81,729.45,166.62,17.74,49.09,1.00,-1,-1,-1
239,81,727.00,162.75,17.54,53.28,1.00,-1,-1,-1
240,81,723.67,161.08,19.52,55.34,1.00,-1,-1,-1
241,81,720.55,161.68,18.74,56.22,1.00,-1,-1,-1
242,81,717.95,162.43,18.27,56.84,1.00,-1,-1,-1
243,81,716.06,163.98,19.24,55.97,1.00,-1,-1,-1
244,81,711.68,165.06,19.25,56.53,1.00,-1,-1,-1
245,81,707.59,164.63,23.25,58.73,1.00,-1,-1,-1
246,81,706.67,164.57,25.38,60.13,1.00,-1,-1,-1
247,81,705.52,164.72,25.69,61.18,1.00,-1,-1,-1
248,81,703.44,163.33,26.00,64.34,1.00,-1,-1,-1
249,81,701.01,163.32,24.64,66.12,1.00,-1,-1,-1
250,81,700.55,163.32,24.19,68.57,1.00,-1,-1,-1
251,81,700.91,163.95,24.63,71.21,1.00,-1,-1,-1
252,81,703.71,165.13,29.02,73.42,1.00,-1,-1,-1
253,81,706.63,166.23,26.57,76.70,1.00,-1,-1,-1
254,81,708.79,165.66,34.65,79.37,1.00,-1,-1,-1
255,81,714.44,164.15,36.63,84.15,1.00,-1,-1,-1
256,81,719.28,163.50,31.46,88.69,1.00,-1,-1,-1
257,81,726.36,163.15,36.45,93.28,1.00,-1,-1,-1
258,81,737.10,163.92,35.79,95.57,1.00,-1,-1,-1
259,81,746.93,161.75,38.14,100.08,1.00,-1,-1,-1
260,81,758.89,157.22,37.53,107.86,1.00,-1,-1,-1
261,81,772.98,153.75,39.86,112.25,1.00,-1,-1,-1
262,81,787.62,154.68,49.18,119.45,1.00,-1,-1,-1
263,81,805.55,155.23,56.34,125.27,1.00,-1,-1,-1
264,81,827.97,156.51,54.17,134.79,1.00,-1,-1,-1
265,81,846.37,153.72,63.10,146.34,1.00,-1,-1,-1
266,81,874.02,148.78,64.36,161.37,1.00,-1,-1,-1
267,81,905.62,144.41,64.90,174.12,1.00,-1,-1,-1
268,81,944.88,140.05,69.30,191.62,1.00,-1,-1,-1
269,81,979.68,138.01,82.53,218.78,1.00,-1,-1,-1
270,81,1026.22,130.43,106.65,244.57,1.00,-1,-1,-1
271,81,1089.87,130.68,112.45,244.32,1.00,-1,-1,-1
272,81,1170.09,123.70,69.62,251.30,1.00,-1,-1,-1
228,82,758.50,167.60,17.24,39.33,1.00,-1,-1,-1
229,82,760.46,167.97,16.44,41.08,1.00,-1,-1,-1
230,82,760.64,168.50,16.95,41.41,1.00,-1,-1,-1
231,82,759.21,167.04,17.53,43.92,1.00,-1,-1,-1
232,82,757.90,167.62,18.95,44.01,1.00,-1,-1,-1
233,82,756.96,167.85,18.58,44.32,1.00,-1,-1,-1
234,82,756.01,168.60,16.65,44.44,1.00,-1,-1,-1
235,82,754.63,169.13,16.79,45.52,1.00,-1,-1,-1
236,82,752.91,168.93,17.91,47.20,1.00,-1,-1,-1
237,82,749.36,167.41,19.81,48.11,1.00,-1,-1,-1
238,82,745.99,166.05,21.21,48.88,1.00,-1,-1,-1
239,82,745.02,163.60,18.69,51.68,1.00,-1,-1,-1
240,82,742.13,164.08,19.26,51.76,1.00,-1,-1,-1
241,82,738.60,164.37,20.38,53.01,1.00,-1,-1,-1
242,82,736.34,164.54,22.96,53.99,1.00,-1,-1,-1
243,82,730.83,164.72,28.76,55.19,1.00,-1,-1,-1
244,82,729.64,164.88,23.89,55.90,1.00,-1,-1,-1
245,82,727.39,165.17,25.07,57.64,1.00,-1,-1,-1
246,82,722.63,166.25,24.19,57.87,1.00,-1,-1,-1
247,82,721.71,166.52,23.71,59.48,1.00,-1,-1,-1
248,82,720.26,165.00,24.41,62.67,1.00,-1,-1,-1
249,82,716.87,164.62,28.78,63.97,1.00,-1,-1,-1
250,82,715.77,164.10,30.44,67.15,1.00,-1,-1,-1
251,82,717.67,163.97,28.73,70.41,1.00,-1,-1,-1
252,82,721.83,166.25,29.22,71.39,1.00,-1,-1,-1
253,82,725.18,165.52,30.78,76.54,1.00,-1,-1,-1
254,82,729.77,166.18,33.31,78.49,1.00,-1,-1,-1
255,82,737.08,165.53,33.29,81.45,1.00,-1,-1,-1
256,82,744.55,164.06,34.30,86.43,1.00,-1,-1,-1
257,82,752.20,164.17,36.27,89.67,1.00,-1,-1,-1
258,82,764.07,165.14,36.69,92.73,1.00,-1,-1,-1
259,82,777.02,162.42,39.25,97.86,1.00,-1,-1,-1
260,82,786.49,158.34,44.93,105.13,1.00,-1,-1,-1
261,82,803.61,154.38,47.80,110.22,1.00,-1,-1,-1
262,82,825.73,153.93,48.82,117.66,1.00,-1,-1,-1
263,82,843.22,154.22,67.01,124.48,1.00,-1,-1,-1
264,82,871.09,154.82,67.31,132.65,1.00,-1,-1,-1
265,82,891.05,154.76,76.19,142.29,1.00,-1,-1,-1
266,82,926.69,152.24,74.88,155.38,1.00,-1,-1,-1
267,82,966.18,146.20,86.49,169.43,1.00,-1,-1,-1
268,82,1009.73,143.04,101.39,186.90,1.00,-1,-1,-1
269,82,1055.69,141.28,118.23,213.07,1.00,-1,-1,-1
270,82,1112.94,137.73,125.67,237.27,1.00,-1,-1,-1
232,84,556.37,171.96,15.91,48.34,1.00,-1,-1,-1
233,84,551.92,170.61,16.14,51.59,1.00,-1,-1,-1
234,84,546.24,172.55,16.34,51.05,1.00,-1,-1,-1
235,84,540.40,173.27,17.05,51.56,1.00,-1,-1,-1
236,84,534.94,173.40,17.76,54.36,1.00,-1,-1,-1
237,84,528.40,171.34,19.02,57.05,1.00,-1,-1,-1
238,84,520.85,171.09,17.98,57.08,1.00,-1,-1,-1
239,84,512.27,170.66,20.27,58.66,1.00,-1,-1,-1
240,84,503.70,170.22,22.57,60.25,1.00,-1,-1,-1
241,84,495.26,169.87,23.13,63.36,1.00,-1,-1,-1
242,84,485.10,169.46,21.04,65.39,1.00,-1,-1,-1
243,84,475.86,169.69,21.67,67.09,1.00,-1,-1,-1
244,84,466.62,169.91,22.30,68.78,1.00,-1,-1,-1
245,84,454.81,170.26,21.89,70.61,1.00,-1,-1,-1
246,84,445.57,168.67,23.82,74.99,1.00,-1,-1,-1
247,84,433.70,169.01,25.27,78.45,1.00,-1,-1,-1
248,84,421.83,169.35,26.72,81.91,1.00,-1,-1,-1
249,84,409.97,169.70,28.17,85.37,1.00,-1,-1,-1
250,84,398.10,170.04,29.62,88.84,1.00,-1,-1,-1
251,84,386.23,170.38,31.07,92.30,1.00,-1,-1,-1
252,84,374.37,170.72,32.52,95.76,1.00,-1,-1,-1
253,84,362.50,171.07,33.97,99.22,1.00,-1,-1,-1
254,84,350.63,171.41,35.42,102.68,1.00,-1,-1,-1
255,84,339.70,170.42,36.55,109.01,1.00,-1,-1,-1
256,84,328.76,170.75,36.18,114.71,1.00,-1,-1,-1
257,84,314.57,172.02,41.29,121.53,1.00,-1,-1,-1
258,84,304.10,172.09,40.50,126.28,1.00,-1,-1,-1
259,84,289.99,171.23,44.04,136.50,1.00,-1,-1,-1
260,84,274.44,168.38,49.07,144.07,1.00,-1,-1,-1
261,84,258.43,165.18,51.60,157.16,1.00,-1,-1,-1
235,87,1078.66,146.04,159.92,228.96,1.00,-1,-1,-1
236,87,1137.71,143.31,101.93,231.69,1.00,-1,-1,-1
237,87,1072.28,190.25,167.45,183.92,1.00,-1,-1,-1
239,90,545.00,170.74,20.68,53.69,1.00,-1,-1,-1
240,90,538.17,171.44,17.67,55.19,1.00,-1,-1,-1
241,90,530.53,171.27,18.00,57.44,1.00,-1,-1,-1
242,90,515.19,170.53,25.07,60.88,1.00,-1,-1,-1
243,90,510.47,170.70,23.29,61.68,1.00,-1,-1,-1
244,90,502.88,168.97,23.73,65.89,1.00,-1,-1,-1
245,90,493.46,171.52,22.83,65.12,1.00,-1,-1,-1
246,90,481.67,171.60,30.02,69.25,1.00,-1,-1,-1
247,90,473.00,170.99,26.38,71.32,1.00,-1,-1,-1
248,90,460.32,169.63,29.70,74.86,1.00,-1,-1,-1
249,90,451.17,166.63,31.20,81.51,1.00,-1,-1,-1
250,90,443.58,165.07,31.04,86.53,1.00,-1,-1,-1
251,90,434.47,169.82,32.15,86.65,1.00,-1,-1,-1
252,90,422.79,170.72,36.98,91.55,1.00,-1,-1,-1
253,90,411.81,172.82,41.26,94.13,1.00,-1,-1,-1
254,90,405.80,171.24,39.62,102.52,1.00,-1,-1,-1
255,90,391.81,170.28,42.78,109.77,1.00,-1,-1,-1
256,90,380.62,172.37,45.19,114.87,1.00,-1,-1,-1
257,90,362.24,173.27,58.42,123.30,1.00,-1,-1,-1
258,90,344.86,172.49,64.69,134.99,1.00,-1,-1,-1
259,90,333.96,170.59,61.10,144.53,1.00,-1,-1,-1
260,90,316.56,168.94,64.16,157.08,1.00,-1,-1,-1
261,90,296.61,167.43,69.06,174.56,1.00,-1,-1,-1
262,90,265.67,167.79,80.98,195.04,1.00,-1,-1,-1
263,90,235.67,167.12,96.75,207.88,1.00,-1,-1,-1
242,91,1130.62,147.65,53.64,136.26,1.00,-1,-1,-1
243,91,1150.71,146.67,60.42,143.86,1.00,-1,-1,-1
244,91,1177.37,152.62,61.57,146.31,1.00,-1,-1,-1
257,93,399.11,174.73,33.78,86.59,1.00,-1,-1,-1
258,93,383.63,174.43,43.12,96.42,1.00,-1,-1,-1
259,93,380.86,174.28,42.64,100.24,1.00,-1,-1,-1
260,93,376.43,171.53,43.78,107.10,1.00,-1,-1,-1
261,93,367.56,170.39,48.88,115.06,1.00,-1,-1,-1
262,93,362.39,171.25,51.91,122.73,1.00,-1,-1,-1
263,93,351.19,171.58,56.16,132.22,1.00,-1,-1,-1
264,93,341.47,170.56,59.17,141.33,1.00,-1,-1,-1
265,93,323.41,170.41,65.85,153.67,1.00,-1,-1,-1
266,93,301.30,170.35,75.06,169.94,1.00,-1,-1,-1
267,93,276.76,169.96,83.95,192.26,1.00,-1,-1,-1
268,93,240.83,168.63,102.78,206.37,1.00,-1,-1,-1
269,93,192.02,166.89,109.08,208.11,1.00,-1,-1,-1
262,94,440.24,172.64,16.82,47.60,1.00,-1,-1,-1
263,94,445.47,175.80,13.99,45.49,1.00,-1,-1,-1
264,94,446.45,173.86,15.43,49.43,1.00,-1,-1,-1
265,94,445.98,174.06,16.45,50.54,1.00,-1,-1,-1
266,94,444.07,174.08,17.90,50.81,1.00,-1,-1,-1
267,94,444.02,172.94,17.75,52.15,1.00,-1,-1,-1
268,94,445.05,172.36,16.94,53.33,1.00,-1,-1,-1
269,94,444.44,171.82,16.87,55.45,1.00,-1,-1,-1
270,94,443.34,170.96,18.34,56.83,1.00,-1,-1,-1
271,94,441.68,171.99,20.73,57.76,1.00,-1,-1,-1
272,94,441.81,174.20,20.07,59.20,1.00,-1,-1,-1
273,94,441.12,176.51,19.70,60.20,1.00,-1,-1,-1
274,94,440.00,178.13,21.07,62.45,1.00,-1,-1,-1
275,94,437.11,179.38,23.47,64.52,1.00,-1,-1,-1
276,94,435.06,178.49,25.01,66.86,1.00,-1,-1,-1
277,94,432.99,177.63,27.73,68.82,1.00,-1,-1,-1
278,94,429.94,173.43,28.12,72.58,1.00,-1,-1,-1
279,94,425.69,172.81,27.10,75.45,1.00,-1,-1,-1
280,94,423.89,173.70,27.76,77.57,1.00,-1,-1,-1
281,94,420.58,174.98,29.12,82.17,1.00,-1,-1,-1
282,94,415.36,175.97,31.37,86.05,1.00,-1,-1,-1
283,94,410.52,177.18,32.13,88.01,1.00,-1,-1,-1
284,94,404.41,175.50,34.20,94.52,1.00,-1,-1,-1
285,94,396.86,174.13,34.96,99.81,1.00,-1,-1,-1
286,94,380.28,173.52,43.37,107.66,1.00,-1,-1,-1
287,94,369.06,173.57,45.87,116.20,1.00,-1,-1,-1
288,94,356.13,173.19,42.91,123.52,1.00,-1,-1,-1
289,94,337.65,171.75,50.71,134.23,1.00,-1,-1,-1
290,94,318.09,170.95,53.66,144.94,1.00,-1,-1,-1
291,94,294.07,169.42,59.16,157.79,1.00,-1,-1,-1
292,94,257.92,167.46,70.98,174.32,1.00,-1,-1,-1
293,94,225.53,167.12,80.76,198.06,1.00,-1,-1,-1
294,94,184.57,169.24,92.58,205.76,1.00,-1,-1,-1
295,94,121.71,168.17,109.87,206.83,1.00,-1,-1,-1
296,94,41.05,168.12,130.41,206.29,1.00,-1,-1,-1
268,99,425.12,168.58,19.44,56.27,1.00,-1,-1,-1
269,99,424.33,168.61,20.00,57.85,1.00,-1,-1,-1
270,99,421.23,168.38,22.74,58.64,1.00,-1,-1,-1
271,99,422.47,168.69,21.87,59.89,1.00,-1,-1,-1
272,99,422.19,170.10,22.02,62.17,1.00,-1,-1,-1
273,99,421.45,172.63,22.96,63.22,1.00,-1,-1,-1
274,99,419.39,174.27,22.70,65.84,1.00,-1,-1,-1
275,99,418.75,176.28,20.90,66.38,1.00,-1,-1,-1
276,99,415.13,174.08,22.23,69.56,1.00,-1,-1,-1
277,99,411.50,171.88,23.56,72.75,1.00,-1,-1,-1
278,99,407.88,169.69,24.89,75.93,1.00,-1,-1,-1
279,99,404.26,167.49,26.22,79.11,1.00,-1,-1,-1
280,99,401.82,167.77,31.74,81.81,1.00,-1,-1,-1
281,99,394.88,168.62,31.43,85.66,1.00,-1,-1,-1
282,99,387.95,169.46,31.13,89.50,1.00,-1,-1,-1
283,99,383.92,169.20,32.67,93.87,1.00,-1,-1,-1
284,99,375.50,168.51,30.97,98.57,1.00,-1,-1,-1
285,99,362.69,167.37,36.38,104.59,1.00,-1,-1,-1
286,99,352.31,166.60,38.02,109.88,1.00,-1,-1,-1
287,99,340.05,168.91,37.74,116.18,1.00,-1,-1,-1
288,99,322.59,166.71,39.43,126.95,1.00,-1,-1,-1
289,99,301.43,163.89,46.12,136.25,1.00,-1,-1,-1
290,99,281.59,161.78,46.12,147.23,1.00,-1,-1,-1
291,99,251.56,159.33,55.93,163.12,1.00,-1,-1,-1
292,99,221.21,159.37,59.26,178.94,1.00,-1,-1,-1
293,99,183.40,156.50,64.49,198.34,1.00,-1,-1,-1
294,99,129.37,154.79,79.96,220.20,1.00,-1,-1,-1
295,99,70.23,152.39,88.78,222.61,1.00,-1,-1,-1
296,99,0.00,147.45,103.65,227.55,1.00,-1,-1,-1
277,103,635.61,173.45,21.09,59.33,1.00,-1,-1,-1
278,103,640.69,170.23,22.70,61.96,1.00,-1,-1,-1
279,103,645.93,169.43,22.44,63.98,1.00,-1,-1,-1
280,103,652.15,169.46,22.85,66.33,1.00,-1,-1,-1
281,103,656.29,171.19,23.57,68.54,1.00,-1,-1,-1
282,103,662.38,172.27,24.55,70.50,1.00,-1,-1,-1
283,103,669.28,170.75,25.09,74.01,1.00,-1,-1,-1
284,103,675.03,168.85,26.50,77.69,1.00,-1,-1,-1
285,103,681.60,168.78,27.53,81.28,1.00,-1,-1,-1
286,103,687.47,169.10,29.16,84.09,1.00,-1,-1,-1
287,103,694.45,169.52,30.41,88.84,1.00,-1,-1,-1
288,103,702.95,168.18,30.75,93.73,1.00,-1,-1,-1
289,103,709.66,167.15,31.11,98.45,1.00,-1,-1,-1
290,103,716.34,165.81,35.93,103.11,1.00,-1,-1,-1
291,103,726.11,164.07,37.80,109.53,1.00,-1,-1,-1
292,103,737.12,162.99,40.13,117.12,1.00,-1,-1,-1
293,103,748.27,161.94,44.14,127.66,1.00,-1,-1,-1
294,103,760.29,160.66,47.30,135.73,1.00,-1,-1,-1
295,103,775.20,159.41,53.39,147.69,1.00,-1,-1,-1
296,103,793.14,158.58,57.47,158.15,1.00,-1,-1,-1
297,103,814.57,157.69,63.91,174.87,1.00,-1,-1,-1
298,103,838.53,156.17,70.60,193.22,1.00,-1,-1,-1
299,103,869.01,154.55,80.93,217.36,1.00,-1,-1,-1
300,103,900.27,155.04,91.40,219.96,1.00,-1,-1,-1
301,103,947.25,153.77,102.12,221.23,1.00,-1,-1,-1
302,103,1014.76,150.63,113.72,224.37,1.00,-1,-1,-1
303,103,1097.16,144.41,143.15,230.59,1.00,-1,-1,-1
293,113,532.69,170.93,17.07,42.10,1.00,-1,-1,-1
294,113,532.93,170.17,16.87,42.23,1.00,-1,-1,-1
295,113,533.22,170.68,16.88,42.11,1.00,-1,-1,-1
296,113,531.53,168.47,17.75,45.48,1.00,-1,-1,-1
297,113,531.81,168.75,16.55,45.35,1.00,-1,-1,-1
298,113,529.54,168.99,16.94,46.33,1.00,-1,-1,-1
299,113,527.28,169.23,17.32,47.32,1.00,-1,-1,-1
300,113,525.01,169.47,17.71,48.30,1.00,-1,-1,-1
301,113,522.74,169.71,18.10,49.28,1.00,-1,-1,-1
302,113,520.47,169.95,18.49,50.26,1.00,-1,-1,-1
303,113,518.21,170.19,18.87,51.25,1.00,-1,-1,-1
304,113,515.94,170.43,19.26,52.23,1.00,-1,-1,-1
305,113,513.43,169.24,20.24,55.60,1.00,-1,-1,-1
306,113,510.87,169.62,19.52,57.48,1.00,-1,-1,-1
307,113,505.37,168.09,23.40,59.20,1.00,-1,-1,-1
308,113,503.76,167.08,23.43,61.28,1.00,-1,-1,-1
309,113,501.74,168.92,25.41,63.03,1.00,-1,-1,-1
310,113,498.44,172.65,24.15,62.10,1.00,-1,-1,-1
311,113,495.73,173.60,24.65,63.23,1.00,-1,-1,-1
312,113,493.94,171.66,27.78,66.78,1.00,-1,-1,-1
313,113,489.98,166.48,24.65,71.35,1.00,-1,-1,-1
314,113,485.76,165.24,28.81,72.76,1.00,-1,-1,-1
315,113,481.21,165.85,28.72,73.23,1.00,-1,-1,-1
316,113,476.55,165.45,29.90,75.05,1.00,-1,-1,-1
317,113,469.95,165.89,30.10,79.10,1.00,-1,-1,-1
318,113,465.79,165.98,36.08,82.75,1.00,-1,-1,-1
319,113,458.00,167.95,34.88,85.47,1.00,-1,-1,-1
320,113,453.23,169.65,31.71,90.07,1.00,-1,-1,-1
321,113,448.14,170.37,33.20,91.37,1.00,-1,-1,-1
322,113,442.03,169.02,36.67,95.74,1.00,-1,-1,-1
323,113,436.93,167.14,37.12,98.69,1.00,-1,-1,-1
324,113,428.94,167.51,40.45,103.84,1.00,-1,-1,-1
325,113,422.57,167.99,42.30,108.77,1.00,-1,-1,-1
326,113,413.25,169.90,42.71,114.37,1.00,-1,-1,-1
327,113,400.94,171.22,48.33,121.07,1.00,-1,-1,-1
328,113,388.37,169.74,48.76,126.43,1.00,-1,-1,-1
329,113,375.42,166.48,49.47,134.79,1.00,-1,-1,-1
330,113,358.76,166.69,53.56,143.06,1.00,-1,-1,-1
331,113,339.00,170.68,58.63,150.54,1.00,-1,-1,-1
332,113,318.89,172.59,61.75,162.06,1.00,-1,-1,-1
333,113,297.31,170.34,66.29,173.67,1.00,-1,-1,-1
334,113,274.90,167.29,66.50,183.64,1.00,-1,-1,-1
335,113,248.52,167.71,73.51,201.34,1.00,-1,-1,-1
336,113,215.51,169.74,79.70,205.26,1.00,-1,-1,-1
337,113,172.56,166.62,88.73,208.38,1.00,-1,-1,-1
338,113,129.61,163.51,97.76,211.49,1.00,-1,-1,-1
299,116,771.83,168.02,28.49,54.17,1.00,-1,-1,-1
300,116,779.20,168.84,30.04,56.62,1.00,-1,-1,-1
301,116,788.71,169.04,28.48,58.43,1.00,-1,-1,-1
302,116,792.93,169.08,32.86,60.63,1.00,-1,-1,-1
303,116,801.42,168.68,34.18,62.03,1.00,-1,-1,-1
304,116,809.70,168.31,35.66,64.75,1.00,-1,-1,-1
305,116,817.99,167.94,37.15,67.46,1.00,-1,-1,-1
306,116,827.08,167.35,39.24,69.90,1.00,-1,-1,-1
307,116,837.95,166.17,41.97,73.13,1.00,-1,-1,-1
308,116,849.48,166.01,43.62,76.71,1.00,-1,-1,-1
309,116,861.56,165.06,45.70,80.51,1.00,-1,-1,-1
310,116,874.99,166.40,44.22,84.42,1.00,-1,-1,-1
311,116,890.03,166.06,47.41,88.47,1.00,-1,-1,-1
312,116,905.03,163.82,54.18,98.54,1.00,-1,-1,-1
313,116,923.20,162.48,58.56,101.01,1.00,-1,-1,-1
314,116,942.37,160.28,63.16,106.97,1.00,-1,-1,-1
315,116,965.08,156.97,68.57,114.82,1.00,-1,-1,-1
316,116,990.01,155.50,75.17,120.62,1.00,-1,-1,-1
317,116,1020.04,154.14,80.02,130.15,1.00,-1,-1,-1
318,116,1052.88,152.07,88.42,141.03,1.00,-1,-1,-1
319,116,1092.50,154.34,95.07,152.72,1.00,-1,-1,-1
320,116,1140.02,152.99,98.76,166.40,1.00,-1,-1,-1
301,117,539.49,176.20,18.13,45.72,1.00,-1,-1,-1
302,117,538.73,175.61,18.33,47.21,1.00,-1,-1,-1
303,117,536.05,173.81,19.36,50.86,1.00,-1,-1,-1
304,117,534.59,174.53,18.66,50.96,1.00,-1,-1,-1
305,117,532.10,172.73,20.01,53.09,1.00,-1,-1,-1
306,117,530.41,173.22,19.57,53.66,1.00,-1,-1,-1
307,117,527.16,173.45,21.76,54.07,1.00,-1,-1,-1
308,117,525.32,172.95,21.84,57.64,1.00,-1,-1,-1
309,117,521.70,174.72,22.63,58.05,1.00,-1,-1,-1
310,117,517.50,176.59,24.26,58.59,1.00,-1,-1,-1
311,117,514.95,176.49,23.78,60.79,1.00,-1,-1,-1
312,117,510.43,175.31,25.15,62.92,1.00,-1,-1,-1
313,117,507.98,173.26,26.85,65.08,1.00,-1,-1,-1
314,117,505.34,169.20,27.84,70.42,1.00,-1,-1,-1
315,117,501.70,168.90,26.27,71.90,1.00,-1,-1,-1
316,117,499.08,168.12,28.65,73.69,1.00,-1,-1,-1
317,117,493.27,167.56,33.80,76.85,1.00,-1,-1,-1
318,117,489.24,169.66,35.54,78.98,1.00,-1,-1,-1
319,117,486.67,172.02,33.65,81.64,1.00,-1,-1,-1
320,117,481.90,173.35,34.75,84.57,1.00,-1,-1,-1
321,117,478.36,172.81,33.70,87.29,1.00,-1,-1,-1
322,117,470.93,172.20,33.80,89.84,1.00,-1,-1,-1
323,117,465.74,170.76,33.24,94.42,1.00,-1,-1,-1
324,117,461.87,173.49,36.46,97.18,1.00,-1,-1,-1
325,117,452.68,174.60,43.50,101.89,1.00,-1,-1,-1
326,117,449.33,174.28,42.48,109.35,1.00,-1,-1,-1
327,117,437.86,173.79,51.59,113.73,1.00,-1,-1,-1
328,117,429.72,173.09,54.27,120.84,1.00,-1,-1,-1
329,117,418.35,174.36,53.04,127.12,1.00,-1,-1,-1
330,117,402.10,175.57,56.30,136.06,1.00,-1,-1,-1
331,117,386.81,176.95,55.81,143.78,1.00,-1,-1,-1
332,117,371.51,178.33,55.32,151.51,1.00,-1,-1,-1
333,117,350.90,176.14,61.94,162.08,1.00,-1,-1,-1
334,117,322.51,176.75,68.30,175.76,1.00,-1,-1,-1
335,117,303.26,181.44,70.52,187.79,1.00,-1,-1,-1
336,117,271.31,181.16,84.37,193.84,1.00,-1,-1,-1
337,117,238.56,175.56,87.48,199.44,1.00,-1,-1,-1
310,120,459.59,168.32,21.25,46.64,1.00,-1,-1,-1
311,120,456.05,167.26,22.01,50.44,1.00,-1,-1,-1
312,120,452.88,165.93,22.18,51.85,1.00,-1,-1,-1
313,120,450.46,166.13,23.05,51.40,1.00,-1,-1,-1
314,120,446.30,165.27,23.25,50.89,1.00,-1,-1,-1
315,120,442.64,162.05,24.32,53.68,1.00,-1,-1,-1
316,120,437.68,161.80,24.63,54.33,1.00,-1,-1,-1
317,120,433.44,162.64,26.91,56.66,1.00,-1,-1,-1
318,120,428.19,164.75,25.29,56.88,1.00,-1,-1,-1
319,120,423.09,167.87,28.59,57.89,1.00,-1,-1,-1
320,120,417.45,167.36,28.21,60.75,1.00,-1,-1,-1
321,120,411.51,166.43,32.06,62.45,1.00,-1,-1,-1
322,120,406.01,165.59,32.11,64.39,1.00,-1,-1,-1
323,120,400.78,163.90,33.09,68.17,1.00,-1,-1,-1
324,120,393.94,164.35,31.57,70.03,1.00,-1,-1,-1
325,120,387.11,165.27,34.25,72.18,1.00,-1,-1,-1
326,120,379.03,164.97,36.04,76.17,1.00,-1,-1,-1
327,120,369.94,165.22,37.31,78.80,1.00,-1,-1,-1
328,120,359.91,166.60,39.08,81.89,1.00,-1,-1,-1
329,120,347.60,165.40,39.16,86.10,1.00,-1,-1,-1
330,120,333.09,164.50,38.49,90.38,1.00,-1,-1,-1
331,120,317.87,165.59,38.07,93.33,1.00,-1,-1,-1
332,120,299.99,167.12,38.12,97.98,1.00,-1,-1,-1
311,121,636.62,167.90,18.65,46.75,1.00,-1,-1,-1
312,121,639.75,166.92,17.58,48.71,1.00,-1,-1,-1
313,121,644.03,166.19,16.73,49.22,1.00,-1,-1,-1
314,121,647.67,163.87,17.46,50.80,1.00,-1,-1,-1
315,121,651.32,161.54,18.19,52.37,1.00,-1,-1,-1
316,121,652.70,161.27,18.54,54.42,1.00,-1,-1,-1
317,121,655.83,162.94,18.75,52.97,1.00,-1,-1,-1
318,121,659.22,162.63,19.63,58.47,1.00,-1,-1,-1
319,121,663.72,165.92,20.21,57.25,1.00,-1,-1,-1
320,121,668.64,164.12,21.71,59.20,1.00,-1,-1,-1
321,121,671.72,161.31,22.80,65.88,1.00,-1,-1,-1
322,121,677.66,160.31,22.70,65.07,1.00,-1,-1,-1
323,121,683.06,157.93,27.79,70.89,1.00,-1,-1,-1
324,121,689.73,157.22,26.25,75.25,1.00,-1,-1,-1
325,121,694.45,159.62,30.63,76.07,1.00,-1,-1,-1
326,121,701.59,158.76,29.92,79.22,1.00,-1,-1,-1
327,121,707.52,157.67,31.62,84.39,1.00,-1,-1,-1
328,121,714.57,156.06,33.27,89.03,1.00,-1,-1,-1
329,121,721.67,157.57,34.13,91.43,1.00,-1,-1,-1
330,121,726.90,156.38,39.34,95.93,1.00,-1,-1,-1
331,121,730.87,155.16,37.53,99.66,1.00,-1,-1,-1
332,121,737.57,156.62,36.90,102.98,1.00,-1,-1,-1
333,121,741.94,156.24,40.35,109.11,1.00,-1,-1,-1
334,121,752.01,152.89,40.18,119.07,1.00,-1,-1,-1
335,121,757.32,152.03,47.29,125.81,1.00,-1,-1,-1
336,121,768.81,150.15,50.28,131.84,1.00,-1,-1,-1
337,121,778.51,145.91,59.67,141.98,1.00,-1,-1,-1
338,121,788.05,146.96,62.64,149.25,1.00,-1,-1,-1
320,125,697.54,165.77,21.72,60.29,1.00,-1,-1,-1
321,125,701.29,160.44,22.93,65.81,1.00,-1,-1,-1
322,125,707.97,160.49,24.32,67.90,1.00,-1,-1,-1
323,125,714.53,157.91,27.31,71.12,1.00,-1,-1,-1
324,125,721.53,158.66,25.64,73.94,1.00,-1,-1,-1
325,125,727.59,158.16,28.26,78.33,1.00,-1,-1,-1
326,125,735.88,159.42,28.01,80.84,1.00,-1,-1,-1
327,125,741.97,156.27,32.08,86.24,1.00,-1,-1,-1
328,125,751.41,155.96,31.72,90.05,1.00,-1,-1,-1
329,125,759.46,155.64,32.81,92.04,1.00,-1,-1,-1
330,125,766.25,154.16,34.42,96.60,1.00,-1,-1,-1
331,125,771.94,155.52,41.27,99.07,1.00,-1,-1,-1
332,125,773.58,153.05,53.38,107.97,1.00,-1,-1,-1
333,125,787.20,153.86,49.41,114.84,1.00,-1,-1,-1
334,125,798.64,152.51,47.74,120.62,1.00,-1,-1,-1
335,125,809.93,151.19,49.03,127.68,1.00,-1,-1,-1
336,125,826.19,146.12,51.50,137.97,1.00,-1,-1,-1
337,125,845.35,144.53,53.19,146.08,1.00,-1,-1,-1
338,125,861.91,144.11,56.72,150.93,1.00,-1,-1,-1