170 7 294.00003000000004 183.0 36.000612000000004 21.0 1 1 1
170 23 553.0005 183.0 14.999633999999999 13.000125 1 1 1
171 7 288.99973800000004 181.999875 37.000422 22.000125 1 1 1
171 23 551.999448 181.999875 15.999443999999999 13.000125 1 1 1
172 7 282.999636 181.000125 39.999852 22.999875 1 1 1
172 23 550.999638 181.000125 18.000306000000002 13.999875 1 1 1
173 7 278.000586 181.000125 39.000042 22.999875 1 1 1
173 23 549.999828 181.000125 18.000306000000002 13.999875 1 1 1
174 7 273.000294 181.999875 41.999472 22.000125 1 1 1
174 23 549.000018 181.000125 19.000116000000002 15.0 1 1 1
175 7 266.000382 181.000125 44.000334 21.0 1 1 1
175 23 548.000208 181.000125 20.999736 15.0 1 1 1
176 7 261.00009 181.999875 40.999662 21.0 1 1 1
176 23 548.000208 181.000125 20.999736 16.000124999999997 1 1 1
177 7 248.999886 183.0 51.000246000000004 22.999875 1 1 1
177 23 546.000588 181.000125 23.000598 16.999875 1 1 1
178 7 244.999404 183.0 48.999384 24.0 1 1 1
178 23 543.999726 181.999875 24.000408 16.999875 1 1 1
179 7 235.99987199999998 181.999875 52.000056 25.000125 1 1 1
179 23 542.999916 180.0 25.000218 19.000124999999997 1 1 1
180 7 226.00053 180.0 54.999486000000005 25.000125 1 1 1
180 23 541.0002959999999 178.999875 25.000218 19.000124999999997 1 1 1
181 7 215.00013600000003 180.0 57.000347999999995 25.999875000000003 1 1 1
181 23 538.999434 178.000125 26.000028 19.999875 1 1 1
182 7 206.000604 180.0 58.000158 26.999999999999996 1 1 1
182 23 536.000004 178.000125 28.999458 21.0 1 1 1
182 22 560.000412 177.0 14.999633999999999 13.999875 1 1 1
183 7 201.000312 181.000125 51.000246000000004 28.000125 1 1 1
183 23 533.000574 178.999875 31.00032 22.000125 1 1 1
183 22 560.000412 178.000125 14.999633999999999 13.999875 1 1 1
184 7 181.000386 181.999875 67.9995 28.000125 1 1 1
184 23 529.999902 180.0 32.99994 22.000125 1 1 1
184 22 559.000602 178.000125 15.999443999999999 13.999875 1 1 1
185 7 168.000372 181.999875 71.999982 28.000125 1 1 1
185 23 525.99942 178.999875 33.99975 22.999875 1 1 1
185 22 557.99955 177.0 17.000496000000002 15.0 1 1 1
186 7 154.00054799999998 181.999875 77.00027399999999 30.0 1 1 1
186 23 522.99999 178.999875 36.000612000000004 25.000125 1 1 1
186 22 556.99974 177.0 18.000306000000002 15.0 1 1 1
187 7 139.999482 183.0 79.999704 31.000125 1 1 1
187 23 518.999508 180.0 38.000232000000004 25.999875000000003 1 1 1
187 22 555.0001199999999 178.000125 19.000116000000002 15.0 1 1 1
188 7 124.999848 183.0 84.000186 31.999875000000003 1 1 1
188 23 514.000458 181.000125 39.999852 28.000125 1 1 1
188 22 555.0001199999999 178.000125 19.000116000000002 16.000124999999997 1 1 1
189 7 108.000594 184.000125 89.000478 33.0 1 1 1
189 23 508.000356 181.999875 44.000334 28.999875 1 1 1
189 22 553.0005 178.999875 19.999926 16.000124999999997 1 1 1
190 7 87.999426 186.0 96.00039000000001 34.999875 1 1 1
190 23 501.000444 184.000125 46.999764 31.000125 1 1 1
190 22 551.999448 180.0 20.999736 16.999875 1 1 1
191 7 70.000362 187.999875 102.00049200000001 36.0 1 1 1
191 23 492.99948 184.999875 52.000056 34.000125 1 1 1
191 22 550.999638 181.000125 21.999546 18.0 1 1 1
192 7 52.000056 187.999875 103.000302 18.0 1 1 1
192 23 482.00032799999997 184.999875 57.000347999999995 39.0 1 1 1
192 22 549.999828 181.000125 21.999546 18.0 1 1 1
193 7 25.000218 187.999875 117.000126 39.0 1 1 1
193 23 470.00012399999997 186.0 63.00045 42.0 1 1 1
193 22 548.000208 180.0 23.000598 19.000124999999997 1 1 1
194 7 0.9998100000000001 187.000125 121.000608 40.999875 1 1 1
194 23 452.99962800000003 187.000125 71.999982 48.0 1 1 1
194 22 546.000588 181.000125 25.000218 19.999875 1 1 1
195 7 0.0 187.000125 103.000302 43.999875 1 1 1
195 23 432.999702 187.000125 83.000376 55.999874999999996 1 1 1
195 22 543.999726 181.000125 26.000028 21.0 1 1 1
196 7 0.0 186.0 80.99951399999999 45.0 1 1 1
196 23 405.00005400000003 187.000125 100.99944 64.99987499999999 1 1 1
196 22 541.0002959999999 180.0 27.999648 22.000125 1 1 1
197 7 0.0 186.0 58.000158 40.999875 1 1 1
197 23 366.000012 187.999875 124.000038 78.0 1 1 1
197 22 537.999624 178.999875 28.999458 24.0 1 1 1
198 7 0.0 190.000125 30.00051 37.999875 1 1 1
198 23 307.000044 189.0 162.00027 94.99987499999999 1 1 1
198 22 534.000384 178.999875 31.00032 25.000125 1 1 1
199 23 208.000224 192.0 230.99957999999998 124.999875 1 1 1
199 22 529.999902 180.0 32.99994 25.999875000000003 1 1 1
200 23 14.999633999999999 196.99987500000003 379.000026 178.000125 1 1 1
200 22 524.99961 181.000125 34.99956 26.999999999999996 1 1 1
201 23 0.0 207.00000000000003 318.00043800000003 168.0 1 1 1
201 22 520.00056 180.0 38.000232000000004 30.0 1 1 1
202 23 0.0 274.00012499999997 152.999496 100.999875 1 1 1
202 22 512.999406 178.999875 40.999662 31.000125 1 1 1
203 22 505.999494 178.000125 45.000144 34.000125 1 1 1
204 22 496.999962 178.000125 48.999384 37.999875 1 1 1
205 22 487.00062 178.999875 54.999486000000005 40.999875 1 1 1
206 22 472.999554 178.000125 61.999398 45.0 1 1 1
207 22 457.99992 175.999875 70.000362 52.000125000000004 1 1 1
208 22 437.000184 177.0 80.99951399999999 60.0 1 1 1
209 22 409.000536 180.0 97.0002 69.0 1 1 1
210 22 370.00049399999995 181.999875 118.99974599999999 82.000125 1 1 1
211 22 311.000526 183.0 155.000358 103.000125 1 1 1
212 22 214.000326 183.0 219.000618 130.999875 1 1 1
213 22 18.000306000000002 181.999875 359.99990999999994 193.000125 1 1 1
214 22 0.0 187.999875 275.999724 187.000125 1 1 1
241 38 398.999952 181.000125 24.000408 13.999875 1 1 1
242 38 394.99947000000003 181.000125 25.000218 16.000124999999997 1 1 1
243 38 390.00042 181.000125 26.000028 16.000124999999997 1 1 1
244 38 385.999938 181.000125 26.000028 16.000124999999997 1 1 1
245 38 380.999646 181.000125 26.999838 16.999875 1 1 1
246 38 374.99954399999996 180.0 30.00051 16.999875 1 1 1
247 38 370.00049399999995 181.000125 30.00051 16.999875 1 1 1
248 38 363.000582 181.999875 31.00032 18.0 1 1 1
249 38 358.00028999999995 184.000125 32.00013 18.0 1 1 1
250 38 351.000378 184.000125 32.99994 19.000124999999997 1 1 1
251 38 344.000466 184.000125 26.999838 19.000124999999997 1 1 1
257 38 295.99965000000003 184.999875 41.999472 24.0 1 1 1
258 38 285.000498 181.999875 45.000144 24.0 1 1 1
259 38 274.000104 181.000125 46.999764 24.0 1 1 1
260 38 261.9999 183.0 50.000436 25.000125 1 1 1
261 38 248.999886 184.000125 52.000056 25.999875000000003 1 1 1
262 38 235.99987199999998 181.000125 53.999676 28.000125 1 1 1
263 38 221.00023800000002 180.0 58.000158 28.000125 1 1 1
264 38 203.999742 178.000125 60.999587999999996 28.999875 1 1 1
264 33 564.999462 175.999875 14.999633999999999 13.000125 1 1 1
265 38 184.999626 178.999875 65.99988 30.0 1 1 1
265 33 562.9998420000001 175.999875 14.999633999999999 15.0 1 1 1
266 38 164.9997 178.999875 70.000362 31.999875000000003 1 1 1
266 33 560.000412 177.0 15.999443999999999 15.0 1 1 1
267 38 143.000154 180.0 76.00046400000001 34.000125 1 1 1
267 33 557.99955 177.0 17.000496000000002 16.000124999999997 1 1 1
268 33 555.0001199999999 178.000125 19.000116000000002 16.000124999999997 1 1 1
269 38 95.00058 181.000125 85.99980599999999 37.000125000000004 1 1 1
269 33 553.0005 177.0 19.999926 16.999875 1 1 1
270 38 66.99969 181.999875 93.999528 39.0 1 1 1
270 33 549.999828 177.0 23.000598 18.0 1 1 1
271 38 34.99956 181.999875 103.000302 40.999875 1 1 1
271 33 547.000398 177.0 25.000218 19.000124999999997 1 1 1
272 38 1.9996200000000002 183.0 110.00021400000001 43.999875 1 1 1
272 33 544.9995359999999 177.0 26.000028 21.0 1 1 1
273 38 0.0 184.999875 84.000186 46.999875 1 1 1
273 33 542.999916 177.0 26.999838 22.000125 1 1 1
274 38 0.0 186.0 52.000056 43.000125000000004 1 1 1
274 33 538.999434 178.000125 30.00051 22.000125 1 1 1
275 33 534.000384 178.000125 32.00013 22.999875 1 1 1
276 33 529.999902 178.999875 33.99975 24.0 1 1 1
277 33 524.99961 178.999875 37.000422 25.999875000000003 1 1 1
278 33 518.999508 178.999875 39.999852 28.000125 1 1 1
279 33 511.999596 178.999875 43.000524 30.0 1 1 1
280 33 504.999684 180.0 45.000144 31.999875000000003 1 1 1
281 33 495.000342 181.000125 51.000246000000004 34.999875 1 1 1
282 33 483.99994799999996 181.000125 56.000538 40.999875 1 1 1
283 33 470.00012399999997 181.999875 63.00045 43.999875 1 1 1
284 33 452.99962800000003 181.999875 71.000172 49.999875 1 1 1
285 33 431.000082 183.0 83.000376 58.000125 1 1 1
286 33 399.999762 184.999875 100.99944 66.0 1 1 1
287 33 357.00048 186.0 126.999468 81.0 1 1 1
288 33 292.00041 187.000125 167.000562 102.00000000000001 1 1 1
289 33 178.999524 189.0 244.999404 136.000125 1 1 1
290 33 0.0 193.999875 371.00030399999997 181.000125 1 1 1
291 33 0.0 205.000125 267.000192 169.999875 1 1 1
