5 118 752.99976 168.0 15.999443999999999 46.999875 1 1 1
5 0 773.9994959999999 169.999875 13.000014 43.999875 1 1 1
6 118 756.000432 168.0 17.000496000000002 48.0 1 1 1
6 0 777.9999779999999 169.999875 13.000014 45.0 1 1 1
7 118 758.9998619999999 166.999875 17.000496000000002 49.999875 1 1 1
7 0 780.999408 169.999875 13.000014 46.000125 1 1 1
8 118 762.000534 166.999875 17.000496000000002 52.000125000000004 1 1 1
8 0 784.9998899999999 169.000125 15.999443999999999 49.000125000000004 1 1 1
9 118 765.999774 166.000125 17.000496000000002 52.000125000000004 1 1 1
9 0 789.000372 168.0 15.999443999999999 49.999875 1 1 1
10 118 770.0002559999999 163.999875 18.000306000000002 55.999874999999996 1 1 1
10 0 792.999612 163.999875 17.000496000000002 52.999874999999996 1 1 1
11 118 775.0005480000001 163.000125 19.999926 57.0 1 1 1
11 0 799.999524 166.000125 19.000116000000002 53.99999999999999 1 1 1
12 118 780.999408 162.0 20.999736 60.0 1 1 1
12 0 808.000488 166.000125 17.000496000000002 55.999874999999996 1 1 1
13 118 789.000372 162.0 20.999736 63.00000000000001 1 1 1
13 0 815.0004 166.000125 19.999926 58.000125 1 1 1
14 118 797.000094 166.999875 21.999546 63.00000000000001 1 1 1
14 0 825.999552 166.999875 19.000116000000002 61.999875 1 1 1
15 118 805.999626 168.0 24.000408 67.000125 1 1 1
15 0 836.999946 169.000125 20.999736 64.99987499999999 1 1 1
16 118 811.999728 169.000125 27.999648 70.999875 1 1 1
16 0 847.00053 172.000125 26.999838 67.000125 1 1 1
17 118 825.999552 169.000125 26.999838 73.999875 1 1 1
17 0 862.000164 172.999875 24.000408 70.999875 1 1 1
18 118 838.999566 168.0 27.999648 78.0 1 1 1
18 0 877.999608 171.0 23.000598 73.999875 1 1 1
19 118 854.000442 166.000125 31.00032 82.000125 1 1 1
19 0 895.0001040000001 168.0 24.000408 79.000125 1 1 1
20 118 869.000076 160.999875 31.00032 88.99987499999999 1 1 1
20 0 909.9997380000001 163.000125 27.999648 84.0 1 1 1
21 118 883.99971 157.000125 32.99994 94.000125 1 1 1
21 0 928.000044 160.000125 28.999458 90.0 1 1 1
22 118 902.999826 156.0 34.99956 100.999875 1 1 1
22 0 948.9997800000001 160.000125 32.99994 96.0 1 1 1
23 118 916.99965 159.0 45.999954 107.99999999999999 1 1 1
23 0 974.999808 166.000125 32.99994 100.999875 1 1 1
24 118 936.9995759999999 163.000125 53.999676 115.00012500000001 1 1 1
24 0 1005.000318 168.0 33.99975 112.00012500000001 1 1 1
25 118 962.999604 163.999875 60.999587999999996 124.000125 1 1 1
25 0 1039.9998779999999 163.000125 39.999852 123.0 1 1 1
26 118 989.9994419999999 160.999875 70.000362 136.000125 1 1 1
26 0 1078.99992 162.0 51.000246000000004 133.000125 1 1 1
27 118 1035.9993960000002 153.0 67.9995 150.0 1 1 1
27 0 1124.9998739999999 156.0 73.999602 147.0 1 1 1
28 118 1095.0006059999998 147.0 67.9995 166.000125 1 1 1
28 0 1177.99974 151.999875 64.00026 162.0 1 1 1
29 118 1157.000004 148.000125 84.999996 187.999875 1 1 1
59 122 732.000024 166.000125 10.000584 55.999874999999996 1 1 1
60 122 733.999644 166.000125 10.000584 58.000125 1 1 1
61 122 734.9994539999999 166.000125 11.000394 58.999875 1 1 1
62 122 736.0005060000001 165.0 11.000394 61.999875 1 1 1
63 122 738.9999359999999 166.000125 11.000394 63.00000000000001 1 1 1
64 122 740.999556 163.999875 12.000204 66.0 1 1 1
65 122 743.000418 162.0 13.999824 69.0 1 1 1
65 123 889.9998119999999 169.000125 31.00032 73.000125 1 1 1
66 122 745.9998479999999 160.000125 13.999824 72.0 1 1 1
66 123 897.9995339999999 168.0 32.99994 75.0 1 1 1
67 122 745.9998479999999 157.999875 18.000306000000002 76.00012500000001 1 1 1
67 123 913.00041 165.0 27.999648 79.999875 1 1 1
68 122 750.00033 160.000125 19.000116000000002 76.99987499999999 1 1 1
68 124 1108.00062 154.000125 54.999486000000005 82.000125 1 1 1
68 123 929.999664 168.0 24.000408 82.000125 1 1 1
69 122 753.99957 162.0 19.999926 79.999875 1 1 1
69 124 1137.999888 154.999875 54.999486000000005 124.000125 1 1 1
69 123 941.999868 169.999875 23.000598 85.999875 1 1 1
69 125 914.0002199999999 166.000125 28.999458 82.000125 1 1 1
70 122 756.000432 163.999875 20.999736 84.0 1 1 1
70 124 1170.000018 154.999875 64.00026 112.00012500000001 1 1 1
70 123 956.999502 169.999875 25.000218 91.999875 1 1 1
70 125 928.9998539999999 168.0 31.00032 85.000125 1 1 1
71 122 760.999482 163.000125 21.999546 88.000125 1 1 1
71 124 1209.00006 154.000125 32.99994 81.0 1 1 1
71 123 972.000378 169.999875 27.999648 96.0 1 1 1
71 125 940.0002479999999 166.999875 39.000042 90.0 1 1 1
72 122 765.999774 162.0 23.000598 91.000125 1 1 1
72 123 992.000304 168.0 28.999458 103.000125 1 1 1
72 125 959.000364 166.999875 36.000612000000004 94.000125 1 1 1
73 122 771.999876 160.000125 23.000598 97.99987499999999 1 1 1
73 123 1011.00042 166.000125 32.00013 111.0 1 1 1
73 125 984.0005819999999 166.000125 30.00051 100.999875 1 1 1
74 122 777.000168 157.000125 26.000028 103.999875 1 1 1
74 123 1032.999966 165.0 37.000422 117.0 1 1 1
74 125 1011.00042 163.000125 24.000408 106.000125 1 1 1
75 122 784.00008 157.000125 31.00032 109.999875 1 1 1
75 123 1064.000286 165.0 37.000422 126.00000000000001 1 1 1
76 122 791.999802 157.999875 32.99994 115.00012500000001 1 1 1
76 123 1100.999466 163.000125 39.000042 136.000125 1 1 1
76 125 1052.000082 165.0 27.999648 106.999875 1 1 1
77 122 802.000386 157.999875 36.000612000000004 123.0 1 1 1
77 125 1078.99992 163.999875 40.999662 127.000125 1 1 1
77 99 805.999626 157.000125 37.000422 100.999875 1 1 1
78 122 812.9995379999999 157.000125 32.00013 132.0 1 1 1
78 125 1117.999962 160.999875 52.999866000000004 142.000125 1 1 1
78 99 819.9994499999999 157.999875 39.000042 103.999875 1 1 1
79 122 818.99964 157.000125 39.999852 142.000125 1 1 1
79 125 1161.0004860000001 162.0 64.00026 148.000125 1 1 1
79 99 849.0001500000001 159.0 26.000028 115.00012500000001 1 1 1
80 122 840.0006179999999 154.999875 40.999662 154.999875 1 1 1
80 125 1207.00044 163.999875 34.99956 166.999875 1 1 1
80 99 864.999594 160.000125 27.999648 123.0 1 1 1
81 122 855.0002519999999 151.000125 47.999574 168.0 1 1 1
81 99 886.0005719999999 159.0 32.00013 130.000125 1 1 1
82 122 869.999886 147.0 57.000347999999995 183.0 1 1 1
82 99 884.99952 154.000125 58.000158 142.000125 1 1 1
82 113 823.999932 202.000125 30.00051 76.00012500000001 1 1 1
83 122 895.0001040000001 144.0 65.00007 202.99987499999997 1 1 1
83 99 939.000438 151.999875 33.99975 145.000125 1 1 1
83 113 837.999756 202.99987499999997 31.00032 85.000125 1 1 1
83 126 870.999696 205.99987499999997 26.000028 82.999875 1 1 1
84 122 928.000044 141.0 74.999412 225.0 1 1 1
84 99 967.000086 147.0 45.000144 166.999875 1 1 1
84 113 856.0000620000001 211.999875 36.000612000000004 88.000125 1 1 1
84 126 890.999622 205.000125 30.00051 94.000125 1 1 1
85 122 968.9997060000001 136.999875 77.00027399999999 238.000125 1 1 1
85 99 1005.000318 145.999875 54.999486000000005 187.000125 1 1 1
85 113 878.9994180000001 215.99999999999997 38.000232000000004 97.000125 1 1 1
85 126 915.99984 208.99987499999997 33.99975 100.000125 1 1 1
86 122 1007.9997480000001 132.0 112.99964399999999 243.0 1 1 1
86 99 1063.000476 192.0 57.000347999999995 181.000125 1 1 1
86 113 904.9994459999999 215.99999999999997 43.000524 109.999875 1 1 1
86 126 945.00054 211.000125 39.999852 112.999875 1 1 1
87 122 1070.000388 126.00000000000001 143.999964 249.0 1 1 1
87 99 1079.99973 180.0 104.000112 190.000125 1 1 1
87 113 939.000438 220.999875 58.999967999999996 120.0 1 1 1
87 126 986.000202 214.999875 59.999778 127.999875 1 1 1
87 110 917.99946 174.0 17.000496000000002 48.0 1 1 1
88 122 1170.999828 112.999875 71.000172 262.000125 1 1 1
88 113 973.999998 226.999875 76.00046400000001 138.0 1 1 1
88 126 1032.999966 222.0 72.999792 141.0 1 1 1
88 110 925.0006139999999 172.999875 18.000306000000002 49.999875 1 1 1
89 113 1031.000346 232.000125 74.999412 142.999875 1 1 1
89 126 1090.000314 228.0 80.99951399999999 147.0 1 1 1
89 110 934.0001460000001 171.0 18.000306000000002 52.999874999999996 1 1 1
90 113 1124.9998739999999 241.000125 69.000552 133.999875 1 1 1
90 126 1175.00031 240.0 66.99969 135.0 1 1 1
90 110 939.000438 178.000125 23.000598 49.000125000000004 1 1 1
90 127 887.000382 171.0 18.000306000000002 53.99999999999999 1 1 1
91 110 949.99959 169.999875 20.999736 60.0 1 1 1
91 127 894.0002939999999 171.0 15.999443999999999 55.000125 1 1 1
92 110 960.999984 166.999875 20.999736 64.99987499999999 1 1 1
92 127 895.999914 169.000125 19.999926 58.000125 1 1 1
93 110 971.000568 166.999875 20.999736 67.999875 1 1 1
93 127 903.999636 172.000125 19.999926 58.000125 1 1 1
94 110 982.9995299999999 168.0 21.999546 70.000125 1 1 1
94 127 909.9997380000001 172.000125 19.999926 61.000125000000004 1 1 1
95 110 994.999734 166.999875 24.000408 72.0 1 1 1
95 127 917.99946 169.999875 19.999926 63.00000000000001 1 1 1
96 110 1008.999558 166.999875 23.000598 76.00012500000001 1 1 1
96 127 925.0006139999999 169.000125 21.999546 66.0 1 1 1
97 110 1022.9993820000001 168.0 26.999838 79.000125 1 1 1
97 127 934.0001460000001 169.000125 23.000598 67.999875 1 1 1
98 110 1037.000448 168.0 30.00051 81.0 1 1 1
98 127 937.9993860000001 169.000125 28.999458 70.000125 1 1 1
99 110 1052.999892 165.0 32.99994 85.999875 1 1 1
99 127 948.9997800000001 169.000125 28.999458 70.999875 1 1 1
100 110 1071.000198 163.999875 34.99956 90.0 1 1 1
100 127 960.000174 169.000125 28.999458 73.000125 1 1 1
101 110 1087.999452 163.000125 39.999852 94.99987499999999 1 1 1
101 127 969.999516 168.0 28.999458 76.00012500000001 1 1 1
102 110 1111.99986 163.999875 40.999662 99.0 1 1 1
102 127 980.99991 166.000125 30.00051 78.0 1 1 1
103 110 1139.9995079999999 160.999875 40.999662 105.00000000000001 1 1 1
103 127 993.999924 163.999875 30.00051 82.000125 1 1 1
104 110 1169.000208 157.999875 41.999472 109.000125 1 1 1
104 127 1005.000318 162.0 32.99994 85.000125 1 1 1
105 110 1193.000616 159.0 48.999384 115.00012500000001 1 1 1
105 127 1019.0001420000001 163.999875 32.00013 87.0 1 1 1
106 110 1228.000176 166.999875 13.999824 49.000125000000004 1 1 1
106 127 1032.999966 166.999875 33.99975 88.99987499999999 1 1 1
107 127 1047.9996 166.000125 36.000612000000004 96.0 1 1 1
108 127 1064.000286 165.0 39.000042 97.000125 1 1 1
109 127 1079.99973 163.000125 45.000144 100.999875 1 1 1
110 127 1100.999466 160.999875 46.999764 106.000125 1 1 1
111 127 1123.000254 162.0 47.999574 112.00012500000001 1 1 1
112 127 1144.9998 163.999875 50.000436 115.999875 1 1 1
113 127 1170.000018 163.000125 51.000246000000004 124.000125 1 1 1
114 127 1195.0002359999999 157.999875 46.999764 127.999875 1 1 1
115 127 1223.999694 163.000125 18.000306000000002 127.999875 1 1 1
207 130 751.99995 184.999875 26.999838 31.000125 1 1 1
208 130 757.000242 187.000125 31.00032 33.0 1 1 1
209 130 764.0001540000001 187.999875 31.00032 31.999875000000003 1 1 1
210 130 772.999686 190.000125 27.999648 31.000125 1 1 1
210 131 719.9998199999999 184.000125 25.000218 53.99999999999999 1 1 1
211 130 777.000168 186.0 24.000408 37.999875 1 1 1
211 131 724.0003019999999 184.999875 26.999838 57.0 1 1 1
212 130 784.00008 187.999875 30.00051 36.0 1 1 1
212 131 730.000404 186.0 24.000408 58.000125 1 1 1
213 130 789.000372 187.999875 30.00051 37.999875 1 1 1
213 131 732.000024 186.0 25.000218 58.999875 1 1 1
214 130 790.999992 181.000125 33.99975 46.999875 1 1 1
214 131 732.999834 184.999875 26.000028 61.000125000000004 1 1 1
215 130 792.999612 175.999875 37.000422 52.999874999999996 1 1 1
215 131 733.999644 181.999875 26.999838 61.999875 1 1 1
216 130 798.999714 169.999875 37.000422 58.999875 1 1 1
216 131 737.000316 178.999875 28.999458 66.0 1 1 1
217 130 804.000006 168.0 39.000042 61.999875 1 1 1
217 131 738.000126 178.000125 31.00032 67.999875 1 1 1
218 130 806.999436 169.999875 40.999662 70.999875 1 1 1
218 131 739.9997460000001 175.999875 31.00032 70.999875 1 1 1
219 130 811.999728 165.0 44.000334 76.99987499999999 1 1 1
219 131 742.0006079999999 178.000125 32.99994 73.000125 1 1 1
220 130 817.0000200000001 163.999875 44.000334 81.0 1 1 1
220 131 744.000228 177.0 36.000612000000004 76.99987499999999 1 1 1
221 130 823.999932 163.999875 45.000144 84.0 1 1 1
221 131 746.9996580000001 178.999875 36.000612000000004 81.0 1 1 1
222 130 822.000312 166.000125 56.000538 99.0 1 1 1
222 131 750.00033 181.000125 38.000232000000004 85.000125 1 1 1
223 130 829.0002239999999 166.000125 59.999778 106.000125 1 1 1
223 131 753.99957 181.999875 40.999662 90.0 1 1 1
224 130 836.000136 163.999875 65.99988 114.0 1 1 1
224 131 765.999774 181.999875 36.000612000000004 97.000125 1 1 1
225 130 847.00053 163.999875 70.000362 121.99987499999999 1 1 1
225 131 767.999394 181.999875 44.000334 102.00000000000001 1 1 1
226 130 857.999682 162.0 74.999412 129.0 1 1 1
226 131 771.999876 178.999875 51.000246000000004 107.99999999999999 1 1 1
227 130 870.999696 163.000125 85.99980599999999 135.0 1 1 1
227 131 784.00008 181.000125 52.000056 115.00012500000001 1 1 1
228 130 886.0005719999999 162.0 87.999426 157.999875 1 1 1
228 131 797.000094 184.999875 57.000347999999995 124.000125 1 1 1
229 130 902.999826 162.0 97.0002 156.0 1 1 1
229 131 805.999626 187.000125 64.00026 136.999875 1 1 1
230 130 921.000132 162.0 104.99992200000001 166.000125 1 1 1
230 131 819.9994499999999 187.000125 70.000362 148.000125 1 1 1
231 130 941.000058 159.0 117.000126 196.000125 1 1 1
231 131 832.999464 186.0 80.99951399999999 162.0 1 1 1
232 130 967.000086 159.0 128.00052 193.000125 1 1 1
232 131 849.99996 187.000125 87.999426 174.0 1 1 1
233 130 995.999544 156.0 143.999964 208.000125 1 1 1
233 131 873.0005580000001 190.999875 96.00039000000001 184.000125 1 1 1
234 130 1031.000346 154.000125 163.99989 220.00012500000003 1 1 1
234 131 908.000118 196.000125 100.99944 178.999875 1 1 1
234 117 737.000316 172.000125 14.999633999999999 42.0 1 1 1
234 114 758.9998619999999 172.000125 15.999443999999999 42.0 1 1 1
235 130 1077.0003 150.0 164.9997 225.0 1 1 1
235 131 941.999868 198.0 122.000418 177.0 1 1 1
235 117 736.0005060000001 172.000125 14.999633999999999 43.999875 1 1 1
235 114 758.000052 174.0 14.999633999999999 42.0 1 1 1
236 130 1155.000384 148.000125 86.999616 226.999875 1 1 1
236 131 998.000406 196.99987500000003 149.000256 178.000125 1 1 1
236 117 736.0005060000001 172.999875 15.999443999999999 43.999875 1 1 1
236 114 754.9993800000001 172.999875 17.000496000000002 43.000125000000004 1 1 1
237 131 1085.999832 198.0 156.000168 177.0 1 1 1
237 117 733.999644 172.000125 15.999443999999999 45.0 1 1 1
237 114 752.99976 171.0 18.000306000000002 43.999875 1 1 1
237 134 1065.999906 162.0 36.000612000000004 100.000125 1 1 1
237 135 1044.00036 172.999875 24.000408 84.0 1 1 1
238 131 1210.9996800000001 301.999875 31.00032 73.000125 1 1 1
238 117 732.999834 171.0 14.999633999999999 46.000125 1 1 1
238 114 751.0001400000001 171.0 17.000496000000002 43.999875 1 1 1
238 134 1078.99992 162.0 38.000232000000004 103.000125 1 1 1
238 135 1056.0005640000002 169.999875 30.00051 88.99987499999999 1 1 1
239 117 730.000404 169.000125 15.999443999999999 48.0 1 1 1
239 114 749.00052 172.000125 15.999443999999999 43.999875 1 1 1
239 134 1091.999934 160.000125 38.000232000000004 106.000125 1 1 1
239 135 1065.999906 166.999875 36.000612000000004 94.000125 1 1 1
240 117 726.999732 166.999875 14.999633999999999 51.00000000000001 1 1 1
240 114 745.000038 169.000125 17.000496000000002 46.999875 1 1 1
240 134 1106.999568 159.0 41.999472 112.00012500000001 1 1 1
240 135 1080.99954 166.999875 34.99956 97.000125 1 1 1
241 117 724.0003019999999 168.0 17.000496000000002 49.999875 1 1 1
241 114 740.999556 169.999875 19.000116000000002 48.0 1 1 1
241 134 1124.9998739999999 157.999875 43.000524 118.000125 1 1 1
241 135 1095.0006059999998 166.000125 38.000232000000004 102.00000000000001 1 1 1
242 117 720.99963 166.999875 17.000496000000002 53.99999999999999 1 1 1
242 114 738.9999359999999 169.999875 19.000116000000002 49.000125000000004 1 1 1
242 134 1143.00018 156.0 52.000056 127.000125 1 1 1
242 135 1111.99986 168.0 38.000232000000004 106.999875 1 1 1
243 117 719.00001 169.000125 15.999443999999999 52.000125000000004 1 1 1
243 114 736.0005060000001 169.000125 21.999546 51.00000000000001 1 1 1
243 134 1163.999916 154.000125 51.000246000000004 135.0 1 1 1
243 135 1130.999976 169.000125 44.000334 112.00012500000001 1 1 1
244 117 716.0005799999999 169.999875 15.999443999999999 52.999874999999996 1 1 1
244 114 732.999834 169.999875 23.000598 52.000125000000004 1 1 1
244 134 1187.000514 159.0 54.999486000000005 136.999875 1 1 1
244 135 1151.999712 169.999875 45.000144 117.0 1 1 1
245 117 712.999908 169.999875 15.999443999999999 55.000125 1 1 1
245 114 731.0002139999999 171.0 21.999546 52.000125000000004 1 1 1
245 134 1215.000162 156.0 26.999838 145.999875 1 1 1
245 135 1176.99993 171.0 47.999574 123.0 1 1 1
246 117 711.000288 169.999875 15.999443999999999 55.999874999999996 1 1 1
246 114 726.999732 171.0 23.000598 53.99999999999999 1 1 1
246 135 1204.999578 175.999875 37.000422 124.999875 1 1 1
247 117 707.999616 169.000125 18.000306000000002 58.000125 1 1 1
247 114 724.0003019999999 171.0 23.000598 55.999874999999996 1 1 1
248 117 707.999616 169.000125 17.000496000000002 58.999875 1 1 1
248 114 723.000492 169.999875 21.999546 58.000125 1 1 1
249 117 705.0001860000001 168.0 19.000116000000002 63.00000000000001 1 1 1
249 114 723.000492 169.000125 21.999546 61.000125000000004 1 1 1
250 117 704.000376 168.0 19.999926 64.99987499999999 1 1 1
250 114 721.9994399999999 169.999875 23.000598 61.999875 1 1 1
251 117 704.000376 169.999875 19.999926 66.0 1 1 1
251 114 721.9994399999999 169.000125 24.000408 66.0 1 1 1
252 117 706.999806 171.0 20.999736 69.0 1 1 1
252 114 725.0001120000001 169.999875 23.000598 67.999875 1 1 1
253 117 710.000478 171.0 19.999926 72.0 1 1 1
253 114 729.000594 172.000125 26.000028 70.999875 1 1 1
254 117 712.999908 172.000125 21.999546 73.999875 1 1 1
254 114 733.999644 172.000125 27.999648 73.000125 1 1 1
255 117 718.0002 171.0 23.000598 78.0 1 1 1
255 114 739.9997460000001 172.000125 28.999458 76.00012500000001 1 1 1
256 117 724.0003019999999 172.000125 24.000408 81.0 1 1 1
256 114 746.9996580000001 171.0 31.00032 79.999875 1 1 1
257 117 732.000024 172.000125 28.999458 85.000125 1 1 1
257 114 754.9993800000001 171.0 32.99994 84.0 1 1 1
258 117 738.9999359999999 171.0 28.999458 90.0 1 1 1
258 114 766.999584 172.000125 33.99975 87.0 1 1 1
259 117 751.0001400000001 168.0 31.00032 94.99987499999999 1 1 1
259 114 778.9997880000001 169.000125 37.000422 91.999875 1 1 1
260 117 764.0001540000001 165.0 32.99994 99.0 1 1 1
260 114 795.000474 165.0 38.000232000000004 97.99987499999999 1 1 1
261 117 778.9997880000001 160.999875 32.00013 105.00000000000001 1 1 1
261 114 811.999728 160.999875 38.000232000000004 103.000125 1 1 1
262 117 793.9994220000001 160.999875 41.999472 111.0 1 1 1
262 114 830.9998439999999 160.000125 41.999472 109.999875 1 1 1
263 117 814.00059 162.0 47.999574 118.99987499999999 1 1 1
263 114 854.000442 160.000125 57.000347999999995 117.0 1 1 1
264 117 835.000326 160.999875 48.999384 129.0 1 1 1
264 114 880.0004700000001 160.999875 58.000158 124.999875 1 1 1
265 117 858.9994919999999 162.0 50.000436 136.999875 1 1 1
265 114 903.999636 160.000125 61.999398 135.0 1 1 1
266 117 883.99971 157.000125 51.000246000000004 150.0 1 1 1
266 114 934.0001460000001 157.999875 65.00007 145.999875 1 1 1
267 117 915.00003 151.000125 52.999866000000004 163.999875 1 1 1
267 114 973.999998 153.0 78.000084 159.0 1 1 1
268 117 947.99997 150.0 64.00026 178.999875 1 1 1
268 114 1013.00004 150.0 97.0002 175.999875 1 1 1
269 117 986.000202 145.999875 76.00046400000001 205.000125 1 1 1
269 114 1061.999424 147.0 113.99945399999999 196.99987500000003 1 1 1
270 117 1034.999586 142.000125 80.99951399999999 232.999875 1 1 1
270 114 1120.999392 144.0 121.000608 222.0 1 1 1
271 117 1098.999846 138.0 95.00058 237.0 1 1 1
271 114 1202.000148 151.999875 39.999852 217.999875 1 1 1
272 117 1181.000412 133.000125 60.999587999999996 241.999875 1 1 1
277 137 639.000306 178.000125 18.000306000000002 57.0 1 1 1
278 137 644.000598 174.0 18.000306000000002 58.999875 1 1 1
279 137 648.999648 172.999875 19.999926 61.000125000000004 1 1 1
280 137 654.9997500000001 174.0 19.000116000000002 63.00000000000001 1 1 1
281 137 660.000042 175.999875 19.999926 64.99987499999999 1 1 1
282 137 666.999954 177.0 19.999926 67.000125 1 1 1
283 137 672.000246 175.999875 21.999546 70.000125 1 1 1
284 137 679.000158 174.0 23.000598 73.999875 1 1 1
285 137 685.0002599999999 174.0 24.000408 76.99987499999999 1 1 1
286 137 692.000172 174.0 24.000408 81.0 1 1 1
287 137 698.000274 175.000125 26.999838 84.0 1 1 1
288 137 705.0001860000001 174.0 27.999648 88.000125 1 1 1
289 137 713.999718 172.000125 27.999648 93.0 1 1 1
290 137 721.9994399999999 169.999875 31.00032 99.0 1 1 1
291 137 730.000404 171.0 33.99975 102.00000000000001 1 1 1
292 137 740.999556 169.000125 36.000612000000004 111.0 1 1 1
293 137 753.99957 168.0 38.000232000000004 118.99987499999999 1 1 1
294 137 766.999584 166.000125 40.999662 129.0 1 1 1
295 137 783.00027 165.0 45.000144 139.000125 1 1 1
296 137 798.999714 163.999875 51.000246000000004 151.000125 1 1 1
297 137 821.0005020000001 163.000125 56.000538 166.000125 1 1 1
298 137 845.999478 162.0 61.999398 184.000125 1 1 1
299 137 875.0001780000001 162.0 71.000172 205.000125 1 1 1
300 137 910.999548 162.0 65.00007 212.99999999999997 1 1 1
301 137 959.000364 160.000125 78.000084 214.999875 1 1 1
302 137 1021.999572 156.0 99.99963000000001 219.0 1 1 1
303 137 1106.999568 151.000125 133.99938 223.999875 1 1 1
303 141 621.0 172.000125 13.000014 34.999875 1 1 1
303 142 632.000394 172.999875 14.999633999999999 36.0 1 1 1
304 141 622.99962 171.0 13.000014 37.999875 1 1 1
304 142 639.000306 172.000125 11.000394 37.000125000000004 1 1 1
305 141 625.000482 171.0 13.000014 36.0 1 1 1
305 142 640.999926 171.0 12.000204 40.000125 1 1 1
306 141 627.999912 169.999875 12.000204 40.000125 1 1 1
306 142 644.000598 169.999875 12.000204 40.999875 1 1 1
307 141 628.999722 169.999875 13.999824 40.999875 1 1 1
307 142 647.000028 171.0 12.000204 40.000125 1 1 1
308 141 633.0002039999999 169.999875 11.000394 39.0 1 1 1
308 142 649.9994579999999 171.0 12.000204 40.000125 1 1 1
309 141 634.000014 171.0 13.999824 42.0 1 1 1
309 142 654.9997500000001 172.000125 11.000394 36.0 1 1 1
310 143 877.999608 169.999875 46.999764 79.000125 1 1 1
310 141 638.000496 172.000125 13.999824 43.999875 1 1 1
310 142 659.000232 172.000125 12.000204 40.999875 1 1 1
311 143 895.0001040000001 171.0 46.999764 82.999875 1 1 1
311 141 640.000116 172.999875 15.999443999999999 43.999875 1 1 1
311 142 660.000042 169.999875 14.999633999999999 45.0 1 1 1
312 143 909.9997380000001 169.000125 52.000056 88.000125 1 1 1
312 141 642.999546 172.000125 17.000496000000002 46.000125 1 1 1
312 142 665.000334 172.000125 14.999633999999999 42.0 1 1 1
313 143 928.000044 166.999875 56.000538 94.99987499999999 1 1 1
313 141 646.0002179999999 169.999875 15.999443999999999 48.0 1 1 1
313 142 669.9993840000001 172.000125 14.999633999999999 46.000125 1 1 1
314 143 949.99959 166.000125 58.000158 100.000125 1 1 1
314 141 647.999838 166.999875 18.000306000000002 51.00000000000001 1 1 1
314 142 672.000246 171.0 15.999443999999999 46.999875 1 1 1
315 143 971.000568 163.000125 64.00026 106.000125 1 1 1
315 141 653.9999399999999 166.000125 14.999633999999999 51.00000000000001 1 1 1
315 142 679.000158 168.0 13.000014 45.0 1 1 1
316 143 997.000596 160.999875 69.000552 112.999875 1 1 1
316 141 655.99956 166.999875 15.999443999999999 49.999875 1 1 1
316 142 680.9997780000001 166.000125 15.999443999999999 48.0 1 1 1
317 143 1026.999864 160.000125 72.999792 121.000125 1 1 1
317 141 659.000232 166.999875 17.000496000000002 52.999874999999996 1 1 1
317 142 685.0002599999999 166.999875 15.999443999999999 52.000125000000004 1 1 1
318 143 1058.999994 159.0 80.99951399999999 133.000125 1 1 1
318 141 661.9996620000001 168.0 19.000116000000002 53.99999999999999 1 1 1
318 142 688.9995 168.0 15.999443999999999 55.000125 1 1 1
319 143 1097.0002259999999 159.0 89.000478 144.0 1 1 1
319 141 666.999954 169.000125 18.000306000000002 57.0 1 1 1
319 142 694.999602 169.999875 19.000116000000002 55.999874999999996 1 1 1
320 143 1145.99961 159.0 96.00039000000001 157.000125 1 1 1
320 141 671.000436 169.000125 19.999926 60.0 1 1 1
320 142 700.9997040000001 171.0 18.000306000000002 58.000125 1 1 1
321 143 1200.000528 175.000125 41.999472 153.0 1 1 1
321 141 674.999676 168.0 20.999736 61.000125000000004 1 1 1
321 142 705.999996 166.999875 19.000116000000002 63.00000000000001 1 1 1
322 141 679.999968 166.999875 20.999736 61.999875 1 1 1
322 142 712.000098 163.999875 21.999546 66.0 1 1 1
323 141 686.00007 163.999875 24.000408 66.0 1 1 1
323 142 718.0002 163.000125 26.999838 67.000125 1 1 1
324 141 692.000172 165.0 24.000408 67.999875 1 1 1
324 142 725.0001120000001 163.999875 24.000408 70.000125 1 1 1
325 141 699.000084 163.999875 25.000218 70.999875 1 1 1
325 142 732.999834 163.999875 31.00032 73.000125 1 1 1
326 141 705.0001860000001 165.0 26.000028 73.999875 1 1 1
326 142 739.9997460000001 165.0 30.00051 76.00012500000001 1 1 1
327 141 711.000288 165.0 26.999838 76.99987499999999 1 1 1
327 142 746.9996580000001 163.999875 26.999838 79.000125 1 1 1
328 141 716.0005799999999 163.999875 31.00032 82.000125 1 1 1
328 142 754.9993800000001 163.000125 25.000218 82.999875 1 1 1
329 141 721.9994399999999 163.000125 32.00013 88.000125 1 1 1
329 142 762.000534 162.0 26.999838 85.000125 1 1 1
330 141 729.000594 162.0 32.99994 91.000125 1 1 1
330 142 769.000446 160.999875 28.999458 88.000125 1 1 1
331 141 733.999644 162.0 32.99994 96.0 1 1 1
331 142 777.000168 160.000125 39.000042 97.000125 1 1 1
332 141 739.9997460000001 163.000125 32.00013 99.0 1 1 1
332 142 785.9997000000001 160.000125 40.999662 100.999875 1 1 1
333 141 747.999468 162.0 34.99956 105.00000000000001 1 1 1
333 142 797.000094 160.999875 31.00032 106.000125 1 1 1
334 141 754.9993800000001 160.999875 38.000232000000004 111.0 1 1 1
334 142 808.000488 157.999875 32.99994 112.00012500000001 1 1 1
335 141 763.000344 160.000125 39.000042 115.999875 1 1 1
335 142 817.99983 156.0 40.999662 121.000125 1 1 1
336 141 772.999686 157.000125 45.999954 124.999875 1 1 1
336 142 835.000326 153.0 43.000524 130.000125 1 1 1
337 141 784.9998899999999 154.999875 53.999676 132.0 1 1 1
337 142 850.99977 151.999875 50.000436 127.000125 1 1 1
338 141 799.999524 153.0 51.000246000000004 142.999875 1 1 1
338 142 868.000266 148.000125 53.999676 145.999875 1 1 1
339 141 812.9995379999999 148.000125 58.999967999999996 156.0 1 1 1
339 142 887.000382 148.999875 58.000158 151.999875 1 1 1
