257 38 295.99965000000003 184.999875 41.999472 24.0 1 1 1
258 38 285.000498 181.999875 45.000144 24.0 1 1 1
259 38 274.000104 181.000125 46.999764 24.0 1 1 1
260 38 261.9999 183.0 50.000436 25.000125 1 1 1
261 38 248.999886 184.000125 52.000056 25.999875000000003 1 1 1
262 38 235.99987199999998 181.000125 53.999676 28.000125 1 1 1
263 38 221.00023800000002 180.0 58.000158 28.000125 1 1 1
264 38 203.999742 178.000125 60.999587999999996 28.999875 1 1 1
265 38 184.999626 178.999875 65.99988 30.0 1 1 1
266 38 164.9997 178.999875 70.000362 31.999875000000003 1 1 1
267 38 143.000154 180.0 76.00046400000001 34.000125 1 1 1
269 38 95.00058 181.000125 85.99980599999999 37.000125000000004 1 1 1
270 38 66.99969 181.999875 93.999528 39.0 1 1 1
271 38 34.99956 181.999875 103.000302 40.999875 1 1 1
272 38 1.9996200000000002 183.0 110.00021400000001 43.999875 1 1 1
273 38 0.0 184.999875 84.000186 46.999875 1 1 1
274 38 0.0 186.0 52.000056 43.000125000000004 1 1 1
