10 13 372.99992399999996 177.0 27.999648 16.000124999999997 1 1 1
11 13 366.999822 177.0 28.999458 16.999875 1 1 1
12 13 360.99971999999997 178.000125 30.00051 16.999875 1 1 1
13 13 354.999618 177.0 31.00032 16.999875 1 1 1
14 13 346.99989600000004 175.999875 33.99975 18.0 1 1 1
15 13 339.000174 175.000125 34.99956 19.000124999999997 1 1 1
16 13 333.00007200000005 175.000125 34.99956 19.000124999999997 1 1 1
17 13 322.99948800000004 174.0 38.000232000000004 19.999875 1 1 1
18 13 313.999956 175.000125 39.000042 19.000124999999997 1 1 1
19 13 304.00061400000004 174.0 40.999662 19.999875 1 1 1
20 13 294.99984 177.0 41.999472 19.999875 1 1 1
21 13 283.99944600000003 175.999875 45.000144 22.000125 1 1 1
22 13 273.000294 175.999875 45.999954 22.000125 1 1 1
23 13 261.00009 174.0 47.999574 22.999875 1 1 1
24 13 247.00026599999998 174.0 52.000056 24.0 1 1 1
25 13 233.000442 175.000125 54.999486000000005 24.0 1 1 1
26 13 219.000618 175.999875 57.000347999999995 25.000125 1 1 1
27 13 202.000122 175.000125 61.999398 26.999999999999996 1 1 1
28 13 185.999436 175.999875 65.00007 28.000125 1 1 1
28 14 359.99990999999994 174.0 30.00051 15.0 1 1 1
29 13 167.000562 175.000125 70.000362 28.999875 1 1 1
29 14 354.999618 172.999875 30.00051 15.0 1 1 1
30 13 146.999394 174.0 74.999412 31.000125 1 1 1
30 14 348.999516 172.000125 31.00032 16.000124999999997 1 1 1
31 13 124.999848 172.999875 82.00056599999999 31.999875000000003 1 1 1
31 14 344.000466 172.000125 31.00032 15.0 1 1 1
32 13 100.99944 174.0 87.999426 33.0 1 1 1
32 14 337.00055399999997 171.0 32.00013 16.999875 1 1 1
33 13 73.999602 175.999875 95.00058 34.000125 1 1 1
33 14 331.00045200000005 172.999875 32.99994 16.000124999999997 1 1 1
34 13 46.999764 177.0 102.00049200000001 36.0 1 1 1
34 14 325.00034999999997 172.999875 33.99975 18.0 1 1 1
35 13 15.999443999999999 175.999875 111.000024 40.000125 1 1 1
35 14 318.00043800000003 174.0 34.99956 18.0 1 1 1
36 13 0.0 177.0 103.000302 42.0 1 1 1
36 14 312.000336 174.0 36.000612000000004 18.0 1 1 1
37 13 0.0 177.0 77.00027399999999 45.0 1 1 1
37 14 304.00061400000004 172.000125 38.000232000000004 19.000124999999997 1 1 1
38 13 0.0 178.000125 46.999764 40.000125 1 1 1
38 14 295.99965000000003 172.999875 39.999852 19.000124999999997 1 1 1
39 14 289.999548 172.999875 39.999852 19.999875 1 1 1
40 14 280.000206 172.999875 43.000524 19.999875 1 1 1
41 14 273.000294 175.000125 44.000334 19.999875 1 1 1
42 14 263.99952 175.999875 46.999764 19.999875 1 1 1
43 14 255.999798 177.0 45.999954 19.999875 1 1 1
44 14 242.99978399999998 177.0 51.000246000000004 19.999875 1 1 1
45 14 236.99968199999998 178.000125 50.000436 21.0 1 1 1
46 14 222.000048 178.999875 56.000538 22.000125 1 1 1
47 14 210.99965400000002 181.000125 58.000158 22.000125 1 1 1
48 14 197.99964 181.000125 60.999587999999996 22.999875 1 1 1
49 14 183.999816 181.000125 65.00007 22.999875 1 1 1
50 14 169.000182 180.0 67.9995 24.0 1 1 1
51 14 152.999496 181.000125 71.999982 25.000125 1 1 1
52 14 135.000432 181.000125 72.999792 25.999875000000003 1 1 1
53 14 117.000126 180.0 77.00027399999999 28.000125 1 1 1
54 14 98.00001 180.0 86.999616 30.0 1 1 1
55 14 74.999412 181.000125 92.999718 30.0 1 1 1
56 14 54.999486000000005 180.0 98.00001 34.000125 1 1 1
57 14 40.999662 181.000125 95.00058 34.000125 1 1 1
58 14 1.9996200000000002 181.000125 115.00050599999999 37.000125000000004 1 1 1
59 14 0.0 180.0 98.00001 39.0 1 1 1
60 14 0.0 183.0 77.00027399999999 39.0 1 1 1
61 14 0.0 186.0 52.000056 31.999875000000003 1 1 1
62 14 0.0 196.99987500000003 26.000028 22.999875 1 1 1
68 4 366.000012 174.0 19.999926 13.999875 1 1 1
69 4 357.00048 172.999875 27.999648 15.0 1 1 1
70 4 358.00028999999995 174.0 25.000218 15.0 1 1 1
71 4 352.000188 172.999875 28.999458 16.000124999999997 1 1 1
72 4 347.999706 172.999875 28.999458 16.000124999999997 1 1 1
73 4 346.000086 172.999875 28.999458 16.999875 1 1 1
74 4 345.00027600000004 172.999875 26.999838 16.999875 1 1 1
75 4 339.999984 172.999875 27.999648 16.999875 1 1 1
76 4 333.999882 172.999875 31.00032 18.0 1 1 1
77 4 329.9994 172.999875 32.00013 18.0 1 1 1
78 4 326.00016 172.999875 32.99994 19.000124999999997 1 1 1
79 4 320.99986800000005 172.999875 33.99975 19.999875 1 1 1
80 4 316.99938599999996 174.0 33.99975 19.000124999999997 1 1 1
81 4 309.999474 172.999875 37.000422 19.999875 1 1 1
82 4 307.000044 172.999875 36.000612000000004 21.0 1 1 1
83 4 301.999752 172.999875 38.000232000000004 21.0 1 1 1
84 4 295.99965000000003 172.999875 37.000422 21.0 1 1 1
85 4 288.99973800000004 174.0 40.999662 19.999875 1 1 1
86 4 283.99944600000003 174.0 40.999662 19.999875 1 1 1
87 4 276.999534 172.000125 43.000524 22.999875 1 1 1
88 4 270.999432 172.999875 44.000334 22.000125 1 1 1
89 4 266.000382 172.999875 44.000334 22.999875 1 1 1
90 4 256.999608 172.000125 46.999764 24.0 1 1 1
91 4 252.00055799999998 172.000125 45.999954 24.0 1 1 1
92 4 243.999594 171.0 46.999764 25.000125 1 1 1
93 4 234.000252 172.000125 51.000246000000004 25.000125 1 1 1
94 4 224.99947799999998 172.999875 52.999866000000004 25.999875000000003 1 1 1
95 4 215.99994600000002 172.999875 54.999486000000005 25.999875000000003 1 1 1
96 4 207.000414 172.999875 57.000347999999995 26.999999999999996 1 1 1
97 4 196.00002 172.999875 60.999587999999996 28.000125 1 1 1
98 4 188.00029800000002 174.0 60.999587999999996 28.000125 1 1 1
99 4 176.999904 174.0 64.00026 28.000125 1 1 1
100 4 165.99951 175.000125 65.99988 28.000125 1 1 1
101 4 156.000168 175.999875 66.99969 28.999875 1 1 1
102 4 145.999584 177.0 69.000552 30.0 1 1 1
103 4 133.99938 178.000125 71.000172 31.000125 1 1 1
104 4 122.000418 178.000125 73.999602 33.0 1 1 1
105 4 109.000404 178.000125 77.00027399999999 33.0 1 1 1
106 4 95.00058 177.0 80.99951399999999 34.000125 1 1 1
107 4 82.00056599999999 175.999875 83.000376 34.999875 1 1 1
108 4 67.9995 175.999875 85.99980599999999 36.0 1 1 1
109 4 51.000246000000004 177.0 91.000098 37.000125000000004 1 1 1
110 4 31.00032 175.999875 97.0002 37.999875 1 1 1
111 4 17.000496000000002 175.999875 98.99982 39.0 1 1 1
112 4 0.0 175.999875 102.00049200000001 40.000125 1 1 1
113 4 0.0 175.999875 89.000478 42.0 1 1 1
114 4 0.0 175.999875 71.999982 42.0 1 1 1
115 4 0.0 177.0 58.999967999999996 39.0 1 1 1
116 4 0.0 178.000125 43.000524 39.0 1 1 1
141 41 318.00043800000003 178.999875 32.00013 16.999875 1 1 1
142 41 313.000146 178.999875 34.99956 16.999875 1 1 1
143 41 308.999664 178.000125 36.000612000000004 18.0 1 1 1
144 41 305.000424 178.000125 37.000422 18.0 1 1 1
145 41 300.000132 178.000125 37.000422 16.999875 1 1 1
146 41 296.99946 178.000125 38.000232000000004 18.0 1 1 1
147 41 294.00003000000004 178.000125 37.000422 18.0 1 1 1
148 41 289.999548 178.999875 39.999852 16.999875 1 1 1
149 41 287.000118 178.999875 39.999852 16.999875 1 1 1
150 41 282.999636 178.000125 39.000042 19.000124999999997 1 1 1
151 41 280.000206 178.000125 45.000144 19.999875 1 1 1
152 41 276.999534 178.999875 52.000056 19.000124999999997 1 1 1
153 41 273.000294 178.999875 47.999574 19.999875 1 1 1
154 41 269.999622 178.999875 50.000436 19.000124999999997 1 1 1
155 41 267.000192 178.999875 32.00013 19.999875 1 1 1
156 41 265.000572 178.999875 45.000144 21.0 1 1 1
157 41 261.9999 178.999875 45.000144 21.0 1 1 1
158 41 259.00047 178.999875 45.000144 21.0 1 1 1
159 41 254.999988 178.999875 46.999764 22.000125 1 1 1
160 41 247.00026599999998 178.999875 51.000246000000004 22.999875 1 1 1
161 41 243.999594 178.999875 51.000246000000004 22.999875 1 1 1
162 41 239.000544 178.999875 52.999866000000004 24.0 1 1 1
163 41 234.000252 180.0 54.999486000000005 24.0 1 1 1
164 41 228.00015 181.000125 53.999676 24.0 1 1 1
165 41 221.00023800000002 181.999875 54.999486000000005 24.0 1 1 1
170 9 250.999506 178.999875 45.000144 28.000125 1 1 1
170 25 329.9994 184.000125 19.000116000000002 18.0 1 1 1
170 41 183.000006 184.000125 61.999398 26.999999999999996 1 1 1
171 9 261.9999 180.0 28.999458 26.999999999999996 1 1 1
171 25 325.00034999999997 184.000125 33.99975 18.0 1 1 1
171 41 174.000474 184.000125 61.999398 25.999875000000003 1 1 1
172 9 252.00055799999998 178.999875 33.99975 28.000125 1 1 1
172 25 321.999678 183.0 33.99975 18.0 1 1 1
172 41 176.999904 183.0 50.000436 28.999875 1 1 1
173 9 241.99997399999998 178.999875 38.000232000000004 28.000125 1 1 1
173 25 324.00054 181.999875 30.00051 19.000124999999997 1 1 1
173 41 156.000168 181.999875 64.00026 28.000125 1 1 1
174 9 231.99938999999998 178.999875 43.000524 28.999875 1 1 1
174 25 312.000336 183.0 39.000042 19.000124999999997 1 1 1
174 41 142.000344 183.0 70.000362 28.999875 1 1 1
175 9 219.000618 178.000125 48.999384 30.0 1 1 1
175 25 318.00043800000003 181.999875 30.00051 21.0 1 1 1
175 41 129.00033 183.0 71.999982 30.0 1 1 1
176 9 206.000604 178.999875 56.000538 30.0 1 1 1
176 25 306.00023400000003 181.999875 38.000232000000004 21.0 1 1 1
176 41 115.00050599999999 183.0 72.999792 31.999875000000003 1 1 1
177 9 191.999538 180.0 61.999398 31.000125 1 1 1
177 25 298.000512 183.0 41.999472 22.000125 1 1 1
177 41 100.99944 183.0 70.000362 33.0 1 1 1
178 9 175.000284 180.0 70.000362 31.000125 1 1 1
178 25 292.00041 183.0 41.999472 22.000125 1 1 1
178 41 84.000186 183.0 69.000552 34.000125 1 1 1
179 9 163.99989 178.000125 71.999982 31.999875000000003 1 1 1
179 25 285.000498 183.0 47.999574 22.000125 1 1 1
179 41 66.99969 181.000125 98.99982 34.999875 1 1 1
180 9 156.000168 177.0 71.000172 34.000125 1 1 1
180 25 278.000586 181.000125 45.999954 22.999875 1 1 1
180 41 45.999954 180.0 66.99969 34.999875 1 1 1
181 9 136.00024200000001 175.999875 79.999704 36.0 1 1 1
181 25 272.00048400000003 180.0 46.999764 22.999875 1 1 1
181 41 25.000218 184.000125 109.000404 31.999875000000003 1 1 1
182 9 121.000608 175.999875 85.99980599999999 37.000125000000004 1 1 1
182 25 265.000572 181.000125 48.999384 22.999875 1 1 1
182 41 0.9998100000000001 181.000125 116.000316 37.999875 1 1 1
183 9 105.99973200000001 177.0 85.99980599999999 37.999875 1 1 1
183 25 257.999418 181.000125 50.000436 24.0 1 1 1
183 41 13.999824 183.0 85.99980599999999 36.0 1 1 1
184 9 89.000478 178.000125 92.999718 37.999875 1 1 1
184 25 248.000076 181.999875 53.999676 24.0 1 1 1
184 41 34.99956 184.000125 46.999764 37.000125000000004 1 1 1
185 9 70.000362 177.0 99.99963000000001 40.000125 1 1 1
185 25 240.000354 181.999875 54.999486000000005 25.000125 1 1 1
185 41 0.0 183.0 59.999778 40.000125 1 1 1
186 9 51.000246000000004 178.000125 106.999542 40.999875 1 1 1
186 25 229.99976999999998 181.000125 58.000158 25.999875000000003 1 1 1
186 41 0.0 184.999875 38.000232000000004 40.000125 1 1 1
187 9 27.999648 178.000125 112.99964399999999 40.999875 1 1 1
187 25 220.00042800000003 181.999875 59.999778 26.999999999999996 1 1 1
187 41 0.0 192.0 11.000394 36.0 1 1 1
188 9 6.000102 178.999875 118.99974599999999 46.000125 1 1 1
188 25 209.99984400000002 183.0 61.999398 26.999999999999996 1 1 1
189 9 2.9994300000000003 180.0 103.000302 49.000125000000004 1 1 1
189 25 196.99983 184.000125 65.99988 28.000125 1 1 1
190 9 0.0 181.999875 84.999996 49.999875 1 1 1
190 25 185.999436 186.0 69.000552 28.000125 1 1 1
191 9 0.0 184.000125 64.00026 48.0 1 1 1
191 25 171.99961199999998 187.999875 69.000552 28.999875 1 1 1
192 9 0.0 186.0 39.999852 30.0 1 1 1
192 25 163.99989 187.999875 69.000552 26.999999999999996 1 1 1
193 25 142.000344 187.999875 80.99951399999999 31.000125 1 1 1
194 25 124.999848 187.999875 85.99980599999999 31.999875000000003 1 1 1
195 25 105.99973200000001 187.999875 91.000098 34.000125 1 1 1
196 25 85.99980599999999 186.0 97.0002 34.999875 1 1 1
197 25 63.00045 184.999875 104.000112 37.000125000000004 1 1 1
198 25 38.000232000000004 184.000125 111.000024 37.999875 1 1 1
199 25 11.000394 184.999875 118.99974599999999 40.999875 1 1 1
200 25 0.0 186.0 109.000404 43.000125000000004 1 1 1
201 25 0.0 187.000125 84.000186 36.0 1 1 1
202 25 0.0 186.0 58.999967999999996 42.0 1 1 1
203 25 0.0 189.0 30.00051 43.000125000000004 1 1 1
215 24 462.000402 180.0 65.99988 51.00000000000001 1 1 1
215 29 542.000106 181.000125 27.999648 21.0 1 1 1
216 24 440.999424 181.000125 76.00046400000001 58.999875 1 1 1
216 29 538.999434 181.000125 28.999458 24.0 1 1 1
217 24 411.999966 181.000125 91.999908 70.999875 1 1 1
217 29 535.000194 181.999875 31.00032 25.000125 1 1 1
218 24 370.00049399999995 183.0 116.000316 85.000125 1 1 1
218 29 529.999902 183.0 33.99975 25.999875000000003 1 1 1
219 24 306.00023400000003 186.0 155.000358 106.000125 1 1 1
219 29 524.99961 184.999875 37.000422 28.000125 1 1 1
220 24 190.999728 189.0 231.99938999999998 142.999875 1 1 1
220 29 518.999508 186.0 39.999852 31.000125 1 1 1
221 24 0.0 192.0 357.00048 183.0 1 1 1
221 29 512.999406 186.0 44.000334 33.0 1 1 1
222 24 0.0 204.00000000000003 220.00042800000003 171.0 1 1 1
222 29 503.99987400000003 187.000125 48.999384 36.0 1 1 1
223 29 494.00053199999996 184.999875 52.999866000000004 40.999875 1 1 1
224 29 481.000518 186.0 59.999778 45.0 1 1 1
225 29 465.999642 186.0 67.9995 51.00000000000001 1 1 1
226 29 444.99990599999995 187.000125 78.999894 58.999875 1 1 1
227 29 416.000448 187.999875 97.0002 69.0 1 1 1
228 29 373.999734 190.000125 121.000608 85.000125 1 1 1
229 29 306.00023400000003 193.999875 163.99989 106.999875 1 1 1
230 29 183.999816 198.0 247.00026599999998 147.0 1 1 1
231 29 0.0 207.00000000000003 364.000392 168.0 1 1 1
232 29 0.0 232.000125 217.99956600000002 142.999875 1 1 1
259 32 393.99966 178.000125 24.000408 13.000125 1 1 1
260 32 389.00061 181.000125 26.000028 13.000125 1 1 1
261 32 384.000318 181.000125 26.000028 15.0 1 1 1
262 32 378.000216 178.999875 26.999838 15.0 1 1 1
263 32 372.99992399999996 177.0 27.999648 16.000124999999997 1 1 1
264 32 366.000012 175.999875 28.999458 15.0 1 1 1
265 32 360.99971999999997 177.0 25.000218 16.000124999999997 1 1 1
267 32 345.00027600000004 178.000125 32.00013 15.0 1 1 1
268 32 338.000364 178.000125 33.99975 18.0 1 1 1
269 32 329.9994 178.000125 34.99956 19.000124999999997 1 1 1
269 30 517.9996980000001 174.0 36.000612000000004 30.0 1 1 1
270 32 321.999678 178.000125 38.000232000000004 19.000124999999997 1 1 1
270 30 510.999786 172.999875 39.000042 31.999875000000003 1 1 1
271 32 313.000146 177.0 39.999852 21.0 1 1 1
271 30 505.999494 174.0 41.999472 34.000125 1 1 1
272 32 306.00023400000003 178.000125 40.999662 21.0 1 1 1
272 30 497.999772 172.999875 47.999574 39.0 1 1 1
273 32 295.99965000000003 178.000125 43.000524 22.000125 1 1 1
273 30 489.00024 174.0 51.000246000000004 42.0 1 1 1
274 32 282.999636 178.999875 47.999574 15.0 1 1 1
274 30 477.000036 174.0 58.000158 46.000125 1 1 1
275 32 272.00048400000003 178.999875 51.000246000000004 22.000125 1 1 1
275 30 463.00021200000003 174.0 65.99988 52.999874999999996 1 1 1
276 32 260.00028 178.999875 52.999866000000004 25.000125 1 1 1
276 30 444.99990599999995 172.999875 74.999412 60.0 1 1 1
277 32 243.999594 178.000125 58.000158 25.999875000000003 1 1 1
277 30 419.99968800000005 172.000125 89.000478 70.999875 1 1 1
278 32 230.99957999999998 178.999875 60.999587999999996 26.999999999999996 1 1 1
278 30 386.99974799999995 169.999875 106.999542 85.000125 1 1 1
279 32 214.000326 178.999875 65.00007 28.000125 1 1 1
279 30 335.999502 169.000125 139.999482 103.000125 1 1 1
280 32 196.00002 180.0 70.000362 28.999875 1 1 1
280 30 257.999418 168.0 190.999728 130.999875 1 1 1
281 32 174.000474 181.000125 52.000056 28.000125 1 1 1
281 30 108.000594 165.0 298.000512 180.0 1 1 1
282 30 0.0 163.000125 334.99969200000004 211.999875 1 1 1
283 32 143.999964 181.000125 77.00027399999999 34.999875 1 1 1
283 30 0.0 154.000125 178.999524 220.999875 1 1 1
284 32 100.99944 181.000125 100.99944 37.000125000000004 1 1 1
285 32 72.999792 181.999875 104.99992200000001 37.999875 1 1 1
286 32 39.000042 181.999875 109.000404 40.000125 1 1 1
287 32 0.0 181.999875 139.999482 42.0 1 1 1
288 32 0.0 181.000125 112.99964399999999 45.0 1 1 1
289 32 0.0 181.999875 83.000376 42.0 1 1 1
290 32 5.000292 180.0 43.000524 45.0 1 1 1
