27 97 430.00027200000005 178.999875 12.000204 42.0 1 1 1
28 97 425.99979 178.000125 12.000204 43.000125000000004 1 1 1
29 97 418.000068 177.0 15.999443999999999 46.000125 1 1 1
30 97 414.999396 181.000125 13.000014 46.000125 1 1 1
31 97 407.999484 181.999875 14.999633999999999 48.0 1 1 1
32 97 399.999762 181.000125 17.000496000000002 49.000125000000004 1 1 1
33 97 393.99966 177.0 15.999443999999999 51.00000000000001 1 1 1
34 97 386.99974799999995 175.000125 15.999443999999999 52.000125000000004 1 1 1
35 97 379.000026 175.000125 17.000496000000002 55.000125 1 1 1
36 97 372.000114 175.999875 17.000496000000002 57.0 1 1 1
37 97 361.99953 178.000125 19.000116000000002 58.999875 1 1 1
38 97 351.000378 178.999875 21.999546 61.999875 1 1 1
39 97 339.999984 178.999875 23.000598 63.00000000000001 1 1 1
40 97 327.99978 178.000125 23.000598 67.000125 1 1 1
41 97 313.999956 178.000125 26.999838 69.0 1 1 1
41 121 456.0003 166.999875 12.000204 49.000125000000004 1 1 1
42 97 298.000512 178.999875 26.000028 73.000125 1 1 1
42 121 451.999818 168.0 10.000584 49.999875 1 1 1
43 97 281.999826 181.000125 26.000028 76.00012500000001 1 1 1
43 121 444.99990599999995 168.0 15.999443999999999 52.000125000000004 1 1 1
44 97 262.99971 181.000125 28.999458 81.0 1 1 1
44 121 439.999614 169.000125 13.999824 53.99999999999999 1 1 1
45 97 241.99997399999998 181.999875 31.00032 85.999875 1 1 1
45 121 433.99951200000004 169.000125 14.999633999999999 55.999874999999996 1 1 1
46 97 219.000618 181.999875 34.99956 91.000125 1 1 1
46 121 427.99941 169.000125 14.999633999999999 57.0 1 1 1
47 97 193.00059000000002 183.0 36.000612000000004 97.000125 1 1 1
47 121 419.99968800000005 169.000125 15.999443999999999 58.999875 1 1 1
48 97 161.00046 181.000125 43.000524 103.000125 1 1 1
48 121 411.999966 168.0 14.999633999999999 61.000125000000004 1 1 1
49 97 128.00052 181.999875 45.999954 111.0 1 1 1
49 121 405.00005400000003 166.999875 14.999633999999999 63.00000000000001 1 1 1
50 97 89.000478 184.000125 50.000436 120.0 1 1 1
50 121 396.000522 168.0 17.000496000000002 66.0 1 1 1
51 97 44.000334 186.0 57.000347999999995 130.000125 1 1 1
51 121 386.99974799999995 169.000125 17.000496000000002 67.999875 1 1 1
52 97 0.0 184.999875 53.999676 144.0 1 1 1
52 121 377.000406 168.0 19.000116000000002 70.999875 1 1 1
53 121 366.000012 168.0 20.999736 75.0 1 1 1
54 121 352.999998 166.999875 23.000598 78.0 1 1 1
55 121 341.999604 168.0 20.999736 81.0 1 1 1
56 121 326.00016 168.0 23.000598 84.0 1 1 1
57 121 309.999474 168.0 26.000028 88.000125 1 1 1
58 121 294.00003000000004 166.999875 25.000218 91.999875 1 1 1
59 121 273.000294 168.0 27.999648 96.0 1 1 1
60 121 248.000076 168.0 33.99975 100.999875 1 1 1
61 121 226.00053 166.000125 32.99994 109.000125 1 1 1
62 121 196.99983 166.999875 36.000612000000004 115.00012500000001 1 1 1
63 121 165.99951 165.0 38.000232000000004 124.000125 1 1 1
64 121 130.00014 162.0 41.999472 133.000125 1 1 1
65 121 89.000478 160.000125 50.000436 144.0 1 1 1
66 121 38.000232000000004 156.0 57.000347999999995 159.0 1 1 1
67 121 0.0 156.0 41.999472 174.0 1 1 1
69 112 379.999836 169.000125 20.999736 67.000125 1 1 1
70 112 370.00049399999995 171.0 19.999926 70.000125 1 1 1
71 112 357.00048 174.0 20.999736 70.000125 1 1 1
72 112 344.000466 172.999875 19.999926 73.000125 1 1 1
73 112 327.99978 172.000125 21.999546 76.99987499999999 1 1 1
74 112 311.000526 169.999875 24.000408 82.999875 1 1 1
75 112 295.99965000000003 168.0 24.000408 88.99987499999999 1 1 1
76 112 276.999534 166.000125 28.999458 93.0 1 1 1
77 112 256.999608 168.0 28.999458 97.000125 1 1 1
78 112 234.000252 168.0 32.00013 103.000125 1 1 1
79 112 209.000034 171.0 32.99994 107.99999999999999 1 1 1
80 112 181.000386 169.999875 39.999852 117.0 1 1 1
81 112 148.000446 168.0 48.999384 126.00000000000001 1 1 1
82 112 112.99964399999999 168.0 52.999866000000004 133.999875 1 1 1
83 112 69.000552 166.000125 61.999398 145.999875 1 1 1
84 112 20.999736 166.000125 70.000362 157.999875 1 1 1
104 128 216.99975600000002 157.000125 25.000218 67.999875 1 1 1
105 128 202.000122 160.000125 28.999458 70.000125 1 1 1
105 129 216.99975600000002 168.0 23.000598 58.000125 1 1 1
106 128 184.999626 160.000125 32.99994 72.0 1 1 1
106 129 207.000414 169.000125 19.999926 60.0 1 1 1
107 128 167.000562 159.0 32.99994 73.999875 1 1 1
107 129 193.00059000000002 168.0 19.999926 63.00000000000001 1 1 1
108 128 154.00054799999998 157.000125 30.00051 76.00012500000001 1 1 1
108 129 177.999714 166.000125 19.000116000000002 64.99987499999999 1 1 1
109 128 137.999862 154.999875 31.00032 79.999875 1 1 1
109 129 162.00027 166.999875 19.000116000000002 67.000125 1 1 1
110 128 118.99974599999999 154.000125 31.00032 82.999875 1 1 1
110 129 143.000154 165.0 21.999546 69.0 1 1 1
111 128 96.00039000000001 151.999875 32.99994 87.0 1 1 1
111 129 119.999556 163.999875 26.999838 73.000125 1 1 1
112 128 70.000362 151.000125 33.99975 91.999875 1 1 1
112 129 95.00058 163.999875 32.00013 76.00012500000001 1 1 1
113 128 41.999472 151.000125 36.000612000000004 97.000125 1 1 1
113 129 71.999982 165.0 34.99956 79.000125 1 1 1
114 128 8.999532 151.999875 41.999472 102.00000000000001 1 1 1
114 129 41.999472 166.999875 38.000232000000004 84.0 1 1 1
115 128 0.0 150.0 11.000394 106.999875 1 1 1
115 129 8.999532 163.000125 46.999764 91.000125 1 1 1
116 129 0.0 163.000125 26.000028 90.0 1 1 1
272 115 445.999716 178.999875 14.999633999999999 55.999874999999996 1 1 1
273 115 444.99990599999995 183.0 14.999633999999999 55.999874999999996 1 1 1
274 115 442.00047600000005 183.0 18.000306000000002 58.999875 1 1 1
274 116 424.99998 178.999875 18.000306000000002 61.000125000000004 1 1 1
275 115 439.999614 184.999875 19.999926 61.000125000000004 1 1 1
275 116 423.00036 180.0 20.999736 63.00000000000001 1 1 1
276 115 437.999994 183.0 19.999926 64.00012500000001 1 1 1
276 116 420.999498 178.999875 19.000116000000002 66.0 1 1 1
277 115 436.000374 181.999875 20.999736 64.99987499999999 1 1 1
277 116 418.000068 178.000125 19.000116000000002 67.999875 1 1 1
278 115 432.999702 178.999875 20.999736 67.999875 1 1 1
278 116 413.99958599999997 174.0 18.000306000000002 70.999875 1 1 1
279 115 429.000462 177.0 20.999736 70.999875 1 1 1
279 116 409.000536 172.999875 20.999736 73.999875 1 1 1
280 115 426.9996 178.000125 21.999546 73.999875 1 1 1
280 116 405.999864 172.999875 18.000306000000002 76.99987499999999 1 1 1
281 115 424.00016999999997 181.000125 21.999546 76.99987499999999 1 1 1
281 116 401.99938199999997 175.000125 19.999926 79.999875 1 1 1
282 115 418.000068 181.999875 26.000028 81.0 1 1 1
282 116 397.00033199999996 175.000125 19.999926 85.000125 1 1 1
283 115 412.999776 181.999875 26.999838 85.000125 1 1 1
283 116 387.999558 175.000125 24.000408 88.99987499999999 1 1 1
284 115 407.999484 180.0 26.999838 90.0 1 1 1
284 116 379.999836 172.999875 26.999838 94.000125 1 1 1
285 115 398.999952 178.999875 27.999648 96.0 1 1 1
285 116 372.000114 172.000125 26.999838 97.99987499999999 1 1 1
286 115 389.00061 178.999875 31.00032 100.999875 1 1 1
286 116 359.0001 172.000125 30.00051 103.999875 1 1 1
287 115 377.000406 180.0 33.99975 109.000125 1 1 1
287 116 345.00027600000004 172.000125 32.00013 112.00012500000001 1 1 1
288 115 361.99953 178.999875 36.000612000000004 118.000125 1 1 1
288 116 328.99959 172.000125 34.99956 118.99987499999999 1 1 1
289 115 345.00027600000004 175.999875 39.999852 127.999875 1 1 1
289 116 309.999474 169.000125 34.99956 129.0 1 1 1
290 115 326.00016 177.0 43.000524 136.999875 1 1 1
290 116 287.999928 166.999875 38.000232000000004 139.999875 1 1 1
291 115 301.999752 175.000125 48.999384 150.0 1 1 1
291 116 261.9999 166.000125 44.000334 151.999875 1 1 1
292 115 272.00048400000003 175.000125 57.000347999999995 166.999875 1 1 1
292 116 229.99976999999998 163.999875 46.999764 169.999875 1 1 1
293 115 235.00006199999999 175.000125 64.00026 186.0 1 1 1
293 116 190.999728 163.000125 52.999866000000004 187.999875 1 1 1
294 115 188.00029800000002 172.999875 74.999412 202.000125 1 1 1
294 116 139.999482 160.999875 64.00026 211.000125 1 1 1
295 115 126.999468 174.0 91.999908 201.0 1 1 1
295 116 76.00046400000001 154.999875 76.00046400000001 220.00012500000003 1 1 1
296 115 39.999852 174.0 116.000316 201.0 1 1 1
296 116 0.0 154.000125 82.00056599999999 220.999875 1 1 1
297 115 0.0 172.000125 72.999792 202.99987499999997 1 1 1
