27 97 430.00027200000005 178.999875 12.000204 42.0 1 1 1
28 97 425.99979 178.000125 12.000204 43.000125000000004 1 1 1
29 97 418.000068 177.0 15.999443999999999 46.000125 1 1 1
30 97 414.999396 181.000125 13.000014 46.000125 1 1 1
31 97 407.999484 181.999875 14.999633999999999 48.0 1 1 1
32 97 399.999762 181.000125 17.000496000000002 49.000125000000004 1 1 1
33 97 393.99966 177.0 15.999443999999999 51.00000000000001 1 1 1
34 97 386.99974799999995 175.000125 15.999443999999999 52.000125000000004 1 1 1
35 97 379.000026 175.000125 17.000496000000002 55.000125 1 1 1
36 97 372.000114 175.999875 17.000496000000002 57.0 1 1 1
37 97 361.99953 178.000125 19.000116000000002 58.999875 1 1 1
38 97 351.000378 178.999875 21.999546 61.999875 1 1 1
39 97 339.999984 178.999875 23.000598 63.00000000000001 1 1 1
40 97 327.99978 178.000125 23.000598 67.000125 1 1 1
41 97 313.999956 178.000125 26.999838 69.0 1 1 1
42 97 298.000512 178.999875 26.000028 73.000125 1 1 1
43 97 281.999826 181.000125 26.000028 76.00012500000001 1 1 1
44 97 262.99971 181.000125 28.999458 81.0 1 1 1
45 97 241.99997399999998 181.999875 31.00032 85.999875 1 1 1
46 97 219.000618 181.999875 34.99956 91.000125 1 1 1
47 97 193.00059000000002 183.0 36.000612000000004 97.000125 1 1 1
48 97 161.00046 181.000125 43.000524 103.000125 1 1 1
49 97 128.00052 181.999875 45.999954 111.0 1 1 1
50 97 89.000478 184.000125 50.000436 120.0 1 1 1
51 97 44.000334 186.0 57.000347999999995 130.000125 1 1 1
52 97 0.0 184.999875 53.999676 144.0 1 1 1
68 124 1108.00062 154.000125 54.999486000000005 82.000125 1 1 1
69 124 1137.999888 154.999875 54.999486000000005 124.000125 1 1 1
69 125 914.0002199999999 166.000125 28.999458 82.000125 1 1 1
70 124 1170.000018 154.999875 64.00026 112.00012500000001 1 1 1
70 125 928.9998539999999 168.0 31.00032 85.000125 1 1 1
71 124 1209.00006 154.000125 32.99994 81.0 1 1 1
71 125 940.0002479999999 166.999875 39.000042 90.0 1 1 1
72 125 959.000364 166.999875 36.000612000000004 94.000125 1 1 1
73 125 984.0005819999999 166.000125 30.00051 100.999875 1 1 1
74 125 1011.00042 163.000125 24.000408 106.000125 1 1 1
76 125 1052.000082 165.0 27.999648 106.999875 1 1 1
77 125 1078.99992 163.999875 40.999662 127.000125 1 1 1
78 125 1117.999962 160.999875 52.999866000000004 142.000125 1 1 1
79 125 1161.0004860000001 162.0 64.00026 148.000125 1 1 1
80 125 1207.00044 163.999875 34.99956 166.999875 1 1 1
86 110 909.9997380000001 175.000125 18.000306000000002 43.999875 1 1 1
87 110 917.99946 174.0 17.000496000000002 48.0 1 1 1
88 110 925.0006139999999 172.999875 18.000306000000002 49.999875 1 1 1
89 110 934.0001460000001 171.0 18.000306000000002 52.999874999999996 1 1 1
90 110 939.000438 178.000125 23.000598 49.000125000000004 1 1 1
91 110 949.99959 169.999875 20.999736 60.0 1 1 1
92 110 960.999984 166.999875 20.999736 64.99987499999999 1 1 1
93 110 971.000568 166.999875 20.999736 67.999875 1 1 1
94 110 982.9995299999999 168.0 21.999546 70.000125 1 1 1
95 110 994.999734 166.999875 24.000408 72.0 1 1 1
96 110 1008.999558 166.999875 23.000598 76.00012500000001 1 1 1
97 110 1022.9993820000001 168.0 26.999838 79.000125 1 1 1
98 110 1037.000448 168.0 30.00051 81.0 1 1 1
99 110 1052.999892 165.0 32.99994 85.999875 1 1 1
100 110 1071.000198 163.999875 34.99956 90.0 1 1 1
101 110 1087.999452 163.000125 39.999852 94.99987499999999 1 1 1
102 110 1111.99986 163.999875 40.999662 99.0 1 1 1
103 110 1139.9995079999999 160.999875 40.999662 105.00000000000001 1 1 1
104 110 1169.000208 157.999875 41.999472 109.000125 1 1 1
105 110 1193.000616 159.0 48.999384 115.00012500000001 1 1 1
105 129 216.99975600000002 168.0 23.000598 58.000125 1 1 1
106 110 1228.000176 166.999875 13.999824 49.000125000000004 1 1 1
106 129 207.000414 169.000125 19.999926 60.0 1 1 1
107 129 193.00059000000002 168.0 19.999926 63.00000000000001 1 1 1
108 129 177.999714 166.000125 19.000116000000002 64.99987499999999 1 1 1
109 129 162.00027 166.999875 19.000116000000002 67.000125 1 1 1
110 129 143.000154 165.0 21.999546 69.0 1 1 1
111 129 119.999556 163.999875 26.999838 73.000125 1 1 1
112 129 95.00058 163.999875 32.00013 76.00012500000001 1 1 1
113 129 71.999982 165.0 34.99956 79.000125 1 1 1
114 129 41.999472 166.999875 38.000232000000004 84.0 1 1 1
115 129 8.999532 163.000125 46.999764 91.000125 1 1 1
116 129 0.0 163.000125 26.000028 90.0 1 1 1
207 130 751.99995 184.999875 26.999838 31.000125 1 1 1
208 130 757.000242 187.000125 31.00032 33.0 1 1 1
209 130 764.0001540000001 187.999875 31.00032 31.999875000000003 1 1 1
210 130 772.999686 190.000125 27.999648 31.000125 1 1 1
211 130 777.000168 186.0 24.000408 37.999875 1 1 1
212 130 784.00008 187.999875 30.00051 36.0 1 1 1
213 130 789.000372 187.999875 30.00051 37.999875 1 1 1
214 130 790.999992 181.000125 33.99975 46.999875 1 1 1
215 130 792.999612 175.999875 37.000422 52.999874999999996 1 1 1
216 130 798.999714 169.999875 37.000422 58.999875 1 1 1
217 130 804.000006 168.0 39.000042 61.999875 1 1 1
218 130 806.999436 169.999875 40.999662 70.999875 1 1 1
219 130 811.999728 165.0 44.000334 76.99987499999999 1 1 1
220 130 817.0000200000001 163.999875 44.000334 81.0 1 1 1
221 130 823.999932 163.999875 45.000144 84.0 1 1 1
222 130 822.000312 166.000125 56.000538 99.0 1 1 1
223 130 829.0002239999999 166.000125 59.999778 106.000125 1 1 1
224 130 836.000136 163.999875 65.99988 114.0 1 1 1
225 130 847.00053 163.999875 70.000362 121.99987499999999 1 1 1
226 130 857.999682 162.0 74.999412 129.0 1 1 1
227 130 870.999696 163.000125 85.99980599999999 135.0 1 1 1
228 130 886.0005719999999 162.0 87.999426 157.999875 1 1 1
229 130 902.999826 162.0 97.0002 156.0 1 1 1
230 130 921.000132 162.0 104.99992200000001 166.000125 1 1 1
231 130 941.000058 159.0 117.000126 196.000125 1 1 1
232 130 967.000086 159.0 128.00052 193.000125 1 1 1
233 130 995.999544 156.0 143.999964 208.000125 1 1 1
234 130 1031.000346 154.000125 163.99989 220.00012500000003 1 1 1
235 130 1077.0003 150.0 164.9997 225.0 1 1 1
236 130 1155.000384 148.000125 86.999616 226.999875 1 1 1
255 53 344.000466 175.999875 31.00032 103.999875 1 1 1
256 53 333.00007200000005 175.999875 31.00032 109.000125 1 1 1
257 53 321.999678 175.999875 31.00032 115.00012500000001 1 1 1
258 53 311.000526 177.0 32.00013 121.000125 1 1 1
259 53 300.99994200000003 175.000125 31.00032 130.000125 1 1 1
260 53 286.000308 174.0 33.99975 136.999875 1 1 1
261 53 269.999622 172.000125 36.000612000000004 148.000125 1 1 1
262 53 248.999886 171.0 39.999852 157.999875 1 1 1
263 53 224.99947799999998 172.000125 41.999472 171.0 1 1 1
264 53 195.00021 169.999875 33.99975 187.999875 1 1 1
266 53 125.999658 168.0 43.000524 120.0 1 1 1
267 53 53.999676 165.0 64.00026 210.00000000000003 1 1 1
268 53 0.0 165.0 50.000436 210.00000000000003 1 1 1
272 115 445.999716 178.999875 14.999633999999999 55.999874999999996 1 1 1
273 115 444.99990599999995 183.0 14.999633999999999 55.999874999999996 1 1 1
274 115 442.00047600000005 183.0 18.000306000000002 58.999875 1 1 1
274 116 424.99998 178.999875 18.000306000000002 61.000125000000004 1 1 1
275 115 439.999614 184.999875 19.999926 61.000125000000004 1 1 1
275 116 423.00036 180.0 20.999736 63.00000000000001 1 1 1
276 115 437.999994 183.0 19.999926 64.00012500000001 1 1 1
276 116 420.999498 178.999875 19.000116000000002 66.0 1 1 1
277 115 436.000374 181.999875 20.999736 64.99987499999999 1 1 1
277 116 418.000068 178.000125 19.000116000000002 67.999875 1 1 1
278 115 432.999702 178.999875 20.999736 67.999875 1 1 1
278 116 413.99958599999997 174.0 18.000306000000002 70.999875 1 1 1
279 115 429.000462 177.0 20.999736 70.999875 1 1 1
279 116 409.000536 172.999875 20.999736 73.999875 1 1 1
280 115 426.9996 178.000125 21.999546 73.999875 1 1 1
280 116 405.999864 172.999875 18.000306000000002 76.99987499999999 1 1 1
281 115 424.00016999999997 181.000125 21.999546 76.99987499999999 1 1 1
281 116 401.99938199999997 175.000125 19.999926 79.999875 1 1 1
282 115 418.000068 181.999875 26.000028 81.0 1 1 1
282 116 397.00033199999996 175.000125 19.999926 85.000125 1 1 1
283 115 412.999776 181.999875 26.999838 85.000125 1 1 1
283 116 387.999558 175.000125 24.000408 88.99987499999999 1 1 1
284 115 407.999484 180.0 26.999838 90.0 1 1 1
284 116 379.999836 172.999875 26.999838 94.000125 1 1 1
285 115 398.999952 178.999875 27.999648 96.0 1 1 1
285 116 372.000114 172.000125 26.999838 97.99987499999999 1 1 1
286 115 389.00061 178.999875 31.00032 100.999875 1 1 1
286 116 359.0001 172.000125 30.00051 103.999875 1 1 1
287 115 377.000406 180.0 33.99975 109.000125 1 1 1
287 116 345.00027600000004 172.000125 32.00013 112.00012500000001 1 1 1
288 115 361.99953 178.999875 36.000612000000004 118.000125 1 1 1
288 116 328.99959 172.000125 34.99956 118.99987499999999 1 1 1
289 115 345.00027600000004 175.999875 39.999852 127.999875 1 1 1
289 116 309.999474 169.000125 34.99956 129.0 1 1 1
290 115 326.00016 177.0 43.000524 136.999875 1 1 1
290 116 287.999928 166.999875 38.000232000000004 139.999875 1 1 1
291 115 301.999752 175.000125 48.999384 150.0 1 1 1
291 116 261.9999 166.000125 44.000334 151.999875 1 1 1
292 115 272.00048400000003 175.000125 57.000347999999995 166.999875 1 1 1
292 116 229.99976999999998 163.999875 46.999764 169.999875 1 1 1
293 115 235.00006199999999 175.000125 64.00026 186.0 1 1 1
293 116 190.999728 163.000125 52.999866000000004 187.999875 1 1 1
294 115 188.00029800000002 172.999875 74.999412 202.000125 1 1 1
294 116 139.999482 160.999875 64.00026 211.000125 1 1 1
295 115 126.999468 174.0 91.999908 201.0 1 1 1
295 116 76.00046400000001 154.999875 76.00046400000001 220.00012500000003 1 1 1
296 115 39.999852 174.0 116.000316 201.0 1 1 1
296 116 0.0 154.000125 82.00056599999999 220.999875 1 1 1
297 115 0.0 172.000125 72.999792 202.99987499999997 1 1 1
325 144 390.00042 169.999875 33.99975 67.999875 1 1 1
326 144 383.00050799999997 171.0 32.99994 70.000125 1 1 1
327 144 372.99992399999996 171.0 34.99956 73.000125 1 1 1
328 144 363.000582 172.000125 37.000422 76.99987499999999 1 1 1
329 144 351.000378 171.0 38.000232000000004 81.0 1 1 1
330 144 337.00055399999997 171.0 36.000612000000004 84.0 1 1 1
331 144 320.99986800000005 172.000125 31.00032 88.000125 1 1 1
332 144 302.999562 172.000125 30.00051 93.0 1 1 1
333 144 285.000498 172.000125 30.00051 97.99987499999999 1 1 1
334 144 263.99952 172.000125 30.00051 66.0 1 1 1
335 144 241.99997399999998 172.000125 31.00032 58.999875 1 1 1
336 144 215.99994600000002 169.000125 32.00013 73.999875 1 1 1
337 144 189.999918 168.0 66.99969 124.999875 1 1 1
338 144 159.999408 165.0 65.99988 136.999875 1 1 1
