0 11 0.563255 0.513298 0.084609 0.188830
0 13 0.000000 0.500000 0.130540 0.340426
0 14 0.190975 0.515957 0.163578 0.316489
0 2 0.352135 0.486702 0.061241 0.159574
0 1 0.525383 0.492021 0.039484 0.095745
0 3 0.226430 0.502660 0.056406 0.023936
0 5 0.399678 0.489362 0.032232 0.106383
0 20 0.311039 0.494681 0.045125 0.090426
0 6 0.351330 0.492021 0.014504 0.042553
0 9 0.431104 0.494681 0.016922 0.050532
0 25 0.473006 0.481383 0.021757 0.061170
0 176 0.502820 0.486702 0.016922 0.047872
0 177 0.495568 0.484043 0.012087 0.042553
