0 11 0.563255 0.507979 0.088638 0.199468
0 13 0.000000 0.489362 0.161966 0.300532
0 14 0.207091 0.510638 0.151491 0.297872
0 2 0.354553 0.484043 0.058824 0.154255
0 1 0.525383 0.486702 0.041902 0.103723
0 3 0.227236 0.497340 0.057212 0.039894
0 5 0.400483 0.486702 0.029009 0.101064
0 20 0.312651 0.492021 0.043513 0.085106
0 6 0.352135 0.489362 0.016116 0.045213
0 9 0.429492 0.492021 0.016922 0.050532
0 25 0.471394 0.476064 0.020951 0.063830
0 176 0.502820 0.484043 0.017728 0.050532
0 177 0.495568 0.481383 0.010475 0.039894
