0 11 0.564061 0.507979 0.084609 0.194149
0 13 0.000000 0.492021 0.144239 0.327128
0 14 0.198227 0.513298 0.157937 0.308511
0 2 0.353747 0.486702 0.059629 0.156915
0 1 0.524577 0.489362 0.041902 0.101064
0 3 0.226430 0.497340 0.056406 0.031915
0 5 0.400483 0.489362 0.031426 0.103723
0 20 0.311845 0.494681 0.044319 0.085106
0 6 0.351330 0.492021 0.012893 0.042553
0 9 0.430298 0.492021 0.016922 0.050532
0 25 0.472200 0.478723 0.021757 0.061170
0 176 0.502820 0.486702 0.016922 0.047872
0 177 0.495568 0.484043 0.012087 0.039894
