0 11 0.563255 0.507979 0.087027 0.196809
0 13 0.000000 0.492021 0.150685 0.316489
0 14 0.202256 0.513298 0.154714 0.300532
0 2 0.353747 0.486702 0.059629 0.154255
0 1 0.525383 0.489362 0.041096 0.101064
0 3 0.228042 0.497340 0.054795 0.034574
0 5 0.401289 0.489362 0.030620 0.101064
0 20 0.311845 0.492021 0.044319 0.087766
0 6 0.352135 0.489362 0.013699 0.047872
0 9 0.430298 0.492021 0.016116 0.050532
0 25 0.472200 0.478723 0.020951 0.061170
0 176 0.502820 0.484043 0.017728 0.050532
0 177 0.495568 0.481383 0.011281 0.042553
