0 11 0.563255 0.510638 0.085415 0.191489
0 13 0.000000 0.494681 0.137792 0.332447
0 14 0.195004 0.515957 0.160355 0.308511
0 2 0.352941 0.486702 0.060435 0.156915
0 1 0.525383 0.489362 0.039484 0.098404
0 3 0.228042 0.500000 0.054795 0.026596
0 5 0.400483 0.489362 0.030620 0.103723
0 20 0.311039 0.494681 0.045125 0.087766
0 6 0.352135 0.492021 0.012893 0.042553
0 9 0.430298 0.492021 0.016922 0.053191
0 25 0.472200 0.478723 0.021757 0.061170
0 176 0.502820 0.486702 0.016922 0.047872
0 177 0.495568 0.484043 0.011281 0.039894
