0 3 18.000306000000002 178.000125 197.99964 84.0 1 1 1
0 5 196.99983 169.999875 89.000478 64.00012500000001 1 1 1
1 3 0.0 178.999875 202.000122 88.99987499999999 1 1 1
1 5 182.000196 171.0 97.0002 66.0 1 1 1
2 3 0.0 180.0 188.00029800000002 91.999875 1 1 1
2 5 165.99951 171.0 104.000112 67.999875 1 1 1
3 3 0.0 181.000125 172.999422 96.0 1 1 1
3 5 150.999876 172.000125 111.000024 70.999875 1 1 1
4 3 0.0 183.0 157.999788 99.0 1 1 1
4 5 135.000432 172.999875 117.99993599999999 72.0 1 1 1
5 3 0.0 184.000125 141.00053400000002 103.999875 1 1 1
5 5 118.99974599999999 172.999875 124.999848 75.0 1 1 1
6 3 0.0 186.0 122.000418 91.000125 1 1 1
6 5 98.99982 172.999875 135.000432 78.0 1 1 1
7 3 0.0 184.999875 103.000302 90.0 1 1 1
7 5 82.00056599999999 172.000125 143.000154 81.0 1 1 1
8 3 0.0 184.000125 83.000376 90.0 1 1 1
8 5 63.00045 169.999875 150.999876 84.0 1 1 1
9 3 0.0 184.999875 61.999398 93.0 1 1 1
9 5 41.999472 169.999875 161.00046 85.999875 1 1 1
10 3 0.0 189.0 39.000042 93.0 1 1 1
10 5 20.999736 169.000125 170.999802 90.0 1 1 1
11 3 0.0 208.99987499999997 13.999824 69.0 1 1 1
11 5 0.0 169.000125 181.000386 91.999875 1 1 1
12 5 0.0 169.000125 169.000182 96.0 1 1 1
13 5 0.0 169.999875 156.000168 99.0 1 1 1
14 5 0.0 172.999875 143.000154 102.00000000000001 1 1 1
15 5 0.0 174.0 129.00033 106.000125 1 1 1
16 5 0.0 175.000125 115.00050599999999 107.99999999999999 1 1 1
17 5 0.0 175.999875 99.99963000000001 88.99987499999999 1 1 1
18 5 0.0 175.000125 84.999996 93.0 1 1 1
19 5 0.0 175.000125 67.9995 94.99987499999999 1 1 1
20 5 0.0 175.000125 52.000056 97.99987499999999 1 1 1
21 5 0.0 181.000125 34.99956 94.99987499999999 1 1 1
22 5 0.0 211.999875 14.999633999999999 60.0 1 1 1
43 4 443.00028599999996 190.999875 20.999736 21.0 1 1 1
44 4 433.99951200000004 190.999875 28.999458 21.0 1 1 1
45 4 431.99989200000005 190.000125 28.999458 22.000125 1 1 1
45 6 479.99946600000004 187.999875 21.999546 16.000124999999997 1 1 1
46 4 431.000082 189.0 27.999648 22.000125 1 1 1
46 6 478.999656 187.999875 21.999546 16.000124999999997 1 1 1
47 4 423.00036 189.0 34.99956 22.000125 1 1 1
47 6 477.999846 187.999875 21.999546 15.0 1 1 1
48 4 418.000068 189.0 38.000232000000004 22.000125 1 1 1
48 6 477.000036 187.000125 21.999546 16.000124999999997 1 1 1
49 4 416.000448 187.999875 39.000042 22.999875 1 1 1
49 6 476.000226 186.0 23.000598 16.999875 1 1 1
50 4 414.999396 189.0 39.000042 22.000125 1 1 1
50 6 475.00041600000003 187.000125 23.000598 16.000124999999997 1 1 1
51 4 412.999776 190.000125 39.000042 22.000125 1 1 1
51 6 474.000606 187.000125 24.000408 16.000124999999997 1 1 1
52 4 410.000346 190.999875 40.999662 22.000125 1 1 1
52 6 472.999554 187.999875 25.000218 16.000124999999997 1 1 1
53 4 407.999484 190.000125 40.999662 22.999875 1 1 1
53 6 472.999554 187.999875 24.000408 16.999875 1 1 1
54 4 405.999864 189.0 41.999472 22.999875 1 1 1
54 6 471.99974399999996 187.000125 25.000218 16.000124999999997 1 1 1
55 4 403.00043400000004 187.999875 43.000524 22.999875 1 1 1
55 6 471.99974399999996 184.999875 24.000408 16.999875 1 1 1
56 4 400.999572 187.000125 43.000524 24.0 1 1 1
56 6 470.00012399999997 184.000125 25.000218 16.999875 1 1 1
57 4 398.000142 186.0 44.000334 25.000125 1 1 1
57 6 469.000314 184.000125 25.000218 18.0 1 1 1
58 4 394.99947000000003 187.000125 44.000334 25.000125 1 1 1
58 6 468.000504 184.999875 25.000218 16.999875 1 1 1
59 4 392.00004 187.999875 45.000144 25.999875000000003 1 1 1
59 6 466.999452 184.999875 24.000408 18.0 1 1 1
60 4 387.999558 187.999875 46.999764 25.000125 1 1 1
60 6 465.999642 184.999875 24.000408 18.0 1 1 1
61 4 384.000318 187.000125 48.999384 25.999875000000003 1 1 1
61 6 464.000022 184.000125 23.000598 18.0 1 1 1
62 4 379.999836 184.999875 48.999384 26.999999999999996 1 1 1
62 6 463.00021200000003 183.0 19.999926 16.999875 1 1 1
63 4 374.99954399999996 184.000125 51.000246000000004 26.999999999999996 1 1 1
63 6 461.000592 181.999875 27.999648 16.999875 1 1 1
64 4 371.00030399999997 184.000125 52.000056 28.000125 1 1 1
64 6 458.99973 181.000125 26.999838 18.0 1 1 1
65 4 365.000202 183.0 54.999486000000005 28.999875 1 1 1
65 6 457.00010999999995 180.0 27.999648 16.999875 1 1 1
65 8 476.000226 175.999875 20.999736 19.000124999999997 1 1 1
66 4 359.0001 184.000125 56.000538 30.0 1 1 1
66 6 456.0003 180.0 27.999648 18.0 1 1 1
66 8 472.999554 177.0 24.000408 19.000124999999997 1 1 1
67 4 353.999808 184.999875 57.000347999999995 31.000125 1 1 1
67 6 463.00021200000003 181.000125 19.000116000000002 19.000124999999997 1 1 1
67 8 472.999554 177.0 21.999546 19.999875 1 1 1
68 4 346.99989600000004 184.999875 60.999587999999996 31.000125 1 1 1
68 6 456.0003 180.0 24.000408 19.000124999999997 1 1 1
68 8 470.999934 175.999875 23.000598 21.0 1 1 1
69 4 339.999984 184.000125 61.999398 31.999875000000003 1 1 1
69 6 450.000198 180.0 28.999458 19.999875 1 1 1
69 8 469.000314 175.999875 23.000598 21.0 1 1 1
70 4 332.000262 184.999875 65.00007 34.000125 1 1 1
70 6 446.99952599999995 181.000125 31.00032 21.0 1 1 1
70 8 466.999452 178.000125 21.999546 19.999875 1 1 1
71 4 324.00054 190.000125 66.99969 34.000125 1 1 1
71 6 444.000096 186.0 32.00013 21.0 1 1 1
71 8 464.999832 181.999875 24.000408 21.0 1 1 1
72 4 315.999576 193.000125 70.000362 34.999875 1 1 1
72 6 439.999614 189.0 33.99975 22.000125 1 1 1
72 8 462.000402 186.0 25.000218 19.999875 1 1 1
73 4 306.00023400000003 193.999875 72.999792 34.999875 1 1 1
73 6 437.000184 189.0 32.99994 22.000125 1 1 1
73 8 459.99953999999997 186.0 25.000218 21.0 1 1 1
74 4 295.99965000000003 193.000125 76.00046400000001 37.000125000000004 1 1 1
74 6 433.99951200000004 187.999875 28.999458 22.000125 1 1 1
74 8 457.00010999999995 184.000125 26.000028 22.000125 1 1 1
75 4 286.000308 190.000125 78.999894 40.000125 1 1 1
75 6 431.000082 186.0 34.99956 22.000125 1 1 1
75 8 457.00010999999995 181.000125 25.000218 22.999875 1 1 1
76 4 273.000294 189.0 79.999704 42.0 1 1 1
76 6 426.9996 184.000125 36.000612000000004 22.000125 1 1 1
76 8 452.99962800000003 178.999875 26.000028 22.999875 1 1 1
77 4 261.9999 189.0 85.99980599999999 40.999875 1 1 1
77 6 423.00036 181.999875 37.000422 24.0 1 1 1
77 8 450.000198 178.000125 26.999838 24.0 1 1 1
78 4 247.00026599999998 190.000125 91.999908 43.999875 1 1 1
78 6 418.999878 184.000125 39.000042 22.999875 1 1 1
78 8 446.99952599999995 180.0 27.999648 22.999875 1 1 1
79 4 233.000442 193.000125 98.00001 46.999875 1 1 1
79 6 418.999878 186.0 36.000612000000004 25.000125 1 1 1
79 8 444.000096 181.999875 28.999458 25.000125 1 1 1
80 4 216.99975600000002 195.0 104.000112 46.999875 1 1 1
80 6 411.999966 187.999875 40.999662 25.000125 1 1 1
80 8 439.999614 183.0 31.00032 25.000125 1 1 1
81 4 200.000502 193.999875 110.00021400000001 52.000125000000004 1 1 1
81 6 406.999674 187.000125 40.999662 25.000125 1 1 1
81 8 437.000184 181.999875 31.00032 25.999875000000003 1 1 1
82 4 180.000576 190.999875 118.99974599999999 55.000125 1 1 1
82 6 403.00043400000004 184.000125 41.999472 25.999875000000003 1 1 1
82 8 432.999702 178.999875 32.00013 25.999875000000003 1 1 1
83 4 158.999598 190.000125 126.999468 58.000125 1 1 1
83 6 398.000142 181.999875 43.000524 26.999999999999996 1 1 1
83 8 430.00027200000005 178.000125 32.99994 25.999875000000003 1 1 1
84 4 137.000052 190.999875 135.000432 60.0 1 1 1
84 6 392.99985000000004 181.999875 45.000144 28.000125 1 1 1
84 8 426.9996 178.000125 32.99994 25.999875000000003 1 1 1
85 4 111.99983399999999 193.000125 146.999394 64.00012500000001 1 1 1
85 6 389.00061 184.000125 45.999954 28.000125 1 1 1
85 8 424.00016999999997 178.999875 32.99994 26.999999999999996 1 1 1
86 4 84.000186 195.0 158.999598 67.999875 1 1 1
86 6 385.00012799999996 184.999875 46.999764 28.999875 1 1 1
86 8 419.99968800000005 180.0 36.000612000000004 28.000125 1 1 1
87 4 52.999866000000004 193.999875 174.000474 72.0 1 1 1
87 6 380.999646 184.000125 47.999574 30.0 1 1 1
87 8 418.000068 180.0 33.99975 28.000125 1 1 1
88 4 18.000306000000002 193.999875 191.999538 76.99987499999999 1 1 1
88 6 376.00059600000003 183.0 48.999384 31.000125 1 1 1
88 8 413.99958599999997 178.999875 36.000612000000004 28.000125 1 1 1
89 4 0.0 193.000125 189.000108 76.00012500000001 1 1 1
89 6 370.00049399999995 181.999875 51.000246000000004 31.000125 1 1 1
89 8 411.000156 177.0 36.000612000000004 28.000125 1 1 1
90 4 0.0 192.0 165.99951 82.000125 1 1 1
90 6 364.000392 181.999875 52.999866000000004 31.000125 1 1 1
90 8 405.999864 177.0 38.000232000000004 28.999875 1 1 1
91 4 0.0 192.0 138.999672 88.000125 1 1 1
91 6 357.00048 181.000125 52.000056 33.0 1 1 1
91 8 398.999952 177.0 41.999472 31.000125 1 1 1
92 4 0.0 196.000125 108.000594 73.999875 1 1 1
92 6 350.000568 183.0 57.000347999999995 34.000125 1 1 1
92 8 398.000142 178.000125 39.999852 33.0 1 1 1
93 4 0.0 199.99987499999997 73.999602 75.0 1 1 1
93 6 342.999414 183.0 58.999967999999996 34.999875 1 1 1
93 8 392.99985000000004 178.000125 41.999472 34.000125 1 1 1
94 4 0.0 219.0 32.99994 64.00012500000001 1 1 1
94 6 334.99969200000004 183.0 61.999398 34.999875 1 1 1
94 8 389.00061 177.0 43.000524 34.000125 1 1 1
95 6 333.00007200000005 183.0 58.000158 36.0 1 1 1
95 8 381.999456 177.0 45.999954 34.999875 1 1 1
96 6 316.99938599999996 184.000125 67.9995 37.999875 1 1 1
96 8 376.00059600000003 178.000125 46.999764 36.0 1 1 1
97 6 307.999854 184.999875 70.000362 39.0 1 1 1
97 8 370.00049399999995 178.000125 48.999384 37.999875 1 1 1
98 6 296.99946 187.000125 73.999602 40.999875 1 1 1
98 8 363.000582 181.000125 51.000246000000004 37.000125000000004 1 1 1
99 6 285.000498 190.000125 78.000084 42.0 1 1 1
99 8 354.999618 183.0 52.999866000000004 39.0 1 1 1
100 6 272.00048400000003 190.999875 82.00056599999999 43.999875 1 1 1
100 8 346.000086 184.000125 56.000538 40.000125 1 1 1
101 6 256.999608 190.000125 86.999616 46.000125 1 1 1
101 8 335.999502 181.999875 59.999778 43.000125000000004 1 1 1
102 6 241.99997399999998 189.0 91.000098 48.0 1 1 1
102 8 326.00016 181.999875 63.00045 43.000125000000004 1 1 1
103 6 224.99947799999998 190.000125 97.0002 49.999875 1 1 1
103 8 314.99976599999997 181.999875 66.99969 45.0 1 1 1
104 6 206.000604 190.000125 104.000112 52.999874999999996 1 1 1
104 8 302.999562 181.999875 71.000172 46.999875 1 1 1
105 6 183.999816 190.000125 112.99964399999999 55.999874999999996 1 1 1
105 8 289.999548 181.999875 76.00046400000001 48.0 1 1 1
106 6 159.999408 189.0 121.000608 61.000125000000004 1 1 1
106 8 274.999914 181.999875 82.00056599999999 51.00000000000001 1 1 1
107 6 131.99976 190.999875 132.99957 63.00000000000001 1 1 1
107 8 256.999608 181.999875 89.000478 52.999874999999996 1 1 1
108 6 99.99963000000001 192.0 145.999584 67.999875 1 1 1
108 8 236.99968199999998 181.999875 99.99963000000001 55.999874999999996 1 1 1
109 6 65.00007 192.0 161.00046 73.999875 1 1 1
109 8 214.000326 181.999875 111.000024 60.0 1 1 1
109 34 503.000064 178.999875 24.000408 15.0 1 1 1
110 6 20.999736 193.000125 181.000386 78.0 1 1 1
110 8 190.999728 181.999875 121.000608 61.999875 1 1 1
110 31 542.999916 181.999875 15.999443999999999 12.0 1 1 1
110 34 502.00025400000004 178.000125 23.000598 16.000124999999997 1 1 1
111 6 0.0 195.0 174.000474 84.0 1 1 1
111 8 163.00008 183.0 132.99957 66.0 1 1 1
111 31 541.0002959999999 181.000125 15.999443999999999 13.999875 1 1 1
111 34 498.999582 178.000125 25.000218 16.000124999999997 1 1 1
112 6 0.0 196.99987500000003 143.000154 90.0 1 1 1
112 8 132.99957 184.000125 146.999394 70.999875 1 1 1
112 31 537.999624 181.000125 18.000306000000002 15.0 1 1 1
112 34 497.999772 178.000125 25.000218 16.999875 1 1 1
113 6 0.0 196.99987500000003 106.999542 84.0 1 1 1
113 8 98.00001 183.0 163.99989 78.0 1 1 1
113 31 536.000004 181.000125 19.000116000000002 16.000124999999997 1 1 1
113 34 496.999962 177.0 24.000408 18.0 1 1 1
114 6 0.0 199.99987499999997 63.00045 85.000125 1 1 1
114 8 57.000347999999995 181.999875 185.999436 84.0 1 1 1
114 31 533.000574 180.0 20.999736 16.000124999999997 1 1 1
114 34 495.000342 175.999875 25.000218 18.0 1 1 1
115 6 0.0 234.0 12.000204 55.000125 1 1 1
115 8 13.000014 183.0 207.000414 88.99987499999999 1 1 1
115 31 529.999902 181.000125 21.999546 16.000124999999997 1 1 1
115 34 492.99948 177.0 27.999648 16.999875 1 1 1
116 8 0.0 184.000125 195.00021 94.000125 1 1 1
116 31 528.0002820000001 181.000125 20.999736 16.000124999999997 1 1 1
116 34 490.99986 175.999875 27.999648 18.0 1 1 1
117 8 0.0 184.000125 163.99989 100.999875 1 1 1
117 31 524.99961 180.0 21.999546 16.999875 1 1 1
117 34 490.00005000000004 175.000125 26.999838 19.000124999999997 1 1 1
118 8 0.0 184.000125 130.00014 100.000125 1 1 1
118 31 522.00018 180.0 23.000598 18.0 1 1 1
118 34 488.00043 175.000125 26.999838 19.000124999999997 1 1 1
119 8 0.0 183.0 90.000288 97.99987499999999 1 1 1
119 31 517.9996980000001 180.0 24.000408 19.000124999999997 1 1 1
119 34 485.99956799999995 175.000125 26.000028 19.000124999999997 1 1 1
120 8 0.0 190.000125 43.000524 100.999875 1 1 1
120 31 514.000458 180.0 25.000218 19.999875 1 1 1
120 34 483.000138 175.000125 31.00032 19.000124999999997 1 1 1
120 61 462.000402 178.000125 18.000306000000002 13.000125 1 1 1
121 31 509.999976 181.000125 26.999838 19.999875 1 1 1
121 34 481.000518 175.000125 30.00051 19.000124999999997 1 1 1
121 61 458.99973 177.0 19.000116000000002 15.0 1 1 1
122 31 503.99987400000003 181.000125 28.999458 21.0 1 1 1
122 34 477.000036 175.000125 28.999458 19.000124999999997 1 1 1
122 61 457.00010999999995 178.000125 17.000496000000002 13.999875 1 1 1
123 31 497.999772 181.000125 31.00032 22.000125 1 1 1
123 34 475.00041600000003 175.000125 28.999458 19.000124999999997 1 1 1
123 61 453.999438 177.0 19.000116000000002 15.0 1 1 1
124 31 492.99948 181.000125 32.00013 24.0 1 1 1
124 34 472.999554 175.000125 27.999648 18.0 1 1 1
124 61 451.000008 175.999875 19.000116000000002 16.000124999999997 1 1 1
125 29 535.000194 177.0 19.999926 15.0 1 1 1
125 31 485.99956799999995 181.999875 33.99975 24.0 1 1 1
125 34 475.00041600000003 175.000125 23.000598 19.000124999999997 1 1 1
125 61 448.000578 175.999875 19.000116000000002 16.999875 1 1 1
126 29 531.9995220000001 178.000125 20.999736 13.999875 1 1 1
126 31 478.999656 181.999875 36.000612000000004 25.999875000000003 1 1 1
126 34 468.000504 175.000125 27.999648 18.0 1 1 1
126 61 444.99990599999995 177.0 25.000218 15.0 1 1 1
127 29 529.000092 178.000125 21.999546 13.000125 1 1 1
127 31 470.00012399999997 181.000125 39.000042 28.000125 1 1 1
127 34 464.000022 175.000125 30.00051 18.0 1 1 1
127 61 442.00047600000005 175.999875 20.999736 16.000124999999997 1 1 1
128 29 524.99961 178.000125 21.999546 13.999875 1 1 1
128 31 461.000592 181.999875 41.999472 30.0 1 1 1
128 34 462.000402 175.000125 31.00032 16.000124999999997 1 1 1
128 61 443.00028599999996 177.0 17.000496000000002 16.000124999999997 1 1 1
129 29 522.00018 177.0 23.000598 16.999875 1 1 1
129 31 450.000198 183.0 46.999764 33.0 1 1 1
129 34 462.000402 175.000125 28.999458 10.999875000000001 1 1 1
129 61 436.000374 177.0 20.999736 16.000124999999997 1 1 1
130 29 517.9996980000001 178.999875 24.000408 16.000124999999997 1 1 1
130 31 437.999994 184.999875 50.000436 34.000125 1 1 1
130 34 458.99973 175.999875 30.00051 19.999875 1 1 1
130 61 432.999702 177.0 20.999736 16.999875 1 1 1
131 29 514.000458 178.999875 25.000218 16.000124999999997 1 1 1
131 31 424.00016999999997 184.999875 56.000538 37.000125000000004 1 1 1
131 34 456.0003 175.000125 31.00032 21.0 1 1 1
131 61 431.000082 178.999875 19.000116000000002 12.0 1 1 1
132 29 509.999976 178.000125 26.000028 18.0 1 1 1
132 31 407.999484 184.999875 60.999587999999996 40.999875 1 1 1
132 34 451.999818 175.000125 32.00013 22.999875 1 1 1
132 61 427.99941 178.000125 20.999736 9.0 1 1 1
133 29 505.999494 178.000125 27.999648 19.000124999999997 1 1 1
133 31 390.00042 184.999875 66.99969 46.000125 1 1 1
133 34 446.99952599999995 174.0 33.99975 24.0 1 1 1
133 40 477.999846 175.999875 14.999633999999999 19.999875 1 1 1
133 61 425.99979 178.000125 19.000116000000002 7.000125 1 1 1
134 29 499.999392 180.0 30.00051 19.000124999999997 1 1 1
134 31 366.999822 187.000125 77.00027399999999 49.999875 1 1 1
134 34 442.00047600000005 175.999875 36.000612000000004 24.0 1 1 1
134 40 475.00041600000003 177.0 15.999443999999999 19.999875 1 1 1
134 61 420.999498 178.000125 19.000116000000002 18.0 1 1 1
135 29 494.00053199999996 180.0 31.00032 19.999875 1 1 1
135 31 339.000174 189.0 87.999426 55.999874999999996 1 1 1
135 34 437.999994 175.999875 38.000232000000004 25.000125 1 1 1
135 40 471.99974399999996 178.000125 18.000306000000002 19.999875 1 1 1
135 61 416.000448 178.999875 20.999736 18.0 1 1 1
136 29 490.00005000000004 180.0 31.00032 19.999875 1 1 1
136 31 304.00061400000004 190.000125 103.000302 61.999875 1 1 1
136 34 433.99951200000004 175.000125 39.000042 25.999875000000003 1 1 1
136 40 469.000314 177.0 18.000306000000002 21.0 1 1 1
136 61 411.999966 178.000125 26.999838 18.0 1 1 1
137 29 483.000138 178.999875 33.99975 21.0 1 1 1
137 31 257.999418 190.000125 124.000038 70.999875 1 1 1
137 34 430.00027200000005 174.0 39.999852 25.999875000000003 1 1 1
137 40 468.000504 175.999875 15.999443999999999 19.999875 1 1 1
137 45 510.999786 175.000125 11.000394 15.0 1 1 1
137 61 407.999484 175.999875 23.000598 19.000124999999997 1 1 1
138 29 476.000226 178.999875 36.000612000000004 22.000125 1 1 1
138 31 195.00021 192.0 155.000358 85.000125 1 1 1
138 34 425.99979 172.999875 39.999852 26.999999999999996 1 1 1
138 40 463.00021200000003 175.000125 18.000306000000002 21.0 1 1 1
138 45 501.000444 175.999875 20.999736 13.000125 1 1 1
138 61 404.000244 175.000125 26.999838 19.000124999999997 1 1 1
139 29 469.000314 178.999875 39.000042 24.0 1 1 1
139 31 105.99973200000001 195.0 203.999742 100.999875 1 1 1
139 34 422.00055 174.0 41.999472 26.999999999999996 1 1 1
139 40 457.99992 174.0 18.000306000000002 22.000125 1 1 1
139 45 502.00025400000004 175.999875 18.000306000000002 13.000125 1 1 1
139 61 400.999572 175.999875 27.999648 19.000124999999997 1 1 1
140 29 461.000592 180.0 40.999662 25.999875000000003 1 1 1
140 31 0.0 202.000125 253.000368 124.999875 1 1 1
140 34 418.999878 174.0 43.000524 28.000125 1 1 1
140 40 457.00010999999995 175.999875 18.000306000000002 19.999875 1 1 1
140 45 499.999392 177.0 19.999926 13.000125 1 1 1
140 61 397.00033199999996 177.0 26.999838 19.999875 1 1 1
141 29 452.99962800000003 181.999875 44.000334 28.000125 1 1 1
141 31 0.0 208.99987499999997 168.000372 142.999875 1 1 1
141 34 413.99958599999997 177.0 44.000334 25.999875000000003 1 1 1
141 40 453.999438 177.0 19.000116000000002 12.0 1 1 1
141 45 498.999582 178.999875 19.999926 13.000125 1 1 1
141 61 392.00004 178.999875 24.000408 19.000124999999997 1 1 1
142 29 442.00047600000005 184.000125 41.999472 28.999875 1 1 1
142 31 0.0 249.0 28.999458 121.000125 1 1 1
142 34 409.000536 177.0 45.000144 25.999875000000003 1 1 1
142 40 450.000198 178.000125 21.999546 7.999875 1 1 1
142 45 497.999772 178.999875 20.999736 13.000125 1 1 1
142 61 389.00061 178.999875 27.999648 19.999875 1 1 1
142 65 198.99945 184.000125 7.999721999999999 18.0 1 1 1
143 29 430.00027200000005 184.999875 46.999764 30.0 1 1 1
143 34 405.00005400000003 177.0 45.000144 26.999999999999996 1 1 1
143 40 446.99952599999995 178.000125 24.000408 7.999875 1 1 1
143 45 495.000342 178.999875 23.000598 13.999875 1 1 1
143 61 385.00012799999996 178.999875 30.00051 21.0 1 1 1
143 65 189.999918 184.999875 8.999532 19.999875 1 1 1
144 29 418.000068 187.000125 52.999866000000004 31.000125 1 1 1
144 34 399.999762 177.0 46.999764 25.999875000000003 1 1 1
144 40 443.00028599999996 178.000125 26.000028 9.0 1 1 1
144 45 495.000342 178.999875 23.000598 13.999875 1 1 1
144 61 379.999836 178.999875 27.999648 21.0 1 1 1
144 65 180.000576 187.000125 11.000394 18.0 1 1 1
145 29 404.000244 186.0 58.000158 34.999875 1 1 1
145 34 393.99966 175.999875 50.000436 25.999875000000003 1 1 1
145 40 439.999614 177.0 20.999736 16.000124999999997 1 1 1
145 45 494.00053199999996 178.999875 23.000598 13.000125 1 1 1
145 61 376.00059600000003 178.000125 23.000598 22.000125 1 1 1
145 65 171.99961199999998 186.0 10.000584 19.000124999999997 1 1 1
146 29 386.99974799999995 186.0 65.99988 37.999875 1 1 1
146 34 391.00023 174.0 51.000246000000004 25.000125 1 1 1
146 40 437.999994 175.999875 26.000028 24.0 1 1 1
146 45 490.99986 178.000125 24.000408 13.000125 1 1 1
146 61 372.99992399999996 177.0 27.999648 22.000125 1 1 1
146 65 162.00027 184.000125 11.000394 19.999875 1 1 1
147 29 366.000012 184.999875 76.00046400000001 43.999875 1 1 1
147 34 396.000522 174.0 43.000524 22.000125 1 1 1
147 40 435.000564 174.0 26.000028 26.999999999999996 1 1 1
147 45 490.00005000000004 175.999875 25.000218 15.0 1 1 1
147 61 368.999442 175.999875 30.00051 22.000125 1 1 1
147 65 150.999876 183.0 13.000014 21.0 1 1 1
148 29 341.999604 186.0 85.99980599999999 49.000125000000004 1 1 1
148 34 390.00042 174.0 43.000524 26.999999999999996 1 1 1
148 40 436.000374 175.000125 24.000408 25.999875000000003 1 1 1
148 45 490.00005000000004 177.0 24.000408 13.999875 1 1 1
148 61 366.000012 177.0 30.00051 13.000125 1 1 1
148 65 137.000052 184.000125 17.000496000000002 21.0 1 1 1
149 29 309.999474 187.999875 100.99944 55.999874999999996 1 1 1
149 34 384.000318 174.0 48.999384 31.000125 1 1 1
149 40 429.000462 175.999875 27.999648 26.999999999999996 1 1 1
149 45 488.00043 175.999875 24.000408 15.0 1 1 1
149 61 361.99953 175.999875 25.000218 13.999875 1 1 1
149 65 126.999468 186.0 17.000496000000002 19.999875 1 1 1
150 29 270.999432 190.000125 117.99993599999999 64.00012500000001 1 1 1
150 34 373.999734 175.000125 56.000538 31.000125 1 1 1
150 40 425.99979 175.999875 27.999648 28.000125 1 1 1
150 42 450.000198 178.999875 28.999458 19.999875 1 1 1
150 45 487.00062 175.999875 24.000408 15.0 1 1 1
150 61 357.00048 177.0 26.000028 16.000124999999997 1 1 1
150 65 113.99945399999999 186.0 19.000116000000002 21.0 1 1 1
151 29 217.99956600000002 192.0 143.999964 76.00012500000001 1 1 1
151 34 364.000392 174.0 61.999398 36.0 1 1 1
151 40 422.00055 175.999875 28.999458 28.000125 1 1 1
151 42 448.000578 178.999875 26.999838 19.999875 1 1 1
151 45 484.999758 175.999875 26.000028 16.000124999999997 1 1 1
151 61 348.999516 175.999875 32.99994 24.0 1 1 1
151 65 97.0002 180.0 25.000218 28.000125 1 1 1
152 29 144.999774 196.99987500000003 181.000386 88.99987499999999 1 1 1
152 34 357.00048 174.0 65.00007 39.0 1 1 1
152 40 417.00025800000003 177.0 30.00051 28.999875 1 1 1
152 42 445.999716 180.0 26.999838 22.000125 1 1 1
152 45 483.99994799999996 177.0 27.999648 16.000124999999997 1 1 1
152 61 345.00027600000004 178.000125 30.00051 25.000125 1 1 1
152 65 82.00056599999999 181.000125 28.999458 28.999875 1 1 1
153 29 36.000612000000004 202.99987499999997 244.999404 109.000125 1 1 1
153 34 351.000378 175.999875 65.99988 39.0 1 1 1
153 40 414.999396 178.999875 30.00051 28.999875 1 1 1
153 42 444.000096 181.000125 27.999648 22.000125 1 1 1
153 45 482.00032799999997 178.000125 26.999838 16.999875 1 1 1
153 61 344.000466 180.0 24.000408 22.000125 1 1 1
153 65 66.99969 180.0 32.00013 31.000125 1 1 1
154 29 0.0 211.000125 214.000326 139.999875 1 1 1
154 34 345.00027600000004 177.0 67.9995 40.999875 1 1 1
154 40 405.999864 180.0 34.99956 30.0 1 1 1
154 42 439.999614 183.0 28.999458 22.000125 1 1 1
154 45 479.99946600000004 178.999875 27.999648 16.999875 1 1 1
154 61 333.00007200000005 181.000125 27.999648 25.000125 1 1 1
154 65 52.000056 184.000125 34.99956 28.999875 1 1 1
155 29 0.0 222.0 112.99964399999999 126.00000000000001 1 1 1
155 34 337.00055399999997 175.999875 71.000172 42.0 1 1 1
155 40 400.999572 178.999875 37.000422 31.000125 1 1 1
155 42 436.000374 183.0 31.00032 22.000125 1 1 1
155 45 477.999846 178.999875 25.000218 16.999875 1 1 1
155 61 326.99996999999996 180.0 30.00051 25.999875000000003 1 1 1
155 65 33.99975 183.0 39.999852 31.000125 1 1 1
156 34 328.99959 175.999875 73.999602 42.0 1 1 1
156 40 397.00033199999996 178.999875 37.000422 31.000125 1 1 1
156 42 431.99989200000005 181.999875 32.99994 22.999875 1 1 1
156 45 477.000036 178.999875 25.000218 16.999875 1 1 1
156 61 320.99986800000005 178.999875 27.999648 25.999875000000003 1 1 1
156 65 18.000306000000002 181.999875 40.999662 33.0 1 1 1
157 34 320.99986800000005 175.000125 76.00046400000001 43.999875 1 1 1
157 40 390.00042 178.000125 39.999852 31.999875000000003 1 1 1
157 42 429.000462 181.000125 32.99994 22.999875 1 1 1
157 45 475.00041600000003 177.0 26.000028 16.999875 1 1 1
157 61 313.999956 178.999875 26.000028 25.999875000000003 1 1 1
157 65 0.9998100000000001 180.0 44.000334 34.999875 1 1 1
158 34 312.000336 175.000125 79.999704 45.0 1 1 1
158 40 385.999938 177.0 39.999852 34.000125 1 1 1
158 42 424.00016999999997 181.000125 33.99975 24.0 1 1 1
158 45 472.999554 178.000125 23.000598 16.000124999999997 1 1 1
158 61 307.000044 178.999875 24.000408 25.999875000000003 1 1 1
158 65 0.0 181.000125 28.999458 36.0 1 1 1
159 34 301.999752 174.0 84.000186 46.999875 1 1 1
159 40 380.999646 175.999875 39.999852 34.999875 1 1 1
159 42 419.99968800000005 180.0 34.99956 25.000125 1 1 1
159 45 470.00012399999997 177.0 21.999546 16.000124999999997 1 1 1
159 61 300.000132 178.000125 26.000028 25.999875000000003 1 1 1
159 65 0.0 181.000125 13.000014 36.0 1 1 1
160 34 291.0006 172.000125 86.999616 49.999875 1 1 1
160 40 373.999734 175.999875 43.000524 34.999875 1 1 1
160 42 416.000448 180.0 36.000612000000004 24.0 1 1 1
160 45 466.999452 177.0 18.000306000000002 15.0 1 1 1
160 61 292.00041 178.000125 24.000408 22.000125 1 1 1
161 34 281.999826 172.999875 90.000288 49.999875 1 1 1
161 40 368.999442 175.000125 44.000334 36.0 1 1 1
161 42 411.000156 178.999875 38.000232000000004 25.000125 1 1 1
161 45 465.999642 178.000125 13.000014 13.999875 1 1 1
161 61 283.99944600000003 177.0 21.999546 19.000124999999997 1 1 1
162 34 269.999622 172.999875 95.00058 51.00000000000001 1 1 1
162 40 361.99953 175.000125 45.999954 37.000125000000004 1 1 1
162 42 405.999864 178.999875 39.999852 25.999875000000003 1 1 1
162 45 463.00021200000003 178.999875 7.999721999999999 13.999875 1 1 1
162 61 274.999914 172.999875 28.999458 21.0 1 1 1
163 34 259.00047 172.999875 98.99982 53.99999999999999 1 1 1
163 40 353.999808 175.999875 48.999384 37.999875 1 1 1
163 42 400.999572 180.0 40.999662 25.999875000000003 1 1 1
164 34 246.00045599999999 172.999875 104.000112 55.000125 1 1 1
164 40 345.00027600000004 175.999875 52.999866000000004 39.0 1 1 1
164 42 396.000522 180.0 41.999472 25.999875000000003 1 1 1
165 34 233.000442 174.0 110.00021400000001 57.0 1 1 1
165 40 338.000364 175.999875 54.999486000000005 40.999875 1 1 1
165 42 391.00023 180.0 44.000334 28.000125 1 1 1
166 34 219.000618 174.0 115.00050599999999 60.0 1 1 1
166 40 329.9994 177.0 57.000347999999995 40.999875 1 1 1
166 42 385.999938 181.000125 45.999954 28.000125 1 1 1
167 34 206.000604 172.999875 119.999556 61.999875 1 1 1
167 40 321.999678 177.0 59.999778 42.0 1 1 1
167 42 379.999836 180.0 39.999852 28.000125 1 1 1
168 34 191.999538 172.000125 124.999848 64.00012500000001 1 1 1
168 40 314.99976599999997 175.999875 60.999587999999996 43.000125000000004 1 1 1
168 42 374.99954399999996 181.000125 30.00051 28.999875 1 1 1
169 34 176.999904 172.000125 130.99995 66.0 1 1 1
169 40 306.00023400000003 175.999875 65.00007 43.999875 1 1 1
169 42 368.999442 181.000125 19.999926 28.999875 1 1 1
169 45 476.000226 175.999875 8.999532 19.000124999999997 1 1 1
170 34 161.00046 172.000125 137.999862 69.0 1 1 1
170 40 296.99946 175.000125 69.000552 46.000125 1 1 1
170 45 465.999642 174.0 17.000496000000002 22.000125 1 1 1
170 46 470.999934 169.999875 26.000028 22.999875 1 1 1
170 51 497.999772 171.0 26.999838 16.999875 1 1 1
171 34 144.999774 172.000125 144.999774 70.000125 1 1 1
171 40 287.999928 175.000125 59.999778 46.999875 1 1 1
171 45 456.0003 172.999875 25.000218 22.999875 1 1 1
171 46 470.00012399999997 169.999875 24.000408 22.999875 1 1 1
171 51 496.000152 171.0 26.999838 16.999875 1 1 1
172 34 128.00052 172.000125 152.999496 73.000125 1 1 1
172 40 278.000586 175.999875 39.999852 43.000125000000004 1 1 1
172 45 445.999716 174.0 36.000612000000004 22.000125 1 1 1
172 46 468.000504 169.999875 25.000218 22.999875 1 1 1
172 51 495.000342 171.0 28.999458 18.0 1 1 1
173 34 111.99983399999999 172.999875 157.999788 76.00012500000001 1 1 1
173 40 266.000382 177.0 30.00051 43.000125000000004 1 1 1
173 45 437.999994 175.000125 41.999472 22.000125 1 1 1
173 46 464.999832 171.0 27.999648 24.0 1 1 1
173 51 494.00053199999996 172.000125 27.999648 18.0 1 1 1
174 34 93.999528 175.000125 152.999496 76.00012500000001 1 1 1
174 45 435.000564 175.000125 44.000334 22.999875 1 1 1
174 46 464.000022 171.0 26.999838 24.0 1 1 1
174 51 492.99948 172.000125 28.999458 18.0 1 1 1
175 34 76.00046400000001 175.999875 136.00024200000001 79.999875 1 1 1
175 45 432.999702 175.999875 43.000524 22.999875 1 1 1
175 46 463.00021200000003 172.000125 26.000028 22.999875 1 1 1
175 51 491.99967000000004 172.999875 27.999648 18.0 1 1 1
175 105 529.999902 172.999875 26.000028 13.999875 1 1 1
176 34 57.000347999999995 178.999875 95.00058 79.000125 1 1 1
176 42 360.99971999999997 183.0 34.99956 34.999875 1 1 1
176 45 431.99989200000005 177.0 44.000334 24.0 1 1 1
176 46 462.000402 172.999875 26.000028 22.999875 1 1 1
176 51 490.99986 174.0 28.999458 18.0 1 1 1
176 105 530.999712 174.0 24.000408 13.999875 1 1 1
177 42 340.999794 184.999875 56.000538 34.999875 1 1 1
177 45 431.000082 178.999875 44.000334 24.0 1 1 1
177 46 459.99953999999997 174.0 26.999838 22.999875 1 1 1
177 51 490.99986 175.000125 27.999648 19.000124999999997 1 1 1
177 105 529.000092 175.999875 26.000028 13.999875 1 1 1
178 42 320.000058 187.000125 71.999982 34.999875 1 1 1
178 45 429.000462 180.0 40.999662 24.0 1 1 1
178 46 458.99973 175.999875 27.999648 22.999875 1 1 1
178 51 490.00005000000004 177.0 28.999458 18.0 1 1 1
178 105 533.000574 177.0 21.999546 13.999875 1 1 1
179 40 260.00028 181.999875 56.000538 58.999875 1 1 1
179 42 314.99976599999997 187.000125 71.000172 36.0 1 1 1
179 45 426.9996 178.999875 40.999662 25.000125 1 1 1
179 46 458.99973 175.999875 27.999648 24.0 1 1 1
179 51 489.00024 175.999875 30.00051 19.999875 1 1 1
179 105 528.0002820000001 177.0 27.999648 13.999875 1 1 1
180 40 200.000502 181.999875 110.00021400000001 60.0 1 1 1
180 42 308.999664 187.000125 73.999602 36.0 1 1 1
180 45 425.99979 180.0 39.999852 25.000125 1 1 1
180 46 457.00010999999995 175.000125 30.00051 25.999875000000003 1 1 1
180 51 489.00024 175.999875 30.00051 19.000124999999997 1 1 1
180 105 533.000574 177.0 23.000598 13.999875 1 1 1
180 61 196.99983 187.000125 6.000102 15.0 1 1 1
181 40 189.999918 181.999875 115.00050599999999 61.000125000000004 1 1 1
181 42 304.00061400000004 187.000125 76.00046400000001 37.000125000000004 1 1 1
181 45 424.00016999999997 178.999875 36.000612000000004 25.999875000000003 1 1 1
181 46 456.0003 175.000125 30.00051 25.999875000000003 1 1 1
181 51 489.00024 175.000125 30.00051 19.999875 1 1 1
181 105 531.9995220000001 175.999875 23.000598 13.999875 1 1 1
181 61 167.000562 184.000125 28.999458 22.000125 1 1 1
182 34 0.0 178.000125 183.000006 103.000125 1 1 1
182 40 178.999524 181.000125 119.999556 63.00000000000001 1 1 1
182 42 298.000512 186.0 79.999704 37.999875 1 1 1
182 45 423.00036 178.000125 44.000334 26.999999999999996 1 1 1
182 46 455.00048999999996 174.0 31.00032 26.999999999999996 1 1 1
182 51 488.00043 175.000125 30.00051 19.999875 1 1 1
182 105 531.9995220000001 175.999875 24.000408 13.999875 1 1 1
182 61 156.000168 183.0 30.00051 22.999875 1 1 1
183 34 0.0 178.000125 170.999802 106.999875 1 1 1
183 40 169.000182 181.000125 124.000038 64.00012500000001 1 1 1
183 42 293.00022 186.0 80.99951399999999 39.0 1 1 1
183 45 420.999498 178.000125 45.999954 25.999875000000003 1 1 1
183 46 453.999438 174.0 31.00032 25.999875000000003 1 1 1
183 51 488.00043 174.0 30.00051 19.999875 1 1 1
183 105 531.9995220000001 175.000125 23.000598 15.0 1 1 1
183 61 145.999584 183.0 31.00032 16.999875 1 1 1
184 34 0.0 178.000125 156.999978 109.000125 1 1 1
184 40 157.999788 180.0 125.999658 66.0 1 1 1
184 42 294.00003000000004 184.999875 76.00046400000001 40.000125 1 1 1
184 45 418.999878 178.000125 47.999574 25.000125 1 1 1
184 46 452.99962800000003 172.999875 31.00032 26.999999999999996 1 1 1
184 51 487.00062 174.0 31.00032 19.999875 1 1 1
184 105 531.9995220000001 174.0 24.000408 15.0 1 1 1
184 61 131.99976 181.999875 36.000612000000004 19.000124999999997 1 1 1
185 34 0.0 178.000125 143.000154 106.000125 1 1 1
185 40 143.999964 180.0 136.00024200000001 67.000125 1 1 1
185 42 276.999534 184.000125 89.000478 40.999875 1 1 1
185 45 417.00025800000003 177.0 45.000144 25.000125 1 1 1
185 46 451.999818 172.000125 31.00032 28.000125 1 1 1
185 51 485.99956799999995 174.0 31.00032 19.000124999999997 1 1 1
185 105 529.999902 174.0 26.000028 15.0 1 1 1
185 61 119.999556 181.999875 39.999852 19.000124999999997 1 1 1
186 34 0.0 177.0 130.00014 91.999875 1 1 1
186 40 131.99976 178.999875 139.999482 69.0 1 1 1
186 42 275.999724 184.999875 85.99980599999999 40.999875 1 1 1
186 45 413.99958599999997 177.0 50.000436 25.999875000000003 1 1 1
186 46 451.000008 172.000125 31.00032 28.000125 1 1 1
186 51 484.999758 172.999875 32.00013 19.999875 1 1 1
186 105 529.000092 172.999875 26.000028 15.0 1 1 1
186 61 104.000112 181.000125 45.999954 19.999875 1 1 1
187 34 0.0 177.0 113.99945399999999 94.99987499999999 1 1 1
187 40 115.00050599999999 178.999875 150.000066 72.0 1 1 1
187 42 268.999812 184.999875 90.000288 42.0 1 1 1
187 45 411.999966 177.0 50.000436 25.000125 1 1 1
187 46 450.000198 172.000125 31.00032 28.000125 1 1 1
187 51 483.99994799999996 172.999875 32.99994 19.999875 1 1 1
187 105 528.0002820000001 172.999875 26.999838 15.0 1 1 1
187 61 92.999718 181.999875 48.999384 19.000124999999997 1 1 1
188 34 0.0 178.000125 100.99944 97.000125 1 1 1
188 40 100.99944 178.999875 157.999788 67.999875 1 1 1
188 42 261.00009 184.999875 92.999718 43.000125000000004 1 1 1
188 45 410.000346 175.999875 50.000436 25.999875000000003 1 1 1
188 46 448.000578 172.000125 31.00032 28.000125 1 1 1
188 51 483.99994799999996 172.999875 31.00032 19.999875 1 1 1
188 105 528.0002820000001 172.999875 26.999838 15.0 1 1 1
188 61 72.999792 181.999875 58.999967999999996 16.999875 1 1 1
189 34 0.0 175.999875 85.99980599999999 102.00000000000001 1 1 1
189 40 84.000186 178.999875 168.000372 73.999875 1 1 1
189 42 254.999988 184.000125 96.00039000000001 43.999875 1 1 1
189 45 407.999484 126.00000000000001 51.000246000000004 76.00012500000001 1 1 1
189 46 445.999716 171.0 32.00013 28.000125 1 1 1
189 51 482.00032799999997 172.000125 32.99994 21.0 1 1 1
189 105 525.99942 172.000125 28.999458 16.000124999999997 1 1 1
189 61 58.000158 181.999875 65.00007 19.999875 1 1 1
190 34 0.0 177.0 71.000172 103.999875 1 1 1
190 40 71.999982 178.000125 172.999422 76.99987499999999 1 1 1
190 42 252.00055799999998 184.000125 95.00058 43.999875 1 1 1
190 45 405.999864 175.000125 52.000056 26.999999999999996 1 1 1
190 46 444.99990599999995 171.0 32.00013 28.000125 1 1 1
190 51 481.000518 172.000125 32.99994 21.0 1 1 1
190 105 524.99961 172.000125 30.00051 15.0 1 1 1
190 60 324.00054 174.0 40.999662 25.999875000000003 1 1 1
190 61 40.999662 181.000125 61.999398 22.000125 1 1 1
191 34 0.0 177.0 54.999486000000005 106.999875 1 1 1
191 40 76.00046400000001 178.000125 162.00027 79.000125 1 1 1
191 42 246.00045599999999 184.000125 97.0002 45.0 1 1 1
191 45 404.000244 175.999875 52.999866000000004 26.999999999999996 1 1 1
191 46 443.00028599999996 171.0 32.99994 28.999875 1 1 1
191 51 481.000518 172.000125 32.00013 21.0 1 1 1
191 105 524.99961 172.000125 28.999458 16.000124999999997 1 1 1
191 60 321.999678 174.0 44.000334 28.000125 1 1 1
191 61 27.999648 181.000125 78.000084 22.000125 1 1 1
192 34 0.0 180.0 40.999662 103.999875 1 1 1
192 40 40.999662 178.000125 190.999728 81.0 1 1 1
192 42 240.000354 184.000125 99.99963000000001 46.000125 1 1 1
192 45 400.999572 126.00000000000001 54.999486000000005 76.99987499999999 1 1 1
192 46 442.00047600000005 171.0 32.99994 28.999875 1 1 1
192 51 478.999656 172.000125 33.99975 21.0 1 1 1
192 105 522.99999 172.999875 30.00051 15.0 1 1 1
192 60 320.000058 175.000125 38.000232000000004 28.000125 1 1 1
192 61 26.999838 180.0 69.000552 28.000125 1 1 1
193 40 27.999648 178.000125 196.00002 82.999875 1 1 1
193 42 233.000442 184.999875 102.00049200000001 46.999875 1 1 1
193 45 398.999952 177.0 54.999486000000005 26.999999999999996 1 1 1
193 46 440.999424 171.0 32.00013 28.999875 1 1 1
193 51 477.999846 172.000125 33.99975 21.0 1 1 1
193 105 522.00018 172.000125 31.00032 16.000124999999997 1 1 1
193 60 315.999576 175.000125 39.999852 28.000125 1 1 1
193 61 0.0 181.000125 86.999616 22.999875 1 1 1
194 40 19.999926 178.000125 196.99983 85.000125 1 1 1
194 42 228.00015 184.999875 104.000112 48.0 1 1 1
194 45 398.000142 127.000125 53.999676 76.99987499999999 1 1 1
194 46 438.999804 171.0 33.99975 30.0 1 1 1
194 51 477.000036 172.999875 33.99975 21.0 1 1 1
194 105 523.9998 172.999875 27.999648 15.0 1 1 1
194 60 313.999956 175.000125 39.000042 28.999875 1 1 1
194 61 0.0 181.999875 77.00027399999999 21.0 1 1 1
195 40 6.999912 180.0 203.999742 85.999875 1 1 1
195 42 222.999858 186.0 104.99992200000001 48.0 1 1 1
195 45 394.99947000000003 127.999875 56.000538 76.99987499999999 1 1 1
195 46 437.999994 172.000125 33.99975 30.0 1 1 1
195 51 476.000226 172.999875 34.99956 22.000125 1 1 1
195 105 523.9998 174.0 27.999648 15.0 1 1 1
195 60 309.999474 175.000125 40.999662 28.999875 1 1 1
195 61 0.0 183.0 66.99969 22.000125 1 1 1
196 40 0.0 181.000125 202.999932 87.0 1 1 1
196 42 217.99956600000002 187.000125 106.999542 49.000125000000004 1 1 1
196 45 393.99966 178.000125 56.000538 28.999875 1 1 1
196 46 436.000374 172.999875 34.99956 30.0 1 1 1
196 51 476.000226 174.0 33.99975 22.000125 1 1 1
196 105 523.9998 175.000125 27.999648 15.0 1 1 1
196 60 307.000044 175.999875 41.999472 30.0 1 1 1
196 61 0.0 184.000125 58.999967999999996 21.0 1 1 1
197 40 0.0 181.999875 196.99983 88.99987499999999 1 1 1
197 42 210.99965400000002 187.999875 110.00021400000001 49.999875 1 1 1
197 45 392.00004 129.0 57.000347999999995 79.999875 1 1 1
197 46 433.99951200000004 174.0 36.000612000000004 28.999875 1 1 1
197 51 475.00041600000003 175.000125 32.99994 21.0 1 1 1
197 105 522.00018 175.000125 28.999458 16.000124999999997 1 1 1
197 60 304.00061400000004 177.0 50.000436 30.0 1 1 1
197 61 0.0 184.999875 48.999384 16.000124999999997 1 1 1
198 40 0.0 181.999875 189.999918 91.000125 1 1 1
198 42 204.99955200000002 187.999875 112.99964399999999 51.00000000000001 1 1 1
198 45 390.00042 129.0 57.000347999999995 81.0 1 1 1
198 46 432.999702 175.000125 36.000612000000004 28.999875 1 1 1
198 51 474.000606 175.000125 33.99975 22.000125 1 1 1
198 105 522.00018 175.000125 31.00032 16.000124999999997 1 1 1
198 60 302.999562 178.000125 41.999472 28.999875 1 1 1
198 61 0.0 186.0 39.000042 15.0 1 1 1
199 40 0.0 181.999875 183.000006 94.000125 1 1 1
199 42 201.000312 189.0 112.99964399999999 51.00000000000001 1 1 1
199 45 389.00061 180.0 57.000347999999995 30.0 1 1 1
199 46 432.999702 175.000125 34.99956 28.999875 1 1 1
199 51 474.000606 175.999875 32.99994 21.0 1 1 1
199 105 522.00018 175.999875 30.00051 16.000124999999997 1 1 1
199 60 299.00032200000004 178.000125 43.000524 30.0 1 1 1
199 61 0.0 187.000125 27.999648 13.999875 1 1 1
200 40 0.0 181.999875 176.000094 96.0 1 1 1
200 42 194.0004 190.000125 117.000126 51.00000000000001 1 1 1
200 45 385.999938 180.0 59.999778 31.000125 1 1 1
200 46 431.000082 175.000125 36.000612000000004 30.0 1 1 1
200 51 472.999554 175.999875 34.99956 21.0 1 1 1
200 105 522.00018 175.999875 31.00032 16.000124999999997 1 1 1
200 60 295.99965000000003 178.999875 44.000334 30.0 1 1 1
200 61 0.0 187.999875 19.000116000000002 19.000124999999997 1 1 1
201 40 0.0 181.999875 167.000562 97.99987499999999 1 1 1
201 42 189.999918 189.0 117.99993599999999 52.999874999999996 1 1 1
201 45 385.999938 130.999875 58.999967999999996 79.999875 1 1 1
201 46 430.00027200000005 175.000125 37.000422 30.0 1 1 1
201 51 472.999554 175.999875 32.99994 21.0 1 1 1
201 105 521.00037 175.999875 31.00032 16.000124999999997 1 1 1
201 60 293.00022 178.000125 45.999954 30.0 1 1 1
201 61 0.0 190.000125 6.999912 12.0 1 1 1
202 40 0.0 183.0 159.999408 99.0 1 1 1
202 42 183.999816 190.000125 121.000608 52.999874999999996 1 1 1
202 45 384.000318 130.999875 59.999778 79.999875 1 1 1
202 46 429.000462 175.000125 37.000422 30.0 1 1 1
202 51 471.99974399999996 175.999875 39.000042 21.0 1 1 1
202 105 521.00037 175.999875 31.00032 16.000124999999997 1 1 1
202 60 291.0006 178.000125 43.000524 31.000125 1 1 1
203 40 0.0 183.0 152.999496 102.00000000000001 1 1 1
203 42 177.999714 190.000125 124.000038 53.99999999999999 1 1 1
203 45 383.00050799999997 181.000125 59.999778 31.000125 1 1 1
203 46 429.000462 175.000125 37.000422 31.000125 1 1 1
203 51 471.99974399999996 175.999875 37.000422 22.000125 1 1 1
203 105 521.00037 175.999875 28.999458 16.000124999999997 1 1 1
203 60 287.999928 178.999875 45.000144 30.0 1 1 1
204 40 0.0 184.000125 146.999394 103.999875 1 1 1
204 42 171.99961199999998 190.999875 125.999658 55.000125 1 1 1
204 45 380.999646 181.999875 60.999587999999996 30.0 1 1 1
204 46 426.9996 175.999875 38.000232000000004 31.000125 1 1 1
204 51 470.999934 177.0 33.99975 21.0 1 1 1
204 105 518.999508 177.0 32.00013 16.000124999999997 1 1 1
204 60 285.000498 178.999875 45.000144 31.000125 1 1 1
205 40 0.0 184.999875 137.999862 105.00000000000001 1 1 1
205 42 168.000372 190.999875 125.999658 55.000125 1 1 1
205 45 379.999836 181.999875 60.999587999999996 31.000125 1 1 1
205 46 425.99979 175.999875 38.000232000000004 31.000125 1 1 1
205 51 470.999934 177.0 37.000422 22.000125 1 1 1
205 105 521.00037 177.0 30.00051 16.000124999999997 1 1 1
205 60 281.999826 178.999875 45.999954 31.000125 1 1 1
206 40 0.0 184.999875 130.99995 102.00000000000001 1 1 1
206 42 161.00046 190.999875 130.00014 57.0 1 1 1
206 45 379.000026 181.999875 61.999398 31.000125 1 1 1
206 46 425.99979 175.999875 38.000232000000004 31.000125 1 1 1
206 51 470.00012399999997 177.0 38.000232000000004 21.0 1 1 1
206 105 518.999508 177.0 32.00013 16.000124999999997 1 1 1
206 60 279.000396 178.999875 46.999764 31.999875000000003 1 1 1
207 40 0.0 183.0 123.00022799999999 93.0 1 1 1
207 42 155.000358 190.999875 131.99976 57.0 1 1 1
207 45 392.00004 181.000125 46.999764 31.999875000000003 1 1 1
207 46 424.00016999999997 175.000125 39.000042 31.999875000000003 1 1 1
207 51 470.00012399999997 177.0 37.000422 21.0 1 1 1
207 105 518.999508 175.999875 32.00013 16.999875 1 1 1
207 60 275.999724 178.999875 60.999587999999996 31.999875000000003 1 1 1
208 40 0.0 184.999875 113.99945399999999 90.0 1 1 1
208 42 149.000256 192.0 135.000432 57.0 1 1 1
208 45 389.00061 181.000125 50.000436 31.999875000000003 1 1 1
208 46 424.00016999999997 175.000125 38.000232000000004 31.999875000000003 1 1 1
208 51 469.000314 175.999875 34.99956 22.000125 1 1 1
208 105 518.999508 175.999875 32.00013 16.999875 1 1 1
208 60 273.000294 178.999875 61.999398 31.999875000000003 1 1 1
209 40 0.0 184.999875 104.000112 91.000125 1 1 1
209 42 142.000344 192.0 137.999862 58.999875 1 1 1
209 45 385.999938 181.000125 52.000056 31.999875000000003 1 1 1
209 46 420.999498 175.000125 40.999662 31.999875000000003 1 1 1
209 51 469.000314 175.999875 33.99975 22.999875 1 1 1
209 105 521.00037 175.999875 30.00051 16.999875 1 1 1
209 60 269.999622 178.000125 65.99988 31.999875000000003 1 1 1
210 40 0.0 184.000125 97.0002 93.0 1 1 1
210 39 597.999402 174.0 19.000116000000002 9.0 1 1 1
210 42 137.000052 190.999875 138.999672 60.0 1 1 1
210 45 383.00050799999997 181.000125 53.999676 31.999875000000003 1 1 1
210 46 420.999498 175.000125 39.999852 31.999875000000003 1 1 1
210 51 468.000504 175.999875 34.99956 22.000125 1 1 1
210 105 520.00056 175.999875 30.00051 16.000124999999997 1 1 1
210 60 268.999812 178.999875 60.999587999999996 31.999875000000003 1 1 1
210 59 262.99971 178.000125 27.999648 19.999875 1 1 1
211 40 0.0 184.999875 87.999426 94.000125 1 1 1
211 39 595.999782 174.0 19.000116000000002 10.999875000000001 1 1 1
211 42 130.99995 192.0 142.000344 60.0 1 1 1
211 45 379.999836 181.000125 56.000538 31.999875000000003 1 1 1
211 46 419.99968800000005 175.000125 39.999852 31.999875000000003 1 1 1
211 51 468.000504 175.999875 34.99956 22.000125 1 1 1
211 105 520.00056 175.999875 31.00032 16.000124999999997 1 1 1
211 60 263.99952 178.999875 52.000056 33.0 1 1 1
211 59 260.00028 178.999875 26.000028 21.0 1 1 1
212 40 0.0 184.999875 79.999704 96.0 1 1 1
212 39 594.000162 174.0 19.999926 12.0 1 1 1
212 42 124.000038 192.0 145.999584 61.000125000000004 1 1 1
212 45 376.00059600000003 181.000125 58.999967999999996 33.0 1 1 1
212 46 418.999878 175.000125 40.999662 31.999875000000003 1 1 1
212 51 466.999452 175.999875 36.000612000000004 22.000125 1 1 1
212 105 520.00056 175.999875 31.00032 16.999875 1 1 1
212 60 261.9999 178.999875 66.99969 33.0 1 1 1
212 59 254.999988 178.999875 28.999458 22.000125 1 1 1
213 40 0.0 184.999875 71.999982 97.99987499999999 1 1 1
213 39 592.000542 174.0 20.999736 13.000125 1 1 1
213 42 118.99974599999999 192.0 146.999394 63.00000000000001 1 1 1
213 45 373.999734 181.000125 59.999778 33.0 1 1 1
213 46 418.999878 175.000125 39.999852 33.0 1 1 1
213 51 466.999452 175.999875 36.000612000000004 22.000125 1 1 1
213 105 518.999508 175.999875 32.00013 16.000124999999997 1 1 1
213 60 261.00009 178.999875 65.99988 33.0 1 1 1
213 59 248.000076 178.999875 32.99994 24.0 1 1 1
214 40 0.0 186.0 63.00045 99.0 1 1 1
214 39 589.99968 174.0 20.999736 13.999875 1 1 1
214 42 111.99983399999999 193.000125 150.999876 63.00000000000001 1 1 1
214 45 371.00030399999997 181.000125 61.999398 33.0 1 1 1
214 46 418.000068 174.0 40.999662 33.0 1 1 1
214 51 465.999642 175.999875 36.000612000000004 22.999875 1 1 1
214 105 520.00056 175.000125 31.00032 16.999875 1 1 1
214 60 259.00047 178.999875 64.00026 34.000125 1 1 1
214 59 247.00026599999998 178.999875 32.99994 25.000125 1 1 1
215 40 0.0 186.0 56.000538 100.999875 1 1 1
215 39 588.0000600000001 172.999875 19.999926 13.999875 1 1 1
215 42 105.99973200000001 193.000125 154.00054799999998 63.00000000000001 1 1 1
215 45 368.999442 180.0 64.00026 34.000125 1 1 1
215 46 417.00025800000003 174.0 41.999472 33.0 1 1 1
215 51 465.999642 175.999875 36.000612000000004 22.000125 1 1 1
215 105 520.00056 175.000125 31.00032 16.999875 1 1 1
215 60 256.999608 178.999875 53.999676 34.000125 1 1 1
215 59 241.99997399999998 178.999875 34.99956 24.0 1 1 1
216 40 0.0 187.000125 48.999384 100.999875 1 1 1
216 39 586.00044 172.999875 19.999926 13.999875 1 1 1
216 42 100.99944 192.0 155.000358 64.99987499999999 1 1 1
216 45 366.000012 180.0 65.99988 34.000125 1 1 1
216 46 417.00025800000003 174.0 40.999662 33.0 1 1 1
216 51 464.999832 175.000125 38.000232000000004 22.000125 1 1 1
216 105 518.999508 175.000125 32.00013 16.999875 1 1 1
216 60 254.000178 178.000125 69.000552 36.0 1 1 1
216 59 240.000354 178.999875 37.000422 24.0 1 1 1
217 40 0.0 187.000125 39.999852 102.00000000000001 1 1 1
217 39 582.999768 172.000125 20.999736 15.0 1 1 1
217 42 95.00058 190.999875 158.999598 66.0 1 1 1
217 45 364.000392 180.0 66.99969 34.000125 1 1 1
217 46 416.000448 172.999875 40.999662 34.000125 1 1 1
217 51 464.999832 175.000125 38.000232000000004 22.000125 1 1 1
217 105 517.9996980000001 174.0 32.00013 18.0 1 1 1
217 60 253.000368 177.0 67.9995 37.000125000000004 1 1 1
217 59 241.00016399999998 178.000125 33.99975 25.000125 1 1 1
218 40 0.0 186.0 33.99975 103.999875 1 1 1
218 39 580.0003379999999 172.999875 23.000598 15.0 1 1 1
218 42 89.000478 192.0 163.00008 66.0 1 1 1
218 45 360.99971999999997 178.999875 69.000552 34.999875 1 1 1
218 46 411.999966 172.999875 44.000334 34.000125 1 1 1
218 51 464.999832 175.000125 37.000422 22.000125 1 1 1
218 105 517.9996980000001 174.0 32.00013 16.999875 1 1 1
218 60 250.999506 177.0 69.000552 36.0 1 1 1
218 59 241.00016399999998 177.0 36.000612000000004 25.000125 1 1 1
219 39 577.9994760000001 172.999875 23.000598 15.0 1 1 1
219 42 84.999996 192.0 164.9997 66.0 1 1 1
219 45 360.99971999999997 178.999875 69.000552 34.999875 1 1 1
219 46 411.999966 172.999875 44.000334 33.0 1 1 1
219 51 464.000022 174.0 37.000422 22.999875 1 1 1
219 105 517.9996980000001 174.0 32.00013 16.999875 1 1 1
219 60 250.999506 177.0 54.999486000000005 36.0 1 1 1
219 59 242.99978399999998 177.0 32.00013 25.000125 1 1 1
220 39 575.000046 172.999875 24.000408 16.000124999999997 1 1 1
220 42 80.99951399999999 192.0 167.000562 67.000125 1 1 1
220 45 359.99990999999994 178.999875 69.000552 34.999875 1 1 1
220 46 411.000156 172.999875 45.000144 34.000125 1 1 1
220 51 464.000022 174.0 37.000422 22.999875 1 1 1
220 105 517.9996980000001 174.0 32.00013 16.999875 1 1 1
220 60 248.999886 177.0 56.000538 37.000125000000004 1 1 1
220 59 240.000354 177.0 33.99975 25.000125 1 1 1
221 39 572.000616 174.0 23.000598 15.0 1 1 1
221 42 78.999894 192.0 165.99951 67.999875 1 1 1
221 45 359.99990999999994 180.0 67.9995 34.999875 1 1 1
221 46 412.999776 174.0 43.000524 33.0 1 1 1
221 51 464.000022 175.000125 37.000422 22.000125 1 1 1
221 105 518.999508 175.000125 31.00032 16.999875 1 1 1
221 60 248.000076 178.000125 56.000538 36.0 1 1 1
221 59 235.99987199999998 178.000125 33.99975 25.000125 1 1 1
222 39 568.999944 175.000125 24.000408 16.000124999999997 1 1 1
222 42 76.00046400000001 193.999875 168.000372 67.000125 1 1 1
222 45 359.0001 181.000125 69.000552 34.000125 1 1 1
222 46 411.999966 174.0 43.000524 34.000125 1 1 1
222 51 463.00021200000003 175.000125 38.000232000000004 22.999875 1 1 1
222 105 518.999508 175.000125 31.00032 18.0 1 1 1
222 60 247.00026599999998 178.000125 69.000552 37.000125000000004 1 1 1
222 59 234.000252 178.000125 41.999472 25.000125 1 1 1
223 39 566.000514 175.000125 25.000218 16.000124999999997 1 1 1
223 42 73.999602 193.999875 168.000372 67.000125 1 1 1
223 45 358.00028999999995 181.000125 70.000362 34.000125 1 1 1
223 46 411.000156 174.0 44.000334 34.000125 1 1 1
223 51 463.00021200000003 175.999875 38.000232000000004 22.000125 1 1 1
223 105 517.9996980000001 175.000125 32.00013 18.0 1 1 1
223 60 246.00045599999999 178.000125 70.000362 37.000125000000004 1 1 1
223 59 235.99987199999998 178.999875 32.00013 24.0 1 1 1
224 39 562.9998420000001 175.000125 25.000218 16.999875 1 1 1
224 42 71.000172 193.999875 169.999992 67.999875 1 1 1
224 45 358.00028999999995 181.000125 70.000362 34.999875 1 1 1
224 46 410.000346 174.0 45.000144 34.000125 1 1 1
224 51 463.00021200000003 175.999875 38.000232000000004 22.000125 1 1 1
224 105 518.999508 175.000125 31.00032 18.0 1 1 1
224 60 244.999404 178.999875 71.000172 36.0 1 1 1
224 59 234.000252 178.000125 37.000422 25.000125 1 1 1
225 39 560.000412 175.000125 25.000218 16.999875 1 1 1
225 42 67.9995 193.999875 170.999802 69.0 1 1 1
225 45 357.00048 181.000125 70.000362 34.999875 1 1 1
225 46 411.000156 174.0 44.000334 34.000125 1 1 1
225 51 462.000402 175.999875 39.000042 22.000125 1 1 1
225 105 518.999508 175.000125 32.00013 18.0 1 1 1
225 60 243.999594 178.000125 58.000158 37.999875 1 1 1
225 59 234.000252 178.000125 33.99975 25.999875000000003 1 1 1
226 39 556.99974 175.000125 25.000218 16.999875 1 1 1
226 42 67.9995 193.999875 169.999992 69.0 1 1 1
226 45 357.00048 181.000125 70.000362 34.000125 1 1 1
226 46 411.000156 174.0 43.000524 34.000125 1 1 1
226 51 462.000402 175.000125 39.000042 22.999875 1 1 1
226 105 517.9996980000001 175.000125 32.00013 18.0 1 1 1
226 60 243.999594 178.000125 70.000362 37.999875 1 1 1
226 59 233.000442 178.000125 34.99956 25.000125 1 1 1
227 39 555.99993 175.000125 23.000598 18.0 1 1 1
227 42 64.00026 193.999875 172.999422 69.0 1 1 1
227 45 357.00048 181.000125 69.000552 34.999875 1 1 1
227 46 411.000156 174.0 43.000524 34.999875 1 1 1
227 51 462.000402 175.000125 39.000042 24.0 1 1 1
227 105 517.9996980000001 175.000125 32.00013 18.0 1 1 1
227 60 242.99978399999998 178.000125 58.000158 37.999875 1 1 1
227 59 229.99976999999998 178.000125 39.000042 25.000125 1 1 1
228 39 549.000018 175.999875 26.999838 16.999875 1 1 1
228 42 63.00045 193.999875 172.999422 70.000125 1 1 1
228 43 603.999504 172.000125 20.999736 10.000125 1 1 1
228 45 355.999428 181.000125 70.000362 34.999875 1 1 1
228 46 410.000346 175.000125 44.000334 34.000125 1 1 1
228 51 462.000402 175.999875 39.000042 22.999875 1 1 1
228 105 517.9996980000001 175.999875 32.99994 16.999875 1 1 1
228 60 241.99997399999998 178.000125 58.000158 37.999875 1 1 1
228 59 229.99976999999998 178.000125 37.000422 25.000125 1 1 1
229 39 544.9995359999999 177.0 27.999648 16.999875 1 1 1
229 42 59.999778 193.999875 176.000094 70.000125 1 1 1
229 43 601.000074 172.999875 23.000598 10.999875000000001 1 1 1
229 45 355.999428 181.999875 70.000362 34.000125 1 1 1
229 46 411.000156 175.000125 43.000524 34.000125 1 1 1
229 51 462.000402 175.999875 39.000042 22.999875 1 1 1
229 105 518.999508 175.999875 31.00032 16.999875 1 1 1
229 60 241.99997399999998 178.999875 71.000172 37.000125000000004 1 1 1
229 59 228.99996 178.999875 34.99956 25.000125 1 1 1
230 39 541.0002959999999 177.0 28.999458 19.000124999999997 1 1 1
230 42 57.000347999999995 195.0 176.999904 70.000125 1 1 1
230 43 600.000264 172.999875 21.999546 12.0 1 1 1
230 45 355.999428 181.999875 70.000362 34.999875 1 1 1
230 46 406.999674 175.000125 46.999764 34.000125 1 1 1
230 51 461.000592 177.0 39.999852 22.000125 1 1 1
230 105 516.000078 175.999875 30.00051 16.999875 1 1 1
230 60 241.00016399999998 178.999875 57.000347999999995 37.999875 1 1 1
230 59 228.99996 178.999875 36.000612000000004 25.000125 1 1 1
231 39 536.999814 177.0 28.999458 19.000124999999997 1 1 1
231 42 56.000538 195.0 177.999714 70.000125 1 1 1
231 43 596.999592 172.999875 23.000598 13.999875 1 1 1
231 45 354.999618 181.999875 71.000172 34.999875 1 1 1
231 46 410.000346 175.000125 44.000334 34.000125 1 1 1
231 51 462.000402 175.999875 39.000042 22.999875 1 1 1
231 105 516.999888 177.0 27.999648 16.999875 1 1 1
231 60 240.000354 178.999875 72.999792 37.999875 1 1 1
231 59 228.00015 178.999875 37.000422 24.0 1 1 1
232 39 533.000574 178.000125 28.999458 19.000124999999997 1 1 1
232 42 56.000538 195.0 176.999904 70.000125 1 1 1
232 43 594.999972 172.999875 23.000598 15.0 1 1 1
232 45 354.999618 181.000125 70.000362 36.0 1 1 1
232 46 410.000346 175.000125 43.000524 34.000125 1 1 1
232 51 462.000402 175.999875 39.000042 24.0 1 1 1
232 105 517.9996980000001 177.0 26.999838 16.000124999999997 1 1 1
232 60 240.000354 178.999875 72.999792 37.999875 1 1 1
232 59 227.00034 178.999875 36.000612000000004 24.0 1 1 1
233 39 529.000092 177.0 30.00051 19.999875 1 1 1
233 42 53.999676 193.999875 176.999904 70.999875 1 1 1
233 43 592.000542 172.999875 24.000408 15.0 1 1 1
233 45 354.999618 181.000125 70.000362 36.0 1 1 1
233 46 411.000156 175.000125 41.999472 34.000125 1 1 1
233 51 461.000592 175.999875 39.000042 22.999875 1 1 1
233 105 517.9996980000001 177.0 21.999546 16.000124999999997 1 1 1
233 60 240.000354 178.999875 71.999982 37.999875 1 1 1
233 59 227.00034 178.999875 37.000422 24.0 1 1 1
234 39 525.99942 178.000125 32.00013 19.999875 1 1 1
234 42 52.999866000000004 193.999875 177.999714 70.999875 1 1 1
234 43 589.99968 172.999875 25.000218 15.0 1 1 1
234 45 354.999618 181.000125 70.000362 36.0 1 1 1
234 46 411.000156 175.000125 41.999472 34.000125 1 1 1
234 51 462.000402 175.999875 38.000232000000004 22.999875 1 1 1
234 105 517.9996980000001 177.0 17.000496000000002 16.000124999999997 1 1 1
234 60 239.000544 178.999875 58.000158 37.999875 1 1 1
234 59 227.00034 178.999875 38.000232000000004 25.000125 1 1 1
235 39 521.00037 177.0 32.00013 21.0 1 1 1
235 42 52.000056 193.999875 178.999524 70.999875 1 1 1
235 43 588.99987 172.999875 23.000598 15.0 1 1 1
235 45 354.999618 181.000125 70.000362 36.0 1 1 1
235 46 411.999966 175.000125 40.999662 34.000125 1 1 1
235 51 461.000592 175.999875 39.000042 22.999875 1 1 1
235 105 516.000078 175.999875 14.999633999999999 15.0 1 1 1
235 60 237.99949199999998 178.999875 71.000172 37.999875 1 1 1
235 59 227.00034 178.999875 39.000042 25.999875000000003 1 1 1
236 39 517.9996980000001 178.000125 32.99994 21.0 1 1 1
236 42 48.999384 195.0 181.000386 70.999875 1 1 1
236 43 587.00025 172.999875 23.000598 15.0 1 1 1
236 45 354.999618 181.000125 70.000362 36.0 1 1 1
236 46 411.000156 175.000125 41.999472 34.000125 1 1 1
236 51 461.000592 175.999875 39.000042 22.999875 1 1 1
236 60 237.99949199999998 178.999875 72.999792 37.999875 1 1 1
236 59 227.00034 178.999875 37.000422 25.000125 1 1 1
237 39 512.999406 178.000125 33.99975 22.000125 1 1 1
237 42 50.000436 195.0 180.000576 70.999875 1 1 1
237 43 583.9995779999999 172.999875 24.000408 16.000124999999997 1 1 1
237 45 353.999808 181.000125 71.000172 36.0 1 1 1
237 46 411.000156 174.0 41.999472 34.999875 1 1 1
237 51 461.000592 175.999875 39.000042 22.999875 1 1 1
237 105 542.999916 178.000125 6.999912 7.999875 1 1 1
237 60 237.99949199999998 178.999875 72.999792 37.999875 1 1 1
237 59 227.00034 178.000125 39.000042 25.999875000000003 1 1 1
238 39 509.000166 178.999875 33.99975 22.000125 1 1 1
238 42 48.999384 193.999875 180.000576 70.999875 1 1 1
238 43 581.000148 174.0 25.000218 15.0 1 1 1
238 45 353.999808 181.000125 71.000172 36.0 1 1 1
238 46 410.000346 174.0 43.000524 34.999875 1 1 1
238 51 461.000592 175.999875 39.000042 22.999875 1 1 1
238 105 534.000384 177.0 14.999633999999999 16.000124999999997 1 1 1
238 60 237.99949199999998 178.999875 71.999982 37.999875 1 1 1
238 59 226.00053 178.999875 36.000612000000004 25.000125 1 1 1
239 39 503.99987400000003 178.999875 36.000612000000004 22.999875 1 1 1
239 42 47.999574 193.999875 182.000196 70.999875 1 1 1
239 43 577.9994760000001 172.999875 26.000028 16.999875 1 1 1
239 45 353.999808 181.000125 70.000362 36.0 1 1 1
239 46 409.000536 174.0 44.000334 34.999875 1 1 1
239 51 461.000592 175.999875 38.000232000000004 22.999875 1 1 1
239 105 530.999712 175.999875 19.000116000000002 16.000124999999997 1 1 1
239 60 237.99949199999998 178.999875 71.999982 37.999875 1 1 1
239 59 227.00034 178.000125 37.000422 25.999875000000003 1 1 1
240 39 501.000444 178.999875 34.99956 22.999875 1 1 1
240 42 48.999384 195.0 181.000386 70.999875 1 1 1
240 43 575.999856 174.0 26.000028 16.000124999999997 1 1 1
240 45 353.999808 181.000125 70.000362 36.0 1 1 1
240 46 411.000156 174.0 41.999472 34.999875 1 1 1
240 51 461.000592 175.999875 39.999852 22.999875 1 1 1
240 105 527.0004720000001 175.999875 23.000598 18.0 1 1 1
240 60 237.99949199999998 178.999875 72.999792 37.999875 1 1 1
240 59 227.00034 178.999875 32.99994 25.000125 1 1 1
241 39 495.000342 180.0 37.000422 24.0 1 1 1
241 42 48.999384 196.000125 181.000386 70.000125 1 1 1
241 43 573.0004260000001 175.000125 26.999838 16.000124999999997 1 1 1
241 45 353.999808 181.999875 71.000172 36.0 1 1 1
241 46 409.000536 175.000125 44.000334 34.999875 1 1 1
241 51 461.000592 177.0 37.000422 22.999875 1 1 1
241 105 524.99961 177.0 24.000408 16.999875 1 1 1
241 60 237.99949199999998 180.0 72.999792 37.000125000000004 1 1 1
241 59 227.00034 180.0 37.000422 24.0 1 1 1
242 39 490.00005000000004 181.000125 39.000042 25.000125 1 1 1
242 42 48.999384 196.000125 181.000386 70.999875 1 1 1
242 43 570.999564 175.000125 26.999838 16.999875 1 1 1
242 45 353.999808 183.0 71.000172 34.999875 1 1 1
242 46 410.000346 175.999875 43.000524 34.999875 1 1 1
242 51 461.000592 177.0 34.99956 22.999875 1 1 1
242 105 522.99999 177.0 26.000028 18.0 1 1 1
242 60 237.99949199999998 180.0 73.999602 37.999875 1 1 1
242 59 227.00034 180.0 33.99975 24.0 1 1 1
243 39 484.999758 181.000125 39.999852 25.000125 1 1 1
243 42 48.999384 196.000125 181.000386 70.999875 1 1 1
243 43 568.000134 175.000125 26.999838 16.999875 1 1 1
243 45 353.999808 183.0 71.000172 34.999875 1 1 1
243 46 409.000536 175.999875 44.000334 34.000125 1 1 1
243 51 461.000592 177.0 33.99975 22.999875 1 1 1
243 105 520.00056 177.0 28.999458 18.0 1 1 1
243 60 237.99949199999998 180.0 72.999792 37.999875 1 1 1
243 59 224.99947799999998 180.0 38.000232000000004 24.0 1 1 1
244 39 483.000138 181.000125 38.000232000000004 26.999999999999996 1 1 1
244 42 50.000436 196.000125 180.000576 70.999875 1 1 1
244 43 564.999462 175.000125 26.999838 18.0 1 1 1
244 45 353.999808 183.0 71.000172 34.999875 1 1 1
244 46 410.000346 175.999875 43.000524 34.999875 1 1 1
244 51 461.000592 177.0 32.99994 22.999875 1 1 1
244 105 518.999508 177.0 30.00051 18.0 1 1 1
244 60 237.99949199999998 180.0 72.999792 37.999875 1 1 1
244 59 226.00053 181.000125 36.000612000000004 22.999875 1 1 1
245 39 472.999554 181.999875 44.000334 26.999999999999996 1 1 1
245 42 48.999384 196.99987500000003 181.000386 70.999875 1 1 1
245 43 562.000032 175.999875 28.999458 18.0 1 1 1
245 45 353.999808 183.0 71.000172 36.0 1 1 1
245 46 411.000156 175.999875 41.999472 34.999875 1 1 1
245 51 461.000592 177.0 33.99975 22.999875 1 1 1
245 105 516.999888 178.000125 32.00013 16.999875 1 1 1
245 60 237.99949199999998 181.000125 72.999792 37.999875 1 1 1
245 59 224.99947799999998 181.000125 37.000422 24.0 1 1 1
246 39 466.999452 181.999875 45.000144 28.999875 1 1 1
246 42 48.999384 196.99987500000003 181.000386 70.999875 1 1 1
246 43 560.000412 175.999875 27.999648 18.0 1 1 1
246 45 353.999808 183.0 71.000172 36.0 1 1 1
246 46 410.000346 177.0 43.000524 34.000125 1 1 1
246 51 461.000592 177.0 33.99975 25.000125 1 1 1
246 105 518.999508 178.000125 31.00032 18.0 1 1 1
246 60 237.99949199999998 181.000125 71.999982 37.999875 1 1 1
246 59 227.00034 181.000125 37.000422 24.0 1 1 1
247 39 461.000592 183.0 45.999954 28.999875 1 1 1
247 42 47.999574 196.99987500000003 182.000196 70.999875 1 1 1
247 43 556.99974 177.0 27.999648 18.0 1 1 1
247 44 601.000074 174.0 20.999736 13.999875 1 1 1
247 45 353.999808 183.0 71.000172 36.0 1 1 1
247 46 411.000156 177.0 40.999662 34.000125 1 1 1
247 51 458.99973 178.000125 36.000612000000004 22.999875 1 1 1
247 105 517.9996980000001 178.000125 32.00013 18.0 1 1 1
247 60 237.99949199999998 181.000125 71.999982 37.999875 1 1 1
247 59 227.00034 181.000125 38.000232000000004 24.0 1 1 1
248 39 452.99962800000003 183.0 48.999384 30.0 1 1 1
248 42 47.999574 196.99987500000003 181.000386 70.999875 1 1 1
248 43 555.0001199999999 177.0 27.999648 18.0 1 1 1
248 44 599.000454 174.0 21.999546 15.0 1 1 1
248 45 353.999808 183.0 70.000362 36.0 1 1 1
248 46 410.000346 177.0 44.000334 34.000125 1 1 1
248 51 464.999832 178.000125 31.00032 6.0 1 1 1
248 105 517.9996980000001 178.000125 32.00013 18.0 1 1 1
248 60 237.99949199999998 181.000125 71.999982 37.999875 1 1 1
248 59 227.00034 181.000125 33.99975 24.0 1 1 1
249 39 444.99990599999995 184.000125 51.000246000000004 31.000125 1 1 1
249 42 47.999574 196.99987500000003 180.000576 70.999875 1 1 1
249 43 555.0001199999999 177.0 25.000218 18.0 1 1 1
249 44 596.999592 175.000125 21.999546 15.0 1 1 1
249 45 353.999808 183.0 70.000362 36.0 1 1 1
249 46 411.000156 177.0 40.999662 34.000125 1 1 1
249 51 464.999832 178.000125 34.99956 22.000125 1 1 1
249 105 516.999888 178.000125 32.00013 16.999875 1 1 1
249 60 237.99949199999998 181.000125 72.999792 37.999875 1 1 1
249 59 227.00034 181.999875 32.99994 22.000125 1 1 1
250 39 436.000374 184.000125 53.999676 34.000125 1 1 1
250 42 46.999764 196.99987500000003 180.000576 70.999875 1 1 1
250 43 549.000018 177.0 28.999458 19.000124999999997 1 1 1
250 44 594.999972 175.000125 21.999546 15.0 1 1 1
250 45 353.999808 183.0 70.000362 36.0 1 1 1
250 46 410.000346 175.999875 40.999662 34.000125 1 1 1
250 51 464.999832 178.000125 34.99956 22.999875 1 1 1
250 105 517.9996980000001 178.000125 32.99994 18.0 1 1 1
250 60 237.99949199999998 181.000125 72.999792 37.999875 1 1 1
250 59 226.00053 181.000125 34.99956 24.0 1 1 1
251 39 427.99941 184.999875 53.999676 34.000125 1 1 1
251 42 45.000144 196.99987500000003 183.000006 70.999875 1 1 1
251 43 543.999726 177.0 32.00013 19.999875 1 1 1
251 44 592.000542 175.000125 25.000218 16.000124999999997 1 1 1
251 45 352.999998 184.000125 71.000172 34.999875 1 1 1
251 46 407.999484 175.999875 43.000524 33.0 1 1 1
251 51 465.999642 178.000125 33.99975 24.0 1 1 1
251 105 517.9996980000001 178.000125 31.00032 16.999875 1 1 1
251 60 236.99968199999998 181.000125 72.999792 37.999875 1 1 1
251 59 224.99947799999998 180.0 39.000042 25.000125 1 1 1
252 39 416.000448 184.999875 60.999587999999996 37.000125000000004 1 1 1
252 42 44.000334 196.99987500000003 183.999816 72.0 1 1 1
252 43 542.000106 177.0 31.00032 21.0 1 1 1
252 44 589.99968 175.000125 23.000598 16.000124999999997 1 1 1
252 45 352.999998 184.000125 69.000552 34.999875 1 1 1
252 46 406.999674 175.999875 43.000524 19.000124999999997 1 1 1
252 51 464.999832 178.000125 34.99956 25.000125 1 1 1
252 105 516.999888 178.000125 31.00032 18.0 1 1 1
252 60 236.99968199999998 181.000125 58.000158 37.999875 1 1 1
252 59 226.00053 181.999875 33.99975 22.999875 1 1 1
253 39 405.00005400000003 186.0 64.00026 39.0 1 1 1
253 42 41.999472 196.99987500000003 185.999436 72.0 1 1 1
253 43 537.999624 177.0 32.00013 21.0 1 1 1
253 44 588.0000600000001 175.000125 24.000408 16.999875 1 1 1
253 45 352.999998 184.000125 65.00007 34.999875 1 1 1
253 46 406.999674 177.0 43.000524 13.999875 1 1 1
253 51 463.00021200000003 178.000125 38.000232000000004 25.000125 1 1 1
253 105 517.9996980000001 178.999875 28.999458 16.999875 1 1 1
253 60 235.99987199999998 181.000125 73.999602 39.0 1 1 1
253 59 226.00053 181.000125 34.99956 25.000125 1 1 1
254 39 392.99985000000004 187.999875 67.9995 40.000125 1 1 1
254 42 39.999852 198.0 185.999436 72.0 1 1 1
254 43 536.000004 178.000125 32.00013 22.000125 1 1 1
254 44 584.999388 175.999875 25.000218 16.999875 1 1 1
254 45 351.000378 184.000125 63.00045 34.000125 1 1 1
254 46 409.000536 177.0 45.000144 16.000124999999997 1 1 1
254 51 459.99953999999997 178.999875 39.999852 24.0 1 1 1
254 105 516.999888 178.999875 26.999838 18.0 1 1 1
254 60 235.99987199999998 181.999875 74.999412 37.999875 1 1 1
254 59 223.99966799999999 181.999875 33.99975 25.000125 1 1 1
255 39 379.000026 189.0 72.999792 42.0 1 1 1
255 42 39.999852 199.000125 185.999436 72.0 1 1 1
255 43 531.9995220000001 180.0 32.00013 21.0 1 1 1
255 44 582.999768 175.999875 25.000218 18.0 1 1 1
255 45 352.000188 184.999875 52.999866000000004 33.0 1 1 1
255 46 404.000244 178.000125 48.999384 25.000125 1 1 1
255 51 461.000592 180.0 39.000042 22.999875 1 1 1
255 105 516.999888 180.0 21.999546 16.999875 1 1 1
255 60 235.99987199999998 183.0 57.000347999999995 37.999875 1 1 1
255 59 223.99966799999999 181.999875 37.000422 25.000125 1 1 1
256 39 363.000582 190.000125 78.000084 46.999875 1 1 1
256 42 36.000612000000004 199.000125 189.000108 73.000125 1 1 1
256 43 529.000092 181.000125 32.99994 21.0 1 1 1
256 44 581.000148 177.0 25.000218 18.0 1 1 1
256 45 351.000378 186.0 52.999866000000004 34.000125 1 1 1
256 46 405.999864 178.999875 45.000144 31.999875000000003 1 1 1
256 51 459.99953999999997 180.0 39.999852 25.000125 1 1 1
256 105 516.999888 181.000125 19.000116000000002 15.0 1 1 1
256 60 234.000252 183.0 73.999602 37.999875 1 1 1
256 59 219.000618 183.0 41.999472 24.0 1 1 1
257 39 344.000466 190.000125 85.99980599999999 51.00000000000001 1 1 1
257 42 32.00013 199.000125 191.999538 73.999875 1 1 1
257 43 524.99961 181.000125 32.99994 22.000125 1 1 1
257 44 577.9994760000001 177.0 26.999838 19.000124999999997 1 1 1
257 45 353.999808 184.999875 58.000158 22.000125 1 1 1
257 46 405.00005400000003 178.999875 45.999954 34.999875 1 1 1
257 51 458.99973 181.000125 40.999662 24.0 1 1 1
257 105 516.000078 181.999875 17.000496000000002 15.0 1 1 1
257 60 233.000442 184.000125 72.999792 37.999875 1 1 1
257 59 221.00023800000002 184.000125 36.000612000000004 24.0 1 1 1
258 39 326.99996999999996 192.0 89.000478 52.999874999999996 1 1 1
258 42 28.999458 199.000125 191.999538 75.0 1 1 1
258 43 521.00037 181.000125 32.00013 22.000125 1 1 1
258 44 575.000046 178.000125 26.999838 18.0 1 1 1
258 45 355.999428 148.000125 65.00007 70.000125 1 1 1
258 46 407.999484 178.999875 43.000524 34.999875 1 1 1
258 51 458.99973 181.000125 40.999662 24.0 1 1 1
258 105 517.9996980000001 181.999875 13.000014 16.000124999999997 1 1 1
258 60 231.99938999999998 184.000125 71.999982 37.999875 1 1 1
258 59 219.000618 184.000125 33.99975 25.000125 1 1 1
259 39 298.000512 193.000125 103.000302 57.0 1 1 1
259 42 25.000218 199.99987499999997 193.00059000000002 73.999875 1 1 1
259 43 516.999888 181.999875 34.99956 22.000125 1 1 1
259 44 572.000616 178.000125 26.999838 18.0 1 1 1
259 45 368.999442 186.0 51.000246000000004 33.0 1 1 1
259 46 403.00043400000004 178.999875 47.999574 36.0 1 1 1
259 51 458.99973 181.000125 41.999472 24.0 1 1 1
259 105 520.00056 183.0 26.000028 6.0 1 1 1
259 60 229.99976999999998 184.000125 59.999778 37.999875 1 1 1
259 59 215.00013600000003 184.000125 43.000524 22.999875 1 1 1
260 39 268.999812 193.999875 113.99945399999999 64.99987499999999 1 1 1
260 42 18.000306000000002 201.0 196.99983 75.0 1 1 1
260 43 511.999596 181.999875 38.000232000000004 24.0 1 1 1
260 44 569.9997539999999 178.000125 26.999838 19.000124999999997 1 1 1
260 45 363.000582 186.0 57.000347999999995 37.000125000000004 1 1 1
260 46 404.000244 180.0 45.999954 34.999875 1 1 1
260 51 457.99992 181.000125 39.999852 25.000125 1 1 1
260 105 544.9995359999999 181.000125 6.999912 4.999874999999999 1 1 1
260 60 228.99996 184.000125 58.999967999999996 39.0 1 1 1
260 59 214.000326 184.000125 39.999852 25.000125 1 1 1
261 39 231.99938999999998 196.000125 131.99976 70.999875 1 1 1
261 42 13.000014 201.0 197.99964 76.00012500000001 1 1 1
261 43 507.000546 183.0 39.000042 24.0 1 1 1
261 44 567.000324 178.999875 26.999838 19.000124999999997 1 1 1
261 45 352.999998 187.000125 65.99988 37.000125000000004 1 1 1
261 46 400.999572 180.0 48.999384 36.0 1 1 1
261 51 457.99992 181.000125 41.999472 25.000125 1 1 1
261 105 542.999916 183.0 6.999912 12.0 1 1 1
261 60 224.99947799999998 184.000125 57.000347999999995 37.999875 1 1 1
261 59 209.99984400000002 184.999875 39.999852 25.000125 1 1 1
262 39 189.999918 198.0 149.000256 76.99987499999999 1 1 1
262 42 5.000292 202.000125 200.000502 76.00012500000001 1 1 1
262 43 502.00025400000004 184.000125 39.999852 24.0 1 1 1
262 44 563.999652 180.0 27.999648 19.000124999999997 1 1 1
262 45 344.000466 187.000125 73.999602 37.000125000000004 1 1 1
262 46 399.999762 180.0 47.999574 36.0 1 1 1
262 51 456.0003 181.999875 43.000524 25.000125 1 1 1
262 105 524.99961 181.000125 23.000598 16.000124999999997 1 1 1
262 60 223.99966799999999 184.999875 58.000158 25.000125 1 1 1
262 59 204.99955200000002 184.999875 46.999764 21.0 1 1 1
263 39 132.99957 201.0 156.999978 85.000125 1 1 1
263 42 0.0 202.000125 185.999436 78.0 1 1 1
263 43 496.999962 184.000125 40.999662 25.000125 1 1 1
263 44 561.000222 180.0 27.999648 19.999875 1 1 1
263 45 341.999604 187.999875 73.999602 37.000125000000004 1 1 1
263 46 399.999762 181.000125 46.999764 36.0 1 1 1
263 51 455.00048999999996 181.999875 43.000524 25.000125 1 1 1
263 105 531.9995220000001 183.0 17.000496000000002 16.000124999999997 1 1 1
263 60 226.00053 186.0 58.000158 16.000124999999997 1 1 1
263 59 202.000122 186.0 43.000524 18.0 1 1 1
264 39 59.999778 202.99987499999997 213.000516 100.999875 1 1 1
264 42 0.0 202.99987499999997 167.000562 79.999875 1 1 1
264 43 490.99986 184.999875 41.999472 25.999875000000003 1 1 1
264 44 556.99974 181.000125 30.00051 19.999875 1 1 1
264 45 340.999794 189.0 73.999602 37.000125000000004 1 1 1
264 46 397.00033199999996 181.000125 48.999384 37.000125000000004 1 1 1
264 51 453.999438 184.000125 40.999662 24.0 1 1 1
264 105 525.99942 183.0 20.999736 18.0 1 1 1
264 60 222.999858 187.000125 56.000538 30.0 1 1 1
264 59 200.000502 186.0 48.999384 16.999875 1 1 1
265 39 0.0 205.99987499999997 228.99996 118.000125 1 1 1
265 42 0.0 202.99987499999997 130.99995 51.00000000000001 1 1 1
265 43 484.999758 184.999875 44.000334 28.999875 1 1 1
265 44 555.0001199999999 181.000125 28.999458 19.999875 1 1 1
265 45 338.000364 189.0 74.999412 37.999875 1 1 1
265 46 396.000522 181.999875 47.999574 36.0 1 1 1
265 51 452.99962800000003 184.000125 39.000042 24.0 1 1 1
265 105 522.00018 183.0 23.000598 19.000124999999997 1 1 1
265 60 214.000326 186.0 60.999587999999996 40.000125 1 1 1
265 59 194.0004 187.000125 45.999954 26.999999999999996 1 1 1
266 39 0.0 210.00000000000003 169.000182 141.0 1 1 1
266 42 58.000158 205.000125 124.000038 63.00000000000001 1 1 1
266 43 477.999846 186.0 45.999954 28.999875 1 1 1
266 44 553.0005 181.000125 27.999648 21.0 1 1 1
266 45 335.999502 189.0 74.999412 37.999875 1 1 1
266 46 394.99947000000003 181.999875 47.999574 37.000125000000004 1 1 1
266 51 451.999818 184.000125 37.000422 24.0 1 1 1
266 105 517.9996980000001 184.000125 26.999838 16.999875 1 1 1
266 60 210.99965400000002 187.000125 60.999587999999996 40.000125 1 1 1
266 59 191.999538 187.000125 45.999954 25.000125 1 1 1
267 39 0.0 217.00012500000003 87.999426 121.000125 1 1 1
267 42 31.00032 205.000125 143.999964 70.999875 1 1 1
267 43 471.99974399999996 187.000125 46.999764 28.999875 1 1 1
267 44 549.999828 181.999875 26.999838 19.999875 1 1 1
267 45 332.000262 190.000125 77.00027399999999 37.999875 1 1 1
267 46 392.99985000000004 181.999875 47.999574 37.000125000000004 1 1 1
267 51 450.000198 184.000125 38.000232000000004 24.0 1 1 1
267 105 515.000268 184.000125 30.00051 18.0 1 1 1
267 60 206.000604 187.000125 70.000362 40.999875 1 1 1
267 59 184.999626 187.000125 51.000246000000004 25.999875000000003 1 1 1
268 42 0.0 205.99987499999997 168.000372 85.000125 1 1 1
268 43 464.000022 187.000125 48.999384 31.000125 1 1 1
268 44 542.000106 181.999875 32.00013 21.0 1 1 1
268 45 329.9994 190.000125 77.00027399999999 37.999875 1 1 1
268 46 392.00004 181.999875 46.999764 37.999875 1 1 1
268 51 448.000578 184.000125 39.000042 25.000125 1 1 1
268 105 511.999596 184.000125 32.00013 18.0 1 1 1
268 60 201.000312 187.999875 83.000376 40.999875 1 1 1
268 59 184.999626 187.000125 50.000436 26.999999999999996 1 1 1
269 42 0.0 207.00000000000003 158.999598 88.000125 1 1 1
269 43 456.0003 187.999875 52.000056 31.000125 1 1 1
269 44 537.999624 183.0 32.99994 21.0 1 1 1
269 45 326.00016 190.999875 78.999894 37.999875 1 1 1
269 46 389.00061 183.0 47.999574 37.000125000000004 1 1 1
269 51 443.00028599999996 184.000125 43.000524 25.999875000000003 1 1 1
269 105 508.000356 184.000125 32.99994 18.0 1 1 1
269 60 196.99983 187.999875 83.000376 40.999875 1 1 1
269 59 181.000386 187.999875 46.999764 26.999999999999996 1 1 1
270 42 0.0 208.000125 149.000256 90.0 1 1 1
270 43 451.999818 187.999875 48.999384 33.0 1 1 1
270 44 534.000384 181.999875 32.99994 24.0 1 1 1
270 45 322.99948800000004 190.999875 78.999894 39.0 1 1 1
270 46 386.99974799999995 183.0 48.999384 37.999875 1 1 1
270 51 439.999614 183.0 45.000144 25.999875000000003 1 1 1
270 105 509.000166 184.000125 31.00032 18.0 1 1 1
270 60 190.999728 187.999875 84.999996 42.0 1 1 1
270 59 174.000474 187.999875 51.000246000000004 28.000125 1 1 1
271 42 0.0 208.99987499999997 137.000052 91.999875 1 1 1
271 43 436.000374 187.999875 58.999967999999996 36.0 1 1 1
271 44 529.000092 181.999875 33.99975 24.0 1 1 1
271 45 318.00043800000003 190.999875 82.00056599999999 40.000125 1 1 1
271 46 385.00012799999996 183.0 47.999574 37.999875 1 1 1
271 51 451.000008 184.999875 32.99994 4.999874999999999 1 1 1
271 105 508.000356 184.999875 27.999648 16.999875 1 1 1
271 60 184.999626 187.999875 86.999616 42.0 1 1 1
271 59 169.999992 187.999875 50.000436 28.000125 1 1 1
272 42 0.0 210.00000000000003 124.000038 87.0 1 1 1
272 43 424.00016999999997 190.000125 63.00045 37.000125000000004 1 1 1
272 44 524.99961 183.0 36.000612000000004 25.000125 1 1 1
272 45 314.99976599999997 192.0 82.00056599999999 40.000125 1 1 1
272 46 383.00050799999997 183.0 47.999574 39.0 1 1 1
272 51 448.000578 186.0 34.99956 4.999874999999999 1 1 1
272 105 504.999684 186.0 26.999838 18.0 1 1 1
272 60 181.000386 189.0 86.999616 40.999875 1 1 1
272 59 167.000562 190.000125 41.999472 26.999999999999996 1 1 1
273 42 0.0 211.000125 110.00021400000001 82.999875 1 1 1
273 43 411.999966 190.000125 66.99969 40.000125 1 1 1
273 44 520.00056 184.000125 36.000612000000004 25.999875000000003 1 1 1
273 45 308.999664 192.0 84.999996 40.999875 1 1 1
273 46 379.999836 183.0 48.999384 39.0 1 1 1
273 51 450.000198 186.0 33.99975 24.0 1 1 1
273 105 504.999684 186.0 21.999546 16.999875 1 1 1
273 60 180.000576 189.0 83.000376 40.999875 1 1 1
273 59 162.00027 190.000125 44.000334 19.000124999999997 1 1 1
274 42 0.0 211.999875 93.999528 81.0 1 1 1
274 43 398.999952 190.000125 71.999982 43.000125000000004 1 1 1
274 44 514.000458 184.999875 37.000422 25.999875000000003 1 1 1
274 45 304.00061400000004 192.0 85.99980599999999 42.0 1 1 1
274 46 374.99954399999996 183.0 47.999574 37.999875 1 1 1
274 51 444.000096 186.0 39.000042 24.0 1 1 1
274 105 504.999684 186.0 18.000306000000002 16.999875 1 1 1
274 60 164.9997 189.0 92.999718 45.0 1 1 1
274 59 152.999496 187.000125 57.000347999999995 31.000125 1 1 1
275 42 0.0 212.99999999999997 78.000084 79.999875 1 1 1
275 43 384.000318 190.000125 76.00046400000001 48.0 1 1 1
275 44 507.000546 184.000125 39.000042 26.999999999999996 1 1 1
275 49 560.000412 181.999875 28.999458 19.999875 1 1 1
275 45 298.000512 193.000125 87.999426 42.0 1 1 1
275 46 372.99992399999996 183.0 45.000144 30.0 1 1 1
275 51 444.99990599999995 186.0 37.000422 25.999875000000003 1 1 1
275 105 502.00025400000004 186.0 17.000496000000002 16.999875 1 1 1
275 60 156.000168 189.0 96.00039000000001 46.000125 1 1 1
275 59 146.999394 189.0 51.000246000000004 25.000125 1 1 1
276 42 0.0 214.999875 58.000158 82.000125 1 1 1
276 43 365.000202 190.999875 84.000186 49.999875 1 1 1
276 44 502.00025400000004 184.000125 41.999472 28.999875 1 1 1
276 49 555.99993 181.999875 30.00051 21.0 1 1 1
276 45 292.00041 193.000125 86.999616 43.000125000000004 1 1 1
276 46 366.999822 183.0 56.000538 19.999875 1 1 1
276 51 439.999614 186.0 39.999852 26.999999999999996 1 1 1
276 60 145.999584 189.0 98.99982 46.999875 1 1 1
276 59 143.999964 190.000125 39.000042 19.999875 1 1 1
277 42 0.0 220.00012500000003 36.000612000000004 82.000125 1 1 1
277 43 342.999414 193.000125 92.999718 53.99999999999999 1 1 1
277 44 495.000342 184.000125 39.999852 30.0 1 1 1
277 49 551.999448 183.0 30.00051 19.999875 1 1 1
277 45 283.99944600000003 193.000125 84.999996 45.0 1 1 1
277 46 361.99953 183.0 58.999967999999996 15.0 1 1 1
277 51 433.99951200000004 186.0 45.000144 26.999999999999996 1 1 1
277 60 137.000052 189.0 100.99944 48.0 1 1 1
277 59 135.000432 190.999875 38.000232000000004 22.000125 1 1 1
278 43 319.000248 195.0 102.00049200000001 58.000125 1 1 1
278 44 489.00024 186.0 44.000334 30.0 1 1 1
278 49 548.000208 183.0 31.00032 22.000125 1 1 1
278 45 278.000586 193.999875 79.999704 45.0 1 1 1
278 46 358.00028999999995 184.000125 54.999486000000005 13.999875 1 1 1
278 51 429.000462 186.0 46.999764 28.000125 1 1 1
278 105 525.99942 186.0 6.999912 6.0 1 1 1
278 60 126.999468 192.0 104.000112 46.999875 1 1 1
278 59 125.999658 190.000125 40.999662 24.0 1 1 1
279 43 288.99973800000004 196.000125 115.00050599999999 64.00012500000001 1 1 1
279 44 481.000518 186.0 45.999954 31.999875000000003 1 1 1
279 49 543.999726 183.0 31.00032 22.000125 1 1 1
279 45 269.999622 193.999875 85.99980599999999 46.000125 1 1 1
279 46 353.999808 184.000125 58.000158 39.0 1 1 1
279 51 426.9996 186.0 46.999764 28.000125 1 1 1
279 105 520.00056 186.0 13.000014 6.0 1 1 1
279 60 115.00050599999999 192.0 108.000594 48.0 1 1 1
279 59 119.999556 190.000125 53.999676 22.000125 1 1 1
280 43 254.000178 196.000125 130.00014 73.000125 1 1 1
280 44 471.99974399999996 186.0 50.000436 33.0 1 1 1
280 49 538.999434 181.999875 32.00013 22.999875 1 1 1
280 45 261.9999 193.999875 86.999616 31.999875000000003 1 1 1
280 46 348.999516 183.0 58.999967999999996 40.000125 1 1 1
280 51 424.00016999999997 184.999875 47.999574 28.000125 1 1 1
280 105 510.999786 184.000125 17.000496000000002 18.0 1 1 1
280 60 104.000112 190.000125 111.000024 49.999875 1 1 1
280 59 109.000404 187.999875 59.999778 22.999875 1 1 1
281 43 208.000224 196.000125 139.999482 81.0 1 1 1
281 44 463.00021200000003 184.000125 52.999866000000004 36.0 1 1 1
281 49 535.000194 181.999875 32.00013 24.0 1 1 1
281 45 289.999548 192.0 58.000158 7.000125 1 1 1
281 46 353.999808 181.999875 51.000246000000004 43.999875 1 1 1
281 51 420.999498 184.000125 47.999574 28.999875 1 1 1
281 105 507.000546 184.000125 19.999926 19.999875 1 1 1
281 60 90.000288 190.000125 115.00050599999999 51.00000000000001 1 1 1
281 59 100.99944 195.0 26.999838 13.999875 1 1 1
282 43 149.000256 198.0 182.000196 91.999875 1 1 1
282 44 452.99962800000003 184.000125 54.999486000000005 37.999875 1 1 1
282 49 533.000574 181.999875 30.00051 24.0 1 1 1
282 45 274.999914 190.999875 76.00046400000001 42.0 1 1 1
282 46 339.999984 181.999875 60.999587999999996 45.0 1 1 1
282 51 417.00025800000003 184.000125 46.999764 28.999875 1 1 1
282 105 503.000064 184.000125 21.999546 19.999875 1 1 1
282 60 73.999602 190.000125 122.000418 52.000125000000004 1 1 1
282 59 84.000186 187.000125 117.000126 24.0 1 1 1
283 43 71.999982 201.0 228.99996 103.999875 1 1 1
283 44 440.999424 184.000125 59.999778 40.000125 1 1 1
283 49 527.0004720000001 181.999875 32.00013 25.000125 1 1 1
283 45 268.999812 190.999875 77.00027399999999 49.000125000000004 1 1 1
283 46 333.00007200000005 181.000125 61.999398 46.000125 1 1 1
283 51 412.999776 184.000125 47.999574 28.000125 1 1 1
283 105 494.00053199999996 183.0 32.99994 19.999875 1 1 1
283 60 58.999967999999996 190.999875 97.0002 52.999874999999996 1 1 1
283 59 172.999422 187.999875 19.000116000000002 16.000124999999997 1 1 1
284 43 0.0 202.99987499999997 256.999608 124.999875 1 1 1
284 44 429.000462 184.000125 64.00026 43.000125000000004 1 1 1
284 49 522.99999 181.999875 31.00032 25.999875000000003 1 1 1
284 45 241.99997399999998 190.000125 97.0002 52.999874999999996 1 1 1
284 46 326.00016 181.000125 64.00026 46.999875 1 1 1
284 51 409.000536 184.000125 39.999852 28.000125 1 1 1
284 105 490.00005000000004 184.000125 28.999458 19.999875 1 1 1
284 60 40.999662 190.000125 125.999658 45.0 1 1 1
284 59 161.00046 187.999875 23.000598 16.000124999999997 1 1 1
285 43 0.0 205.99987499999997 198.99945 154.000125 1 1 1
285 44 413.99958599999997 184.999875 69.000552 45.0 1 1 1
285 49 508.000356 181.000125 40.999662 26.999999999999996 1 1 1
285 45 209.99984400000002 190.000125 122.000418 55.000125 1 1 1
285 46 319.000248 180.0 65.99988 48.0 1 1 1
285 51 405.00005400000003 183.0 52.999866000000004 28.999875 1 1 1
285 105 483.000138 183.0 32.00013 21.0 1 1 1
285 60 47.999574 189.0 112.99964399999999 21.0 1 1 1
285 59 151.999686 187.000125 25.000218 25.999875000000003 1 1 1
286 43 0.0 212.99999999999997 117.99993599999999 130.999875 1 1 1
286 44 398.000142 184.000125 73.999602 49.000125000000004 1 1 1
286 49 499.999392 181.000125 44.000334 28.999875 1 1 1
286 45 196.00002 190.999875 129.00033 58.000125 1 1 1
286 46 312.000336 180.0 66.99969 49.000125000000004 1 1 1
286 51 398.000142 183.0 56.000538 25.999875000000003 1 1 1
286 105 481.000518 183.0 27.999648 21.0 1 1 1
286 60 26.000028 189.0 122.000418 34.999875 1 1 1
286 59 138.999672 187.999875 27.999648 26.999999999999996 1 1 1
287 44 378.000216 184.000125 82.00056599999999 53.99999999999999 1 1 1
287 49 491.99967000000004 181.000125 45.000144 30.0 1 1 1
287 45 183.000006 192.0 132.99957 57.0 1 1 1
287 46 304.00061400000004 181.000125 71.000172 49.999875 1 1 1
287 51 394.99947000000003 184.000125 47.999574 13.999875 1 1 1
287 105 478.999656 184.000125 24.000408 19.000124999999997 1 1 1
287 60 0.0 190.999875 133.99938 58.000125 1 1 1
287 59 116.000316 187.000125 43.000524 34.999875 1 1 1
288 44 354.999618 187.000125 91.999908 55.999874999999996 1 1 1
288 49 483.99994799999996 180.0 47.999574 33.0 1 1 1
288 45 165.99951 193.000125 141.00053400000002 60.0 1 1 1
288 46 295.99965000000003 180.0 70.000362 52.000125000000004 1 1 1
288 51 392.00004 183.0 56.000538 28.000125 1 1 1
288 105 476.000226 184.000125 18.000306000000002 19.000124999999997 1 1 1
288 60 0.0 190.000125 117.99993599999999 60.0 1 1 1
288 59 115.00050599999999 187.000125 34.99956 34.000125 1 1 1
289 44 327.99978 184.999875 103.000302 64.00012500000001 1 1 1
289 49 476.000226 180.0 50.000436 34.000125 1 1 1
289 45 149.000256 193.999875 148.000446 61.000125000000004 1 1 1
289 46 286.000308 180.0 74.999412 52.000125000000004 1 1 1
289 51 403.00043400000004 183.0 41.999472 31.000125 1 1 1
289 105 472.999554 183.0 15.999443999999999 16.999875 1 1 1
289 60 0.9998100000000001 190.000125 99.99963000000001 46.999875 1 1 1
289 59 78.999894 187.000125 59.999778 33.0 1 1 1
290 44 295.99965000000003 187.000125 116.000316 72.0 1 1 1
290 49 466.999452 181.999875 52.999866000000004 36.0 1 1 1
290 45 130.00014 195.0 156.999978 64.99987499999999 1 1 1
290 46 274.999914 181.000125 73.999602 52.000125000000004 1 1 1
290 47 546.000588 181.000125 34.99956 19.999875 1 1 1
290 51 394.99947000000003 183.0 46.999764 34.000125 1 1 1
290 60 32.00013 193.999875 50.000436 43.999875 1 1 1
290 59 60.999587999999996 190.000125 65.99988 31.000125 1 1 1
291 44 254.000178 189.0 137.000052 78.0 1 1 1
291 49 455.00048999999996 181.999875 58.999967999999996 37.999875 1 1 1
291 45 111.000024 195.0 162.00027 67.000125 1 1 1
291 46 265.000572 181.000125 78.999894 31.999875000000003 1 1 1
291 47 541.0002959999999 181.000125 36.000612000000004 21.0 1 1 1
291 51 383.00050799999997 183.0 57.000347999999995 34.999875 1 1 1
291 105 504.999684 183.0 7.999721999999999 13.000125 1 1 1
291 60 2.9994300000000003 192.0 59.999778 49.999875 1 1 1
291 59 44.000334 189.0 71.999982 33.0 1 1 1
292 44 202.000122 192.0 163.00008 88.99987499999999 1 1 1
292 49 444.000096 183.0 64.00026 40.000125 1 1 1
292 45 89.000478 196.000125 159.999408 69.0 1 1 1
292 46 259.00047 181.000125 78.999894 16.000124999999997 1 1 1
292 47 535.000194 181.999875 37.000422 22.000125 1 1 1
292 51 372.000114 183.0 64.00026 36.0 1 1 1
292 105 495.000342 183.0 18.000306000000002 19.999875 1 1 1
292 60 0.0 192.0 40.999662 52.999874999999996 1 1 1
292 59 24.000408 190.000125 77.00027399999999 33.0 1 1 1
293 44 130.99995 195.0 201.000312 103.000125 1 1 1
293 49 431.99989200000005 184.000125 56.000538 42.0 1 1 1
293 45 64.00026 193.999875 171.99961199999998 76.99987499999999 1 1 1
293 46 254.999988 181.000125 80.99951399999999 39.0 1 1 1
293 47 529.000092 181.999875 39.999852 24.0 1 1 1
293 51 367.999632 184.000125 64.00026 36.0 1 1 1
293 105 490.99986 184.000125 20.999736 21.0 1 1 1
293 59 2.9994300000000003 190.000125 84.000186 36.0 1 1 1
294 44 30.00051 196.000125 261.00009 123.0 1 1 1
294 49 417.00025800000003 184.000125 67.9995 45.0 1 1 1
294 45 37.000422 193.000125 145.999584 73.999875 1 1 1
294 46 241.99997399999998 181.999875 84.999996 55.000125 1 1 1
294 47 522.99999 181.999875 40.999662 24.0 1 1 1
294 51 360.99971999999997 184.000125 65.99988 37.000125000000004 1 1 1
294 105 481.000518 184.000125 27.999648 21.0 1 1 1
294 59 0.0 190.999875 73.999602 37.999875 1 1 1
295 44 0.0 199.000125 235.00006199999999 153.0 1 1 1
295 49 400.999572 183.0 74.999412 49.000125000000004 1 1 1
295 46 215.00013600000003 181.000125 103.000302 64.00012500000001 1 1 1
295 47 516.000078 181.999875 43.000524 25.000125 1 1 1
295 51 354.999618 184.000125 63.00045 37.000125000000004 1 1 1
295 105 470.999934 183.0 37.000422 22.999875 1 1 1
295 59 0.0 190.999875 52.999866000000004 34.000125 1 1 1
296 44 0.0 199.000125 156.000168 151.999875 1 1 1
296 49 381.999456 183.0 84.000186 52.000125000000004 1 1 1
296 45 86.999616 198.0 122.000418 66.0 1 1 1
296 46 198.99945 178.999875 109.000404 67.000125 1 1 1
296 47 509.000166 180.0 45.000144 28.000125 1 1 1
296 51 347.999706 183.0 58.000158 37.000125000000004 1 1 1
296 105 462.000402 181.999875 45.000144 25.000125 1 1 1
296 59 0.0 189.0 26.999838 7.999875 1 1 1
297 44 0.0 232.000125 38.000232000000004 142.999875 1 1 1
297 49 360.99971999999997 181.000125 91.999908 58.000125 1 1 1
297 45 5.000292 196.99987500000003 187.000488 88.99987499999999 1 1 1
297 46 182.000196 178.000125 117.000126 70.000125 1 1 1
297 47 502.00025400000004 180.0 46.999764 28.000125 1 1 1
297 51 340.999794 181.999875 52.000056 37.000125000000004 1 1 1
297 105 457.00010999999995 181.000125 46.999764 22.999875 1 1 1
297 59 6.000102 190.000125 19.000116000000002 31.999875000000003 1 1 1
298 49 335.999502 181.999875 102.00049200000001 61.999875 1 1 1
298 45 0.0 198.0 172.999422 93.0 1 1 1
298 46 164.9997 178.000125 124.000038 72.0 1 1 1
298 47 492.99948 180.0 50.000436 30.0 1 1 1
298 51 333.999882 183.0 34.99956 34.000125 1 1 1
298 105 464.999832 181.000125 37.000422 25.000125 1 1 1
298 59 0.0 196.99987500000003 7.999721999999999 16.999875 1 1 1
299 49 306.00023400000003 181.999875 116.000316 69.0 1 1 1
299 45 0.0 198.0 154.00054799999998 96.0 1 1 1
299 46 145.999584 177.0 130.99995 76.00012500000001 1 1 1
299 47 483.99994799999996 181.000125 52.999866000000004 31.000125 1 1 1
299 105 461.000592 181.000125 38.000232000000004 25.000125 1 1 1
300 49 268.000002 181.999875 132.99957 78.0 1 1 1
300 45 0.0 199.99987499999997 130.00014 85.999875 1 1 1
300 46 125.999658 178.000125 139.999482 78.0 1 1 1
300 47 472.999554 181.000125 57.000347999999995 33.0 1 1 1
300 51 379.999836 180.0 23.000598 31.000125 1 1 1
300 105 451.999818 181.000125 40.999662 25.999875000000003 1 1 1
301 49 222.000048 184.000125 155.000358 85.999875 1 1 1
301 45 0.0 201.0 104.99992200000001 85.999875 1 1 1
301 46 102.00049200000001 178.000125 150.000066 82.000125 1 1 1
301 47 464.000022 181.999875 58.999967999999996 34.000125 1 1 1
301 51 354.999618 181.999875 43.000524 39.0 1 1 1
301 105 451.000008 181.999875 28.999458 19.000124999999997 1 1 1
302 49 161.00046 184.000125 188.00029800000002 99.0 1 1 1
302 45 0.0 202.99987499999997 76.00046400000001 87.0 1 1 1
302 46 70.000362 178.999875 163.00008 84.0 1 1 1
302 47 453.999438 181.000125 59.999778 37.999875 1 1 1
302 51 331.00045200000005 181.999875 61.999398 46.000125 1 1 1
302 105 445.999716 183.0 23.000598 15.0 1 1 1
303 49 80.99951399999999 187.000125 231.99938999999998 112.999875 1 1 1
303 45 0.0 211.000125 43.000524 85.999875 1 1 1
303 46 39.000042 178.999875 177.999714 85.999875 1 1 1
303 47 443.00028599999996 181.999875 61.999398 40.000125 1 1 1
303 51 306.00023400000003 181.999875 82.00056599999999 46.000125 1 1 1
304 49 0.0 187.000125 268.000002 136.000125 1 1 1
304 46 5.000292 177.0 200.000502 64.99987499999999 1 1 1
304 47 431.99989200000005 183.0 63.00045 43.999875 1 1 1
304 51 285.000498 181.999875 97.0002 48.0 1 1 1
305 49 0.0 190.999875 206.000604 168.0 1 1 1
305 46 41.999472 178.000125 142.000344 19.000124999999997 1 1 1
305 47 397.00033199999996 184.000125 85.99980599999999 46.999875 1 1 1
305 50 557.99955 175.000125 34.99956 25.000125 1 1 1
305 51 274.000104 183.0 102.00049200000001 49.000125000000004 1 1 1
305 105 470.999934 183.0 19.999926 24.0 1 1 1
306 49 0.0 195.0 121.000608 145.999875 1 1 1
306 46 6.999912 178.999875 163.99989 87.0 1 1 1
306 47 372.99992399999996 184.999875 98.99982 52.999874999999996 1 1 1
306 50 553.0005 175.000125 36.000612000000004 25.999875000000003 1 1 1
306 51 263.99952 183.0 104.99992200000001 51.00000000000001 1 1 1
306 105 444.000096 181.999875 45.999954 26.999999999999996 1 1 1
307 46 0.0 180.0 146.999394 112.999875 1 1 1
307 47 346.99989600000004 186.0 109.000404 58.999875 1 1 1
307 50 549.000018 174.0 37.000422 28.000125 1 1 1
307 51 254.000178 183.0 106.999542 52.999874999999996 1 1 1
307 105 444.000096 181.999875 45.000144 30.0 1 1 1
308 46 0.0 180.0 124.999848 106.999875 1 1 1
308 47 314.99976599999997 186.0 124.000038 67.000125 1 1 1
308 50 543.999726 174.0 39.999852 28.999875 1 1 1
308 51 241.00016399999998 184.000125 110.00021400000001 53.99999999999999 1 1 1
308 105 432.999702 181.000125 54.999486000000005 31.000125 1 1 1
309 46 0.0 181.000125 100.99944 100.999875 1 1 1
309 47 270.999432 186.0 148.000446 76.99987499999999 1 1 1
309 50 538.999434 172.999875 41.999472 31.000125 1 1 1
309 51 229.99976999999998 183.0 104.99992200000001 55.000125 1 1 1
309 105 425.99979 181.000125 61.999398 31.999875000000003 1 1 1
310 46 0.0 181.000125 72.999792 106.000125 1 1 1
310 47 217.99956600000002 186.0 176.000094 91.000125 1 1 1
310 50 534.000384 172.999875 44.000334 31.000125 1 1 1
310 51 217.99956600000002 181.999875 112.99964399999999 52.999874999999996 1 1 1
310 105 424.00016999999997 181.000125 64.00026 31.999875000000003 1 1 1
311 46 0.0 183.0 43.000524 112.00012500000001 1 1 1
311 47 143.999964 189.0 220.00042800000003 105.00000000000001 1 1 1
311 50 528.0002820000001 172.000125 45.999954 34.000125 1 1 1
311 51 241.99997399999998 181.999875 93.999528 12.0 1 1 1
311 105 418.999878 181.000125 67.9995 33.0 1 1 1
312 47 36.000612000000004 192.0 287.999928 124.000125 1 1 1
312 50 522.00018 172.999875 50.000436 34.999875 1 1 1
312 51 239.000544 184.000125 92.999718 42.0 1 1 1
312 105 416.000448 181.000125 71.000172 34.000125 1 1 1
313 47 0.0 193.999875 257.999418 157.000125 1 1 1
313 50 515.000268 172.999875 52.000056 37.999875 1 1 1
313 51 223.99966799999999 184.999875 103.000302 55.999874999999996 1 1 1
313 105 414.999396 181.000125 71.999982 34.999875 1 1 1
314 47 0.0 202.99987499999997 197.99964 157.000125 1 1 1
314 50 509.000166 172.999875 56.000538 40.999875 1 1 1
314 51 175.000284 184.999875 144.999774 58.000125 1 1 1
314 105 414.999396 181.999875 72.999792 34.999875 1 1 1
315 47 0.0 214.999875 79.999704 160.000125 1 1 1
315 50 502.00025400000004 172.999875 58.999967999999996 43.999875 1 1 1
315 51 148.000446 186.0 165.99951 72.0 1 1 1
315 105 411.000156 181.999875 78.000084 36.0 1 1 1
316 50 491.99967000000004 172.000125 65.00007 48.0 1 1 1
316 51 131.99976 184.999875 175.000284 76.00012500000001 1 1 1
316 105 411.000156 181.000125 78.999894 37.000125000000004 1 1 1
317 50 482.00032799999997 171.0 70.000362 52.999874999999996 1 1 1
317 51 112.99964399999999 184.999875 185.999436 79.999875 1 1 1
317 105 406.999674 180.0 84.000186 40.000125 1 1 1
318 50 470.00012399999997 172.000125 76.00046400000001 55.999874999999996 1 1 1
318 51 91.999908 186.0 198.99945 84.0 1 1 1
318 105 405.00005400000003 181.000125 79.999704 39.0 1 1 1
319 50 456.0003 172.000125 84.000186 61.999875 1 1 1
319 51 67.9995 187.000125 215.00013600000003 88.99987499999999 1 1 1
319 105 404.000244 181.999875 70.000362 39.0 1 1 1
320 50 437.999994 174.0 93.999528 67.000125 1 1 1
320 51 40.999662 187.999875 233.000442 94.99987499999999 1 1 1
320 105 403.00043400000004 183.0 57.000347999999995 40.000125 1 1 1
321 50 414.999396 175.999875 106.999542 73.999875 1 1 1
321 51 13.999824 190.999875 249.999696 100.000125 1 1 1
321 105 401.99938199999997 186.0 39.999852 40.000125 1 1 1
322 50 385.999938 175.999875 124.999848 84.0 1 1 1
322 51 0.0 192.0 252.00055799999998 106.999875 1 1 1
323 50 348.999516 175.999875 145.999584 99.0 1 1 1
323 51 0.0 193.999875 239.000544 114.0 1 1 1
323 105 483.99994799999996 184.999875 18.000306000000002 37.999875 1 1 1
324 50 298.000512 178.000125 175.000284 112.00012500000001 1 1 1
324 51 0.0 196.000125 224.99947799999998 121.000125 1 1 1
324 105 464.000022 184.999875 39.999852 40.999875 1 1 1
325 50 222.000048 177.0 224.99947799999998 135.0 1 1 1
325 51 0.0 196.000125 209.000034 130.000125 1 1 1
325 105 436.000374 184.999875 70.000362 49.999875 1 1 1
326 50 108.000594 175.999875 300.000132 168.0 1 1 1
326 51 0.0 196.000125 183.000006 121.99987499999999 1 1 1
326 105 401.99938199999997 184.000125 104.99992200000001 52.000125000000004 1 1 1
327 50 0.0 175.000125 352.999998 199.99987499999997 1 1 1
327 51 0.0 195.0 102.00049200000001 76.99987499999999 1 1 1
327 105 387.999558 181.999875 119.999556 52.999874999999996 1 1 1
328 50 0.0 172.000125 265.000572 202.99987499999997 1 1 1
328 105 384.000318 180.0 125.999658 55.000125 1 1 1
329 50 0.0 174.0 117.000126 201.0 1 1 1
329 51 90.000288 211.000125 23.000598 70.000125 1 1 1
329 105 378.000216 178.999875 131.99976 57.0 1 1 1
330 51 0.0 195.0 80.99951399999999 130.999875 1 1 1
330 105 372.000114 180.0 136.00024200000001 58.999875 1 1 1
331 51 0.0 208.99987499999997 39.999852 124.000125 1 1 1
331 105 365.000202 180.0 142.000344 61.999875 1 1 1
332 105 353.999808 181.000125 150.999876 64.99987499999999 1 1 1
333 105 344.000466 181.999875 156.999978 67.000125 1 1 1
334 105 331.00045200000005 183.0 165.99951 70.000125 1 1 1
335 105 316.99938599999996 184.000125 174.000474 73.000125 1 1 1
336 105 301.999752 184.999875 183.999816 76.99987499999999 1 1 1
337 105 283.99944600000003 186.0 195.00021 81.0 1 1 1
338 105 267.000192 187.000125 207.000414 85.999875 1 1 1
339 105 244.999404 187.000125 220.00042800000003 91.000125 1 1 1
340 105 220.00042800000003 187.000125 236.99968199999998 97.000125 1 1 1
341 105 193.00059000000002 187.000125 254.000178 102.00000000000001 1 1 1
342 105 158.999598 184.999875 275.999724 109.000125 1 1 1
343 105 123.00022799999999 183.0 299.00032200000004 117.0 1 1 1
344 105 80.99951399999999 183.0 325.00034999999997 126.00000000000001 1 1 1
345 105 34.99956 183.0 354.999618 136.999875 1 1 1
346 105 0.0 184.000125 372.99992399999996 148.000125 1 1 1
347 105 0.0 184.999875 352.000188 162.0 1 1 1
348 105 0.0 187.000125 329.9994 174.0 1 1 1
349 105 0.0 190.000125 305.000424 184.999875 1 1 1
350 105 0.0 190.999875 278.000586 172.000125 1 1 1
351 105 0.0 193.000125 248.999886 169.000125 1 1 1
352 105 0.0 196.000125 216.99975600000002 166.000125 1 1 1
353 105 0.0 199.000125 183.000006 168.0 1 1 1
354 105 0.0 204.00000000000003 144.999774 171.0 1 1 1
355 105 0.0 208.000125 104.000112 166.999875 1 1 1
