215 35 384.000318 175.000125 28.999458 21.0 1 1 1
216 35 379.999836 175.999875 30.00051 21.0 1 1 1
217 35 373.999734 175.000125 31.00032 22.000125 1 1 1
218 35 370.00049399999995 175.999875 32.99994 22.999875 1 1 1
219 35 366.000012 178.000125 32.00013 12.0 1 1 1
220 35 363.000582 180.0 30.00051 13.999875 1 1 1
221 35 355.999428 178.999875 33.99975 24.0 1 1 1
222 35 350.000568 178.999875 34.99956 24.0 1 1 1
223 35 345.00027600000004 178.000125 36.000612000000004 24.0 1 1 1
224 35 339.000174 178.000125 38.000232000000004 25.000125 1 1 1
225 35 332.000262 177.0 39.000042 25.999875000000003 1 1 1
226 35 325.00034999999997 175.999875 40.999662 25.999875000000003 1 1 1
227 35 316.99938599999996 175.999875 43.000524 25.999875000000003 1 1 1
228 35 308.999664 175.999875 44.000334 26.999999999999996 1 1 1
229 35 300.000132 177.0 45.000144 26.999999999999996 1 1 1
230 35 287.999928 175.999875 47.999574 26.999999999999996 1 1 1
231 35 279.000396 175.000125 48.999384 30.0 1 1 1
232 35 266.000382 175.999875 52.000056 30.0 1 1 1
233 35 254.000178 177.0 53.999676 31.000125 1 1 1
234 35 241.00016399999998 175.000125 57.000347999999995 31.999875000000003 1 1 1
235 35 226.00053 175.000125 60.999587999999996 31.999875000000003 1 1 1
236 35 211.99946400000002 175.000125 63.00045 34.999875 1 1 1
237 35 196.00002 175.000125 65.99988 37.000125000000004 1 1 1
238 35 177.999714 175.999875 70.000362 37.000125000000004 1 1 1
239 35 159.999408 175.000125 74.999412 39.0 1 1 1
240 35 139.999482 175.999875 80.99951399999999 40.000125 1 1 1
241 35 117.000126 177.0 87.999426 42.0 1 1 1
242 35 91.999908 177.0 93.999528 45.0 1 1 1
243 35 67.9995 178.000125 97.0002 24.0 1 1 1
244 35 32.99994 178.000125 111.99983399999999 49.000125000000004 1 1 1
245 35 0.0 175.999875 118.99974599999999 53.99999999999999 1 1 1
246 35 0.0 177.0 93.999528 55.999874999999996 1 1 1
247 35 0.0 175.999875 63.00045 55.000125 1 1 1
248 35 0.0 180.0 30.00051 57.0 1 1 1
