5 0 773.9994959999999 169.999875 13.000014 43.999875 1 1 1
6 0 777.9999779999999 169.999875 13.000014 45.0 1 1 1
7 0 780.999408 169.999875 13.000014 46.000125 1 1 1
8 0 784.9998899999999 169.000125 15.999443999999999 49.000125000000004 1 1 1
9 0 789.000372 168.0 15.999443999999999 49.999875 1 1 1
10 0 792.999612 163.999875 17.000496000000002 52.999874999999996 1 1 1
11 0 799.999524 166.000125 19.000116000000002 53.99999999999999 1 1 1
12 0 808.000488 166.000125 17.000496000000002 55.999874999999996 1 1 1
13 0 815.0004 166.000125 19.999926 58.000125 1 1 1
14 0 825.999552 166.999875 19.000116000000002 61.999875 1 1 1
15 0 836.999946 169.000125 20.999736 64.99987499999999 1 1 1
16 0 847.00053 172.000125 26.999838 67.000125 1 1 1
17 0 862.000164 172.999875 24.000408 70.999875 1 1 1
18 0 877.999608 171.0 23.000598 73.999875 1 1 1
19 0 895.0001040000001 168.0 24.000408 79.000125 1 1 1
20 0 909.9997380000001 163.000125 27.999648 84.0 1 1 1
21 0 928.000044 160.000125 28.999458 90.0 1 1 1
22 0 948.9997800000001 160.000125 32.99994 96.0 1 1 1
23 0 974.999808 166.000125 32.99994 100.999875 1 1 1
24 0 1005.000318 168.0 33.99975 112.00012500000001 1 1 1
25 0 1039.9998779999999 163.000125 39.999852 123.0 1 1 1
26 0 1078.99992 162.0 51.000246000000004 133.000125 1 1 1
27 0 1124.9998739999999 156.0 73.999602 147.0 1 1 1
28 0 1177.99974 151.999875 64.00026 162.0 1 1 1
68 124 1108.00062 154.000125 54.999486000000005 82.000125 1 1 1
69 124 1137.999888 154.999875 54.999486000000005 124.000125 1 1 1
69 125 914.0002199999999 166.000125 28.999458 82.000125 1 1 1
70 124 1170.000018 154.999875 64.00026 112.00012500000001 1 1 1
70 125 928.9998539999999 168.0 31.00032 85.000125 1 1 1
71 124 1209.00006 154.000125 32.99994 81.0 1 1 1
71 125 940.0002479999999 166.999875 39.000042 90.0 1 1 1
72 125 959.000364 166.999875 36.000612000000004 94.000125 1 1 1
73 125 984.0005819999999 166.000125 30.00051 100.999875 1 1 1
74 125 1011.00042 163.000125 24.000408 106.000125 1 1 1
76 125 1052.000082 165.0 27.999648 106.999875 1 1 1
77 125 1078.99992 163.999875 40.999662 127.000125 1 1 1
78 125 1117.999962 160.999875 52.999866000000004 142.000125 1 1 1
79 125 1161.0004860000001 162.0 64.00026 148.000125 1 1 1
80 125 1207.00044 163.999875 34.99956 166.999875 1 1 1
87 110 917.99946 174.0 17.000496000000002 48.0 1 1 1
88 110 925.0006139999999 172.999875 18.000306000000002 49.999875 1 1 1
89 110 934.0001460000001 171.0 18.000306000000002 52.999874999999996 1 1 1
90 110 939.000438 178.000125 23.000598 49.000125000000004 1 1 1
90 127 887.000382 171.0 18.000306000000002 53.99999999999999 1 1 1
91 110 949.99959 169.999875 20.999736 60.0 1 1 1
91 127 894.0002939999999 171.0 15.999443999999999 55.000125 1 1 1
92 110 960.999984 166.999875 20.999736 64.99987499999999 1 1 1
92 127 895.999914 169.000125 19.999926 58.000125 1 1 1
93 110 971.000568 166.999875 20.999736 67.999875 1 1 1
93 127 903.999636 172.000125 19.999926 58.000125 1 1 1
94 110 982.9995299999999 168.0 21.999546 70.000125 1 1 1
94 127 909.9997380000001 172.000125 19.999926 61.000125000000004 1 1 1
95 110 994.999734 166.999875 24.000408 72.0 1 1 1
95 127 917.99946 169.999875 19.999926 63.00000000000001 1 1 1
96 110 1008.999558 166.999875 23.000598 76.00012500000001 1 1 1
96 127 925.0006139999999 169.000125 21.999546 66.0 1 1 1
97 110 1022.9993820000001 168.0 26.999838 79.000125 1 1 1
97 127 934.0001460000001 169.000125 23.000598 67.999875 1 1 1
98 110 1037.000448 168.0 30.00051 81.0 1 1 1
98 127 937.9993860000001 169.000125 28.999458 70.000125 1 1 1
99 110 1052.999892 165.0 32.99994 85.999875 1 1 1
99 127 948.9997800000001 169.000125 28.999458 70.999875 1 1 1
100 110 1071.000198 163.999875 34.99956 90.0 1 1 1
100 127 960.000174 169.000125 28.999458 73.000125 1 1 1
101 110 1087.999452 163.000125 39.999852 94.99987499999999 1 1 1
101 127 969.999516 168.0 28.999458 76.00012500000001 1 1 1
102 110 1111.99986 163.999875 40.999662 99.0 1 1 1
102 127 980.99991 166.000125 30.00051 78.0 1 1 1
103 110 1139.9995079999999 160.999875 40.999662 105.00000000000001 1 1 1
103 127 993.999924 163.999875 30.00051 82.000125 1 1 1
104 110 1169.000208 157.999875 41.999472 109.000125 1 1 1
104 127 1005.000318 162.0 32.99994 85.000125 1 1 1
105 110 1193.000616 159.0 48.999384 115.00012500000001 1 1 1
105 127 1019.0001420000001 163.999875 32.00013 87.0 1 1 1
106 110 1228.000176 166.999875 13.999824 49.000125000000004 1 1 1
106 127 1032.999966 166.999875 33.99975 88.99987499999999 1 1 1
107 127 1047.9996 166.000125 36.000612000000004 96.0 1 1 1
108 127 1064.000286 165.0 39.000042 97.000125 1 1 1
109 127 1079.99973 163.000125 45.000144 100.999875 1 1 1
110 127 1100.999466 160.999875 46.999764 106.000125 1 1 1
111 127 1123.000254 162.0 47.999574 112.00012500000001 1 1 1
112 127 1144.9998 163.999875 50.000436 115.999875 1 1 1
113 127 1170.000018 163.000125 51.000246000000004 124.000125 1 1 1
114 127 1195.0002359999999 157.999875 46.999764 127.999875 1 1 1
115 127 1223.999694 163.000125 18.000306000000002 127.999875 1 1 1
207 130 751.99995 184.999875 26.999838 31.000125 1 1 1
208 130 757.000242 187.000125 31.00032 33.0 1 1 1
209 130 764.0001540000001 187.999875 31.00032 31.999875000000003 1 1 1
210 130 772.999686 190.000125 27.999648 31.000125 1 1 1
210 131 719.9998199999999 184.000125 25.000218 53.99999999999999 1 1 1
211 130 777.000168 186.0 24.000408 37.999875 1 1 1
211 131 724.0003019999999 184.999875 26.999838 57.0 1 1 1
212 130 784.00008 187.999875 30.00051 36.0 1 1 1
212 131 730.000404 186.0 24.000408 58.000125 1 1 1
213 130 789.000372 187.999875 30.00051 37.999875 1 1 1
213 131 732.000024 186.0 25.000218 58.999875 1 1 1
214 130 790.999992 181.000125 33.99975 46.999875 1 1 1
214 131 732.999834 184.999875 26.000028 61.000125000000004 1 1 1
215 130 792.999612 175.999875 37.000422 52.999874999999996 1 1 1
215 131 733.999644 181.999875 26.999838 61.999875 1 1 1
216 130 798.999714 169.999875 37.000422 58.999875 1 1 1
216 131 737.000316 178.999875 28.999458 66.0 1 1 1
217 130 804.000006 168.0 39.000042 61.999875 1 1 1
217 131 738.000126 178.000125 31.00032 67.999875 1 1 1
218 130 806.999436 169.999875 40.999662 70.999875 1 1 1
218 131 739.9997460000001 175.999875 31.00032 70.999875 1 1 1
219 130 811.999728 165.0 44.000334 76.99987499999999 1 1 1
219 131 742.0006079999999 178.000125 32.99994 73.000125 1 1 1
220 130 817.0000200000001 163.999875 44.000334 81.0 1 1 1
220 131 744.000228 177.0 36.000612000000004 76.99987499999999 1 1 1
221 130 823.999932 163.999875 45.000144 84.0 1 1 1
221 131 746.9996580000001 178.999875 36.000612000000004 81.0 1 1 1
222 130 822.000312 166.000125 56.000538 99.0 1 1 1
222 131 750.00033 181.000125 38.000232000000004 85.000125 1 1 1
223 130 829.0002239999999 166.000125 59.999778 106.000125 1 1 1
223 131 753.99957 181.999875 40.999662 90.0 1 1 1
224 130 836.000136 163.999875 65.99988 114.0 1 1 1
224 131 765.999774 181.999875 36.000612000000004 97.000125 1 1 1
225 130 847.00053 163.999875 70.000362 121.99987499999999 1 1 1
225 131 767.999394 181.999875 44.000334 102.00000000000001 1 1 1
226 130 857.999682 162.0 74.999412 129.0 1 1 1
226 131 771.999876 178.999875 51.000246000000004 107.99999999999999 1 1 1
227 130 870.999696 163.000125 85.99980599999999 135.0 1 1 1
227 131 784.00008 181.000125 52.000056 115.00012500000001 1 1 1
228 130 886.0005719999999 162.0 87.999426 157.999875 1 1 1
228 131 797.000094 184.999875 57.000347999999995 124.000125 1 1 1
229 130 902.999826 162.0 97.0002 156.0 1 1 1
229 131 805.999626 187.000125 64.00026 136.999875 1 1 1
230 130 921.000132 162.0 104.99992200000001 166.000125 1 1 1
230 131 819.9994499999999 187.000125 70.000362 148.000125 1 1 1
231 130 941.000058 159.0 117.000126 196.000125 1 1 1
231 131 832.999464 186.0 80.99951399999999 162.0 1 1 1
232 130 967.000086 159.0 128.00052 193.000125 1 1 1
232 131 849.99996 187.000125 87.999426 174.0 1 1 1
233 130 995.999544 156.0 143.999964 208.000125 1 1 1
233 131 873.0005580000001 190.999875 96.00039000000001 184.000125 1 1 1
234 130 1031.000346 154.000125 163.99989 220.00012500000003 1 1 1
234 131 908.000118 196.000125 100.99944 178.999875 1 1 1
235 130 1077.0003 150.0 164.9997 225.0 1 1 1
235 131 941.999868 198.0 122.000418 177.0 1 1 1
236 130 1155.000384 148.000125 86.999616 226.999875 1 1 1
236 131 998.000406 196.99987500000003 149.000256 178.000125 1 1 1
237 131 1085.999832 198.0 156.000168 177.0 1 1 1
238 131 1210.9996800000001 301.999875 31.00032 73.000125 1 1 1
