0 53 662.999472 175.000125 12.000204 36.0 1 1 1
1 53 666.999954 175.000125 14.999633999999999 37.000125000000004 1 1 1
2 53 671.000436 174.0 18.000306000000002 37.999875 1 1 1
3 53 677.000538 174.0 17.000496000000002 40.000125 1 1 1
4 53 684.00045 174.0 12.000204 40.999875 1 1 1
5 53 688.9995 172.999875 13.000014 43.000125000000004 1 1 1
6 53 693.9997920000001 174.0 17.000496000000002 42.0 1 1 1
7 53 698.000274 172.000125 20.999736 43.999875 1 1 1
8 53 700.9997040000001 172.999875 20.999736 42.0 1 1 1
9 53 712.000098 169.000125 15.999443999999999 45.0 1 1 1
10 53 718.0002 168.0 15.999443999999999 46.000125 1 1 1
11 53 721.9994399999999 168.0 18.000306000000002 46.000125 1 1 1
12 53 724.0003019999999 168.0 20.999736 46.999875 1 1 1
13 53 730.000404 166.999875 19.999926 49.999875 1 1 1
14 53 738.000126 169.000125 20.999736 48.0 1 1 1
15 53 743.000418 169.999875 18.000306000000002 49.000125000000004 1 1 1
16 53 747.999468 171.0 21.999546 49.999875 1 1 1
17 53 751.0001400000001 169.999875 21.999546 51.00000000000001 1 1 1
18 53 758.000052 169.000125 19.999926 51.00000000000001 1 1 1
19 53 765.999774 166.999875 19.000116000000002 53.99999999999999 1 1 1
20 53 769.000446 169.000125 23.000598 52.999874999999996 1 1 1
21 53 778.9997880000001 171.0 19.000116000000002 52.000125000000004 1 1 1
22 53 779.999598 169.999875 24.000408 53.99999999999999 1 1 1
23 53 790.999992 169.000125 20.999736 55.000125 1 1 1
24 53 798.999714 169.999875 20.999736 55.000125 1 1 1
25 53 805.999626 169.999875 21.999546 55.999874999999996 1 1 1
26 53 810.999918 171.0 23.000598 57.0 1 1 1
27 53 816.0002099999999 171.0 24.000408 57.0 1 1 1
28 53 825.999552 169.000125 19.999926 60.0 1 1 1
29 53 832.999464 169.000125 21.999546 61.000125000000004 1 1 1
30 53 836.999946 171.0 25.000218 60.0 1 1 1
31 53 843.000048 172.999875 26.000028 61.000125000000004 1 1 1
32 53 850.99977 171.0 24.000408 61.999875 1 1 1
33 53 862.000164 172.000125 23.000598 63.00000000000001 1 1 1
34 53 870.999696 172.000125 20.999736 64.00012500000001 1 1 1
35 53 877.999608 174.0 27.999648 64.00012500000001 1 1 1
36 53 883.99971 174.0 27.999648 64.99987499999999 1 1 1
37 53 893.000484 172.999875 27.999648 67.000125 1 1 1
38 53 908.999928 172.999875 23.000598 69.0 1 1 1
39 53 915.00003 172.999875 30.00051 70.000125 1 1 1
40 53 921.999942 174.0 33.99975 70.000125 1 1 1
41 53 934.999956 175.000125 33.99975 70.999875 1 1 1
42 53 953.0002619999999 174.0 27.999648 73.000125 1 1 1
43 53 967.9998959999999 171.0 27.999648 78.0 1 1 1
44 53 984.0005819999999 172.000125 32.99994 78.0 1 1 1
45 53 999.0002159999999 172.999875 37.000422 78.0 1 1 1
46 53 1013.00004 172.000125 37.000422 81.0 1 1 1
47 53 1038.000258 169.000125 33.99975 85.000125 1 1 1
48 53 1057.000374 168.0 38.000232000000004 88.000125 1 1 1
49 53 1076.0004900000001 168.0 43.000524 91.000125 1 1 1
50 53 1098.000036 169.999875 26.000028 91.000125 1 1 1
51 53 1125.9996840000001 169.000125 50.000436 96.0 1 1 1
52 53 1162.000296 168.0 43.000524 102.00000000000001 1 1 1
53 53 1194.000426 166.000125 47.999574 109.000125 1 1 1
54 53 1234.000278 184.999875 7.999721999999999 57.0 1 1 1
