165 21 538.999434 181.000125 17.000496000000002 15.0 1 1 1
166 21 538.999434 181.000125 17.000496000000002 16.000124999999997 1 1 1
167 21 537.999624 181.000125 18.000306000000002 16.999875 1 1 1
168 21 536.999814 181.000125 19.999926 18.0 1 1 1
169 21 536.000004 181.999875 19.999926 18.0 1 1 1
170 21 534.000384 181.999875 21.999546 19.000124999999997 1 1 1
171 21 533.000574 181.999875 21.999546 19.000124999999997 1 1 1
172 21 530.999712 181.000125 23.000598 21.0 1 1 1
173 21 529.000092 181.000125 25.000218 21.0 1 1 1
174 21 525.99942 181.000125 26.000028 22.999875 1 1 1
175 21 522.99999 181.999875 27.999648 22.999875 1 1 1
176 21 520.00056 181.999875 30.00051 25.000125 1 1 1
177 21 516.000078 183.0 31.00032 25.999875000000003 1 1 1
178 21 511.999596 183.0 32.99994 26.999999999999996 1 1 1
179 21 505.999494 181.000125 36.000612000000004 30.0 1 1 1
180 21 499.999392 180.0 39.000042 31.999875000000003 1 1 1
181 21 491.99967000000004 178.999875 43.000524 34.999875 1 1 1
182 21 483.99994799999996 181.000125 46.999764 37.000125000000004 1 1 1
183 21 472.999554 181.000125 51.000246000000004 40.999875 1 1 1
184 21 461.000592 181.999875 56.000538 45.0 1 1 1
185 21 444.99990599999995 181.999875 63.00045 49.999875 1 1 1
186 21 425.99979 181.999875 71.999982 57.0 1 1 1
187 21 399.999762 184.000125 84.999996 66.0 1 1 1
188 21 365.000202 184.999875 103.000302 79.000125 1 1 1
189 21 313.000146 187.000125 131.99976 97.000125 1 1 1
190 21 231.99938999999998 189.0 177.999714 124.000125 1 1 1
191 21 80.99951399999999 195.0 276.999534 169.000125 1 1 1
192 21 0.0 204.00000000000003 268.000002 171.0 1 1 1
193 21 0.0 244.99987500000003 72.999792 130.000125 1 1 1
215 31 569.9997539999999 180.0 15.999443999999999 13.000125 1 1 1
216 31 568.000134 180.0 18.000306000000002 13.999875 1 1 1
217 31 566.000514 181.000125 19.000116000000002 13.999875 1 1 1
218 31 564.999462 181.000125 19.999926 15.0 1 1 1
219 31 563.999652 183.0 19.999926 15.0 1 1 1
220 31 562.000032 184.000125 20.999736 16.000124999999997 1 1 1
221 31 561.000222 183.0 20.999736 18.0 1 1 1
222 31 559.000602 181.999875 23.000598 19.000124999999997 1 1 1
223 31 556.99974 181.000125 23.000598 19.000124999999997 1 1 1
224 31 554.00031 181.000125 25.000218 19.999875 1 1 1
225 31 551.999448 180.0 26.000028 21.0 1 1 1
226 31 549.999828 178.999875 26.999838 22.000125 1 1 1
227 31 546.000588 178.999875 28.999458 22.999875 1 1 1
228 31 542.000106 180.0 31.00032 22.999875 1 1 1
229 31 536.000004 180.0 32.99994 25.000125 1 1 1
230 31 530.999712 180.0 34.99956 26.999999999999996 1 1 1
231 31 523.9998 180.0 38.000232000000004 28.000125 1 1 1
232 31 516.999888 181.999875 40.999662 31.000125 1 1 1
233 31 507.000546 181.999875 45.999954 34.000125 1 1 1
234 31 496.999962 180.0 50.000436 37.000125000000004 1 1 1
235 31 483.99994799999996 180.0 56.000538 42.0 1 1 1
236 31 468.000504 180.0 64.00026 48.0 1 1 1
237 31 449.000388 181.000125 72.999792 55.000125 1 1 1
238 31 423.00036 181.000125 86.999616 64.00012500000001 1 1 1
239 31 387.999558 181.000125 106.999542 76.99987499999999 1 1 1
240 31 335.999502 183.0 138.999672 94.99987499999999 1 1 1
241 31 249.999696 186.0 194.0004 121.000125 1 1 1
241 37 567.000324 180.0 13.999824 13.999875 1 1 1
242 31 83.000376 189.0 309.999474 175.000125 1 1 1
242 37 564.999462 178.999875 15.999443999999999 16.000124999999997 1 1 1
243 31 0.0 199.000125 305.000424 175.999875 1 1 1
243 37 562.9998420000001 180.0 17.000496000000002 16.000124999999997 1 1 1
244 31 0.0 256.999875 78.000084 118.000125 1 1 1
244 37 560.000412 180.0 19.000116000000002 16.000124999999997 1 1 1
245 37 556.99974 178.999875 19.999926 18.0 1 1 1
246 37 555.0001199999999 178.999875 19.999926 16.999875 1 1 1
247 37 550.999638 178.999875 23.000598 19.000124999999997 1 1 1
248 37 548.000208 181.999875 24.000408 19.000124999999997 1 1 1
249 37 546.000588 181.999875 24.000408 21.0 1 1 1
250 37 542.000106 181.999875 26.999838 21.0 1 1 1
251 37 540.000486 181.000125 26.999838 22.000125 1 1 1
252 37 536.000004 181.000125 30.00051 24.0 1 1 1
253 37 530.999712 180.0 32.99994 25.000125 1 1 1
254 37 527.0004720000001 181.000125 33.99975 25.999875000000003 1 1 1
254 26 554.00031 181.000125 15.999443999999999 16.999875 1 1 1
255 37 522.00018 181.000125 36.000612000000004 28.000125 1 1 1
255 26 550.999638 181.000125 18.000306000000002 18.0 1 1 1
256 37 516.000078 183.0 39.999852 28.999875 1 1 1
256 26 548.000208 181.999875 19.000116000000002 19.000124999999997 1 1 1
257 37 509.000166 183.0 44.000334 31.999875000000003 1 1 1
257 26 543.999726 181.999875 21.999546 19.000124999999997 1 1 1
258 37 501.000444 178.999875 47.999574 34.999875 1 1 1
258 26 542.000106 178.000125 21.999546 21.0 1 1 1
259 37 491.99967000000004 178.999875 52.000056 37.000125000000004 1 1 1
259 26 537.999624 177.0 25.000218 21.0 1 1 1
260 37 479.99946600000004 181.999875 58.000158 40.999875 1 1 1
260 26 533.000574 180.0 27.999648 22.999875 1 1 1
261 37 464.999832 183.0 65.99988 46.999875 1 1 1
261 26 529.000092 181.000125 28.999458 25.000125 1 1 1
262 37 445.999716 181.999875 76.00046400000001 53.99999999999999 1 1 1
262 26 521.00037 180.0 34.99956 25.999875000000003 1 1 1
263 37 419.99968800000005 181.999875 91.000098 61.999875 1 1 1
263 26 514.000458 178.999875 38.000232000000004 28.000125 1 1 1
264 37 385.999938 181.999875 110.00021400000001 73.000125 1 1 1
264 26 505.999494 177.0 41.999472 30.0 1 1 1
265 37 333.00007200000005 181.999875 143.000154 93.0 1 1 1
265 26 496.999962 178.000125 45.999954 33.0 1 1 1
266 37 248.000076 184.999875 200.000502 117.0 1 1 1
266 26 485.99956799999995 178.000125 51.000246000000004 37.000125000000004 1 1 1
267 37 83.000376 187.000125 320.99986800000005 169.999875 1 1 1
267 26 472.999554 178.999875 57.000347999999995 40.999875 1 1 1
268 37 0.0 196.000125 332.000262 178.999875 1 1 1
268 26 457.99992 180.0 65.00007 46.000125 1 1 1
269 37 0.0 220.999875 175.000284 154.000125 1 1 1
269 26 439.999614 181.000125 73.999602 52.000125000000004 1 1 1
270 26 414.999396 181.000125 87.999426 61.000125000000004 1 1 1
271 26 383.00050799999997 183.0 105.99973200000001 72.0 1 1 1
272 26 334.99969200000004 184.999875 135.000432 85.000125 1 1 1
273 26 261.00009 184.999875 182.000196 106.999875 1 1 1
274 26 129.00033 187.999875 275.999724 148.999875 1 1 1
275 26 0.0 193.000125 340.999794 181.999875 1 1 1
276 26 0.0 205.000125 210.99965400000002 169.999875 1 1 1
