110 31 542.999916 181.999875 15.999443999999999 12.0 1 1 1
111 31 541.0002959999999 181.000125 15.999443999999999 13.999875 1 1 1
112 31 537.999624 181.000125 18.000306000000002 15.0 1 1 1
113 31 536.000004 181.000125 19.000116000000002 16.000124999999997 1 1 1
114 31 533.000574 180.0 20.999736 16.000124999999997 1 1 1
115 31 529.999902 181.000125 21.999546 16.000124999999997 1 1 1
116 31 528.0002820000001 181.000125 20.999736 16.000124999999997 1 1 1
117 31 524.99961 180.0 21.999546 16.999875 1 1 1
118 31 522.00018 180.0 23.000598 18.0 1 1 1
119 31 517.9996980000001 180.0 24.000408 19.000124999999997 1 1 1
120 31 514.000458 180.0 25.000218 19.999875 1 1 1
121 31 509.999976 181.000125 26.999838 19.999875 1 1 1
122 31 503.99987400000003 181.000125 28.999458 21.0 1 1 1
123 31 497.999772 181.000125 31.00032 22.000125 1 1 1
124 31 492.99948 181.000125 32.00013 24.0 1 1 1
125 29 535.000194 177.0 19.999926 15.0 1 1 1
125 31 485.99956799999995 181.999875 33.99975 24.0 1 1 1
126 29 531.9995220000001 178.000125 20.999736 13.999875 1 1 1
126 31 478.999656 181.999875 36.000612000000004 25.999875000000003 1 1 1
127 29 529.000092 178.000125 21.999546 13.000125 1 1 1
127 31 470.00012399999997 181.000125 39.000042 28.000125 1 1 1
128 29 524.99961 178.000125 21.999546 13.999875 1 1 1
128 31 461.000592 181.999875 41.999472 30.0 1 1 1
129 29 522.00018 177.0 23.000598 16.999875 1 1 1
129 31 450.000198 183.0 46.999764 33.0 1 1 1
130 29 517.9996980000001 178.999875 24.000408 16.000124999999997 1 1 1
130 31 437.999994 184.999875 50.000436 34.000125 1 1 1
131 29 514.000458 178.999875 25.000218 16.000124999999997 1 1 1
131 31 424.00016999999997 184.999875 56.000538 37.000125000000004 1 1 1
132 29 509.999976 178.000125 26.000028 18.0 1 1 1
132 31 407.999484 184.999875 60.999587999999996 40.999875 1 1 1
133 29 505.999494 178.000125 27.999648 19.000124999999997 1 1 1
133 31 390.00042 184.999875 66.99969 46.000125 1 1 1
134 29 499.999392 180.0 30.00051 19.000124999999997 1 1 1
134 31 366.999822 187.000125 77.00027399999999 49.999875 1 1 1
135 29 494.00053199999996 180.0 31.00032 19.999875 1 1 1
135 31 339.000174 189.0 87.999426 55.999874999999996 1 1 1
136 29 490.00005000000004 180.0 31.00032 19.999875 1 1 1
136 31 304.00061400000004 190.000125 103.000302 61.999875 1 1 1
137 29 483.000138 178.999875 33.99975 21.0 1 1 1
137 31 257.999418 190.000125 124.000038 70.999875 1 1 1
138 29 476.000226 178.999875 36.000612000000004 22.000125 1 1 1
138 31 195.00021 192.0 155.000358 85.000125 1 1 1
139 29 469.000314 178.999875 39.000042 24.0 1 1 1
139 31 105.99973200000001 195.0 203.999742 100.999875 1 1 1
140 29 461.000592 180.0 40.999662 25.999875000000003 1 1 1
140 31 0.0 202.000125 253.000368 124.999875 1 1 1
141 29 452.99962800000003 181.999875 44.000334 28.000125 1 1 1
141 31 0.0 208.99987499999997 168.000372 142.999875 1 1 1
142 29 442.00047600000005 184.000125 41.999472 28.999875 1 1 1
142 31 0.0 249.0 28.999458 121.000125 1 1 1
143 29 430.00027200000005 184.999875 46.999764 30.0 1 1 1
144 29 418.000068 187.000125 52.999866000000004 31.000125 1 1 1
145 29 404.000244 186.0 58.000158 34.999875 1 1 1
146 29 386.99974799999995 186.0 65.99988 37.999875 1 1 1
147 29 366.000012 184.999875 76.00046400000001 43.999875 1 1 1
148 29 341.999604 186.0 85.99980599999999 49.000125000000004 1 1 1
149 29 309.999474 187.999875 100.99944 55.999874999999996 1 1 1
150 29 270.999432 190.000125 117.99993599999999 64.00012500000001 1 1 1
151 29 217.99956600000002 192.0 143.999964 76.00012500000001 1 1 1
152 29 144.999774 196.99987500000003 181.000386 88.99987499999999 1 1 1
153 29 36.000612000000004 202.99987499999997 244.999404 109.000125 1 1 1
154 29 0.0 211.000125 214.000326 139.999875 1 1 1
155 29 0.0 222.0 112.99964399999999 126.00000000000001 1 1 1
210 39 597.999402 174.0 19.000116000000002 9.0 1 1 1
211 39 595.999782 174.0 19.000116000000002 10.999875000000001 1 1 1
212 39 594.000162 174.0 19.999926 12.0 1 1 1
213 39 592.000542 174.0 20.999736 13.000125 1 1 1
214 39 589.99968 174.0 20.999736 13.999875 1 1 1
215 39 588.0000600000001 172.999875 19.999926 13.999875 1 1 1
216 39 586.00044 172.999875 19.999926 13.999875 1 1 1
217 39 582.999768 172.000125 20.999736 15.0 1 1 1
218 39 580.0003379999999 172.999875 23.000598 15.0 1 1 1
219 39 577.9994760000001 172.999875 23.000598 15.0 1 1 1
220 39 575.000046 172.999875 24.000408 16.000124999999997 1 1 1
221 39 572.000616 174.0 23.000598 15.0 1 1 1
222 39 568.999944 175.000125 24.000408 16.000124999999997 1 1 1
223 39 566.000514 175.000125 25.000218 16.000124999999997 1 1 1
224 39 562.9998420000001 175.000125 25.000218 16.999875 1 1 1
225 39 560.000412 175.000125 25.000218 16.999875 1 1 1
226 39 556.99974 175.000125 25.000218 16.999875 1 1 1
227 39 555.99993 175.000125 23.000598 18.0 1 1 1
228 39 549.000018 175.999875 26.999838 16.999875 1 1 1
229 39 544.9995359999999 177.0 27.999648 16.999875 1 1 1
230 39 541.0002959999999 177.0 28.999458 19.000124999999997 1 1 1
230 43 600.000264 172.999875 21.999546 12.0 1 1 1
231 39 536.999814 177.0 28.999458 19.000124999999997 1 1 1
231 43 596.999592 172.999875 23.000598 13.999875 1 1 1
232 39 533.000574 178.000125 28.999458 19.000124999999997 1 1 1
232 43 594.999972 172.999875 23.000598 15.0 1 1 1
233 39 529.000092 177.0 30.00051 19.999875 1 1 1
233 43 592.000542 172.999875 24.000408 15.0 1 1 1
234 39 525.99942 178.000125 32.00013 19.999875 1 1 1
234 43 589.99968 172.999875 25.000218 15.0 1 1 1
235 39 521.00037 177.0 32.00013 21.0 1 1 1
235 43 588.99987 172.999875 23.000598 15.0 1 1 1
236 39 517.9996980000001 178.000125 32.99994 21.0 1 1 1
236 43 587.00025 172.999875 23.000598 15.0 1 1 1
237 39 512.999406 178.000125 33.99975 22.000125 1 1 1
237 43 583.9995779999999 172.999875 24.000408 16.000124999999997 1 1 1
238 39 509.000166 178.999875 33.99975 22.000125 1 1 1
238 43 581.000148 174.0 25.000218 15.0 1 1 1
239 39 503.99987400000003 178.999875 36.000612000000004 22.999875 1 1 1
239 43 577.9994760000001 172.999875 26.000028 16.999875 1 1 1
240 39 501.000444 178.999875 34.99956 22.999875 1 1 1
240 43 575.999856 174.0 26.000028 16.000124999999997 1 1 1
241 39 495.000342 180.0 37.000422 24.0 1 1 1
241 43 573.0004260000001 175.000125 26.999838 16.000124999999997 1 1 1
242 39 490.00005000000004 181.000125 39.000042 25.000125 1 1 1
242 43 570.999564 175.000125 26.999838 16.999875 1 1 1
243 39 484.999758 181.000125 39.999852 25.000125 1 1 1
243 43 568.000134 175.000125 26.999838 16.999875 1 1 1
244 39 483.000138 181.000125 38.000232000000004 26.999999999999996 1 1 1
244 43 564.999462 175.000125 26.999838 18.0 1 1 1
245 39 472.999554 181.999875 44.000334 26.999999999999996 1 1 1
245 43 562.000032 175.999875 28.999458 18.0 1 1 1
246 39 466.999452 181.999875 45.000144 28.999875 1 1 1
246 43 560.000412 175.999875 27.999648 18.0 1 1 1
247 39 461.000592 183.0 45.999954 28.999875 1 1 1
247 43 556.99974 177.0 27.999648 18.0 1 1 1
248 39 452.99962800000003 183.0 48.999384 30.0 1 1 1
248 43 555.0001199999999 177.0 27.999648 18.0 1 1 1
249 39 444.99990599999995 184.000125 51.000246000000004 31.000125 1 1 1
249 43 555.0001199999999 177.0 25.000218 18.0 1 1 1
250 39 436.000374 184.000125 53.999676 34.000125 1 1 1
250 43 549.000018 177.0 28.999458 19.000124999999997 1 1 1
251 39 427.99941 184.999875 53.999676 34.000125 1 1 1
251 43 543.999726 177.0 32.00013 19.999875 1 1 1
252 39 416.000448 184.999875 60.999587999999996 37.000125000000004 1 1 1
252 43 542.000106 177.0 31.00032 21.0 1 1 1
253 39 405.00005400000003 186.0 64.00026 39.0 1 1 1
253 43 537.999624 177.0 32.00013 21.0 1 1 1
254 39 392.99985000000004 187.999875 67.9995 40.000125 1 1 1
254 43 536.000004 178.000125 32.00013 22.000125 1 1 1
255 39 379.000026 189.0 72.999792 42.0 1 1 1
255 43 531.9995220000001 180.0 32.00013 21.0 1 1 1
256 39 363.000582 190.000125 78.000084 46.999875 1 1 1
256 43 529.000092 181.000125 32.99994 21.0 1 1 1
257 39 344.000466 190.000125 85.99980599999999 51.00000000000001 1 1 1
257 43 524.99961 181.000125 32.99994 22.000125 1 1 1
258 39 326.99996999999996 192.0 89.000478 52.999874999999996 1 1 1
258 43 521.00037 181.000125 32.00013 22.000125 1 1 1
259 39 298.000512 193.000125 103.000302 57.0 1 1 1
259 43 516.999888 181.999875 34.99956 22.000125 1 1 1
260 39 268.999812 193.999875 113.99945399999999 64.99987499999999 1 1 1
260 43 511.999596 181.999875 38.000232000000004 24.0 1 1 1
261 39 231.99938999999998 196.000125 131.99976 70.999875 1 1 1
261 43 507.000546 183.0 39.000042 24.0 1 1 1
262 39 189.999918 198.0 149.000256 76.99987499999999 1 1 1
262 43 502.00025400000004 184.000125 39.999852 24.0 1 1 1
263 39 132.99957 201.0 156.999978 85.000125 1 1 1
263 43 496.999962 184.000125 40.999662 25.000125 1 1 1
264 39 59.999778 202.99987499999997 213.000516 100.999875 1 1 1
264 43 490.99986 184.999875 41.999472 25.999875000000003 1 1 1
265 39 0.0 205.99987499999997 228.99996 118.000125 1 1 1
265 43 484.999758 184.999875 44.000334 28.999875 1 1 1
266 39 0.0 210.00000000000003 169.000182 141.0 1 1 1
266 43 477.999846 186.0 45.999954 28.999875 1 1 1
267 39 0.0 217.00012500000003 87.999426 121.000125 1 1 1
267 43 471.99974399999996 187.000125 46.999764 28.999875 1 1 1
268 43 464.000022 187.000125 48.999384 31.000125 1 1 1
269 43 456.0003 187.999875 52.000056 31.000125 1 1 1
270 43 451.999818 187.999875 48.999384 33.0 1 1 1
271 43 436.000374 187.999875 58.999967999999996 36.0 1 1 1
272 43 424.00016999999997 190.000125 63.00045 37.000125000000004 1 1 1
273 43 411.999966 190.000125 66.99969 40.000125 1 1 1
274 43 398.999952 190.000125 71.999982 43.000125000000004 1 1 1
275 43 384.000318 190.000125 76.00046400000001 48.0 1 1 1
276 43 365.000202 190.999875 84.000186 49.999875 1 1 1
277 43 342.999414 193.000125 92.999718 53.99999999999999 1 1 1
278 43 319.000248 195.0 102.00049200000001 58.000125 1 1 1
279 43 288.99973800000004 196.000125 115.00050599999999 64.00012500000001 1 1 1
280 43 254.000178 196.000125 130.00014 73.000125 1 1 1
281 43 208.000224 196.000125 139.999482 81.0 1 1 1
282 43 149.000256 198.0 182.000196 91.999875 1 1 1
283 43 71.999982 201.0 228.99996 103.999875 1 1 1
284 43 0.0 202.99987499999997 256.999608 124.999875 1 1 1
285 43 0.0 205.99987499999997 198.99945 154.000125 1 1 1
286 43 0.0 212.99999999999997 117.99993599999999 130.999875 1 1 1
