149 98 836.000136 187.999875 21.999546 15.0 1 1 1
150 98 840.0006179999999 190.000125 24.000408 13.000125 1 1 1
151 98 844.999668 189.0 26.999838 16.000124999999997 1 1 1
152 98 849.0001500000001 190.000125 28.999458 13.999875 1 1 1
153 98 854.000442 190.000125 32.99994 16.000124999999997 1 1 1
154 98 858.9994919999999 189.0 36.000612000000004 16.999875 1 1 1
155 98 864.999594 189.0 39.000042 18.0 1 1 1
156 98 870.999696 190.000125 41.999472 16.999875 1 1 1
157 98 875.999988 190.000125 45.999954 16.999875 1 1 1
158 98 882.00009 190.000125 51.000246000000004 18.0 1 1 1
159 98 888.000192 190.000125 57.000347999999995 19.000124999999997 1 1 1
160 98 893.000484 190.999875 60.999587999999996 22.000125 1 1 1
161 98 899.0005859999999 190.999875 66.99969 22.999875 1 1 1
162 98 906.000498 192.0 70.000362 22.000125 1 1 1
163 98 912.0006 193.000125 72.999792 21.0 1 1 1
164 98 919.0005120000001 193.999875 73.999602 22.000125 1 1 1
165 98 926.0004240000001 195.0 74.999412 22.000125 1 1 1
166 98 934.999956 195.0 74.999412 22.999875 1 1 1
167 98 941.999868 193.999875 78.999894 25.999875000000003 1 1 1
167 42 1022.9993820000001 196.000125 27.999648 22.000125 1 1 1
168 98 954.000072 196.000125 77.00027399999999 24.0 1 1 1
168 42 1032.000156 196.99987500000003 38.000232000000004 22.000125 1 1 1
169 98 963.9994140000001 196.000125 78.999894 25.999875000000003 1 1 1
169 42 1041.999498 196.99987500000003 45.000144 25.999875000000003 1 1 1
170 98 969.999516 196.000125 84.000186 26.999999999999996 1 1 1
170 42 1052.999892 196.99987500000003 57.000347999999995 25.999875000000003 1 1 1
171 98 984.0005819999999 196.99987500000003 80.99951399999999 26.999999999999996 1 1 1
171 42 1065.000096 198.0 65.00007 26.999999999999996 1 1 1
172 98 1001.999646 196.99987500000003 76.00046400000001 28.000125 1 1 1
172 42 1078.00011 199.000125 72.999792 26.999999999999996 1 1 1
173 98 1014.9996600000001 196.99987500000003 76.00046400000001 28.999875 1 1 1
173 42 1091.999934 199.000125 76.00046400000001 28.999875 1 1 1
174 98 1008.999558 198.0 96.00039000000001 28.999875 1 1 1
174 42 1105.9997580000002 201.0 82.00056599999999 28.999875 1 1 1
175 98 1020.999762 198.0 98.99982 30.0 1 1 1
175 42 1120.999392 201.0 85.99980599999999 31.000125 1 1 1
176 98 1034.999586 199.000125 103.000302 28.999875 1 1 1
176 42 1137.999888 202.000125 85.99980599999999 31.999875000000003 1 1 1
177 98 1056.0005640000002 201.0 98.99982 30.0 1 1 1
177 42 1156.000194 202.99987499999997 85.99980599999999 34.999875 1 1 1
178 98 1063.000476 201.0 108.000594 31.999875000000003 1 1 1
178 42 1171.999638 204.00000000000003 70.000362 34.000125 1 1 1
179 98 1076.0004900000001 199.99987499999997 108.000594 34.000125 1 1 1
179 42 1187.000514 204.00000000000003 54.999486000000005 34.000125 1 1 1
180 98 1093.999554 199.99987499999997 116.000316 34.999875 1 1 1
180 42 1215.999972 202.000125 26.000028 31.000125 1 1 1
181 98 1111.99986 201.0 108.000594 36.0 1 1 1
182 98 1130.999976 201.0 111.000024 42.0 1 1 1
183 98 1151.999712 202.99987499999997 90.000288 40.999875 1 1 1
184 98 1175.00031 204.00000000000003 66.99969 42.0 1 1 1
185 98 1200.000528 211.000125 41.999472 33.0 1 1 1
186 98 1228.000176 222.0 13.999824 22.999875 1 1 1
