86 110 909.9997380000001 175.000125 18.000306000000002 43.999875 1 1 1
87 110 917.99946 174.0 17.000496000000002 48.0 1 1 1
88 110 925.0006139999999 172.999875 18.000306000000002 49.999875 1 1 1
89 110 934.0001460000001 171.0 18.000306000000002 52.999874999999996 1 1 1
90 110 939.000438 178.000125 23.000598 49.000125000000004 1 1 1
91 110 949.99959 169.999875 20.999736 60.0 1 1 1
92 110 960.999984 166.999875 20.999736 64.99987499999999 1 1 1
93 110 971.000568 166.999875 20.999736 67.999875 1 1 1
94 110 982.9995299999999 168.0 21.999546 70.000125 1 1 1
95 110 994.999734 166.999875 24.000408 72.0 1 1 1
96 110 1008.999558 166.999875 23.000598 76.00012500000001 1 1 1
97 110 1022.9993820000001 168.0 26.999838 79.000125 1 1 1
98 110 1037.000448 168.0 30.00051 81.0 1 1 1
99 110 1052.999892 165.0 32.99994 85.999875 1 1 1
100 110 1071.000198 163.999875 34.99956 90.0 1 1 1
101 110 1087.999452 163.000125 39.999852 94.99987499999999 1 1 1
102 110 1111.99986 163.999875 40.999662 99.0 1 1 1
103 110 1139.9995079999999 160.999875 40.999662 105.00000000000001 1 1 1
104 110 1169.000208 157.999875 41.999472 109.000125 1 1 1
105 110 1193.000616 159.0 48.999384 115.00012500000001 1 1 1
106 110 1228.000176 166.999875 13.999824 49.000125000000004 1 1 1
207 130 751.99995 184.999875 26.999838 31.000125 1 1 1
208 130 757.000242 187.000125 31.00032 33.0 1 1 1
209 130 764.0001540000001 187.999875 31.00032 31.999875000000003 1 1 1
210 130 772.999686 190.000125 27.999648 31.000125 1 1 1
211 130 777.000168 186.0 24.000408 37.999875 1 1 1
212 130 784.00008 187.999875 30.00051 36.0 1 1 1
213 130 789.000372 187.999875 30.00051 37.999875 1 1 1
214 130 790.999992 181.000125 33.99975 46.999875 1 1 1
215 130 792.999612 175.999875 37.000422 52.999874999999996 1 1 1
216 130 798.999714 169.999875 37.000422 58.999875 1 1 1
217 130 804.000006 168.0 39.000042 61.999875 1 1 1
218 130 806.999436 169.999875 40.999662 70.999875 1 1 1
219 130 811.999728 165.0 44.000334 76.99987499999999 1 1 1
220 130 817.0000200000001 163.999875 44.000334 81.0 1 1 1
221 130 823.999932 163.999875 45.000144 84.0 1 1 1
222 130 822.000312 166.000125 56.000538 99.0 1 1 1
223 130 829.0002239999999 166.000125 59.999778 106.000125 1 1 1
224 130 836.000136 163.999875 65.99988 114.0 1 1 1
225 130 847.00053 163.999875 70.000362 121.99987499999999 1 1 1
226 130 857.999682 162.0 74.999412 129.0 1 1 1
227 130 870.999696 163.000125 85.99980599999999 135.0 1 1 1
228 130 886.0005719999999 162.0 87.999426 157.999875 1 1 1
229 130 902.999826 162.0 97.0002 156.0 1 1 1
230 130 921.000132 162.0 104.99992200000001 166.000125 1 1 1
231 130 941.000058 159.0 117.000126 196.000125 1 1 1
232 130 967.000086 159.0 128.00052 193.000125 1 1 1
233 130 995.999544 156.0 143.999964 208.000125 1 1 1
234 130 1031.000346 154.000125 163.99989 220.00012500000003 1 1 1
235 130 1077.0003 150.0 164.9997 225.0 1 1 1
236 130 1155.000384 148.000125 86.999616 226.999875 1 1 1
257 136 401.99938199999997 178.999875 31.00032 82.999875 1 1 1
258 136 397.00033199999996 181.000125 28.999458 88.99987499999999 1 1 1
259 136 385.999938 178.999875 39.000042 94.99987499999999 1 1 1
260 136 377.000406 177.0 44.000334 100.000125 1 1 1
261 136 374.99954399999996 175.999875 44.000334 106.999875 1 1 1
262 136 367.999632 178.000125 45.000144 114.0 1 1 1
263 136 358.00028999999995 178.000125 51.000246000000004 123.0 1 1 1
264 136 346.99989600000004 175.000125 56.000538 133.999875 1 1 1
265 136 328.99959 172.000125 61.999398 148.999875 1 1 1
266 136 307.999854 174.0 66.99969 163.999875 1 1 1
267 136 281.999826 178.000125 73.999602 180.0 1 1 1
268 136 248.999886 174.0 82.00056599999999 201.0 1 1 1
269 136 198.99945 168.0 99.99963000000001 207.00000000000003 1 1 1
270 136 128.00052 169.999875 126.999468 205.000125 1 1 1
271 136 28.999458 172.999875 169.000182 202.000125 1 1 1
272 136 0.0 181.999875 91.000098 193.000125 1 1 1
289 140 536.000004 178.999875 12.000204 34.999875 1 1 1
290 140 536.000004 177.0 11.000394 34.999875 1 1 1
291 140 536.999814 175.999875 12.000204 36.0 1 1 1
292 140 538.999434 175.999875 10.000584 37.999875 1 1 1
293 140 537.999624 175.999875 10.000584 37.000125000000004 1 1 1
294 140 536.999814 175.000125 10.000584 37.999875 1 1 1
295 140 536.999814 175.000125 12.000204 39.0 1 1 1
296 140 536.000004 172.999875 12.000204 40.999875 1 1 1
297 140 535.000194 172.999875 13.000014 42.0 1 1 1
298 140 534.000384 172.999875 12.000204 43.999875 1 1 1
299 140 534.000384 174.0 8.999532 43.999875 1 1 1
300 140 531.9995220000001 175.999875 12.000204 43.999875 1 1 1
301 140 528.0002820000001 175.999875 14.999633999999999 45.0 1 1 1
302 140 527.0004720000001 175.999875 13.000014 46.999875 1 1 1
303 140 522.99999 175.000125 14.999633999999999 49.999875 1 1 1
304 140 520.00056 174.0 17.000496000000002 49.999875 1 1 1
305 140 516.999888 174.0 19.000116000000002 49.999875 1 1 1
306 140 512.999406 174.0 19.000116000000002 52.000125000000004 1 1 1
307 140 509.999976 172.000125 19.000116000000002 55.000125 1 1 1
308 140 507.000546 172.000125 19.999926 57.0 1 1 1
309 140 503.99987400000003 172.999875 20.999736 58.000125 1 1 1
310 140 501.000444 175.000125 20.999736 58.999875 1 1 1
311 140 497.999772 175.999875 20.999736 60.0 1 1 1
312 140 496.000152 175.999875 20.999736 63.00000000000001 1 1 1
313 140 492.99948 172.999875 21.999546 64.99987499999999 1 1 1
314 140 488.00043 171.0 24.000408 67.999875 1 1 1
315 140 484.999758 169.999875 23.000598 69.0 1 1 1
316 140 479.99946600000004 171.0 24.000408 70.000125 1 1 1
317 140 472.999554 171.0 26.000028 73.999875 1 1 1
318 140 466.999452 169.999875 26.999838 78.0 1 1 1
319 140 461.000592 172.000125 27.999648 82.000125 1 1 1
320 140 456.0003 174.0 27.999648 85.000125 1 1 1
321 140 451.000008 175.000125 28.999458 85.999875 1 1 1
322 140 445.999716 172.999875 30.00051 91.000125 1 1 1
323 140 439.999614 171.0 31.00032 93.0 1 1 1
324 140 432.999702 171.0 32.99994 99.0 1 1 1
325 140 426.9996 172.000125 32.99994 103.999875 1 1 1
326 140 416.000448 174.0 36.000612000000004 109.999875 1 1 1
327 140 405.999864 175.000125 38.000232000000004 115.999875 1 1 1
328 140 392.99985000000004 174.0 40.999662 121.000125 1 1 1
329 140 379.000026 172.000125 41.999472 127.000125 1 1 1
330 140 363.000582 172.999875 46.999764 135.0 1 1 1
331 140 346.99989600000004 175.999875 47.999574 144.0 1 1 1
332 140 326.99996999999996 178.000125 52.999866000000004 154.000125 1 1 1
333 140 306.00023400000003 174.0 54.999486000000005 166.999875 1 1 1
334 140 281.000016 174.0 59.999778 172.999875 1 1 1
335 140 253.000368 175.999875 65.00007 187.999875 1 1 1
336 140 221.00023800000002 178.000125 69.000552 196.99987500000003 1 1 1
337 140 183.000006 178.000125 76.00046400000001 196.99987500000003 1 1 1
338 140 136.00024200000001 174.0 83.000376 201.0 1 1 1
339 140 82.00056599999999 165.0 95.00058 210.00000000000003 1 1 1
