0 11 562.000032 174.0 91.000098 85.000125 1 1 1
1 11 562.000032 174.0 91.000098 85.999875 1 1 1
2 11 562.000032 174.0 92.999718 87.0 1 1 1
3 11 562.000032 175.000125 92.999718 87.0 1 1 1
4 11 562.9998420000001 175.000125 93.999528 90.0 1 1 1
5 11 562.9998420000001 175.999875 96.00039000000001 90.0 1 1 1
6 11 562.000032 175.999875 98.00001 91.000125 1 1 1
7 11 562.9998420000001 175.000125 98.99982 91.999875 1 1 1
8 11 562.9998420000001 172.999875 99.99963000000001 94.99987499999999 1 1 1
9 11 562.9998420000001 172.000125 100.99944 96.0 1 1 1
121 11 593.000352 175.999875 45.999954 40.999875 1 1 1
122 11 592.000542 175.999875 45.999954 42.0 1 1 1
123 11 592.000542 175.000125 46.999764 42.0 1 1 1
124 11 592.000542 175.000125 46.999764 42.0 1 1 1
125 11 592.000542 175.000125 46.999764 42.0 1 1 1
126 11 592.000542 175.000125 46.999764 42.0 1 1 1
127 11 590.99949 174.0 46.999764 43.000125000000004 1 1 1
128 11 590.99949 174.0 46.999764 43.000125000000004 1 1 1
129 11 590.99949 175.000125 45.999954 43.000125000000004 1 1 1
130 11 589.99968 175.000125 47.999574 43.000125000000004 1 1 1
131 11 588.99987 175.000125 50.000436 43.999875 1 1 1
132 11 588.99987 175.000125 48.999384 43.000125000000004 1 1 1
133 11 588.99987 174.0 51.000246000000004 43.999875 1 1 1
134 11 588.0000600000001 175.999875 51.000246000000004 43.000125000000004 1 1 1
135 11 588.0000600000001 177.0 48.999384 43.000125000000004 1 1 1
136 11 588.99987 175.999875 48.999384 43.000125000000004 1 1 1
137 11 588.0000600000001 174.0 50.000436 43.999875 1 1 1
138 11 587.00025 172.999875 50.000436 43.999875 1 1 1
139 11 588.99987 174.0 47.999574 43.999875 1 1 1
140 11 587.00025 174.0 50.000436 45.0 1 1 1
141 11 587.00025 175.000125 51.000246000000004 45.0 1 1 1
142 11 587.00025 175.999875 51.000246000000004 45.0 1 1 1
143 11 587.00025 175.999875 51.000246000000004 46.000125 1 1 1
144 11 588.99987 175.999875 50.000436 46.000125 1 1 1
145 11 588.0000600000001 174.0 51.000246000000004 46.999875 1 1 1
146 11 588.0000600000001 174.0 52.000056 46.000125 1 1 1
147 11 588.0000600000001 172.999875 52.999866000000004 46.999875 1 1 1
148 11 588.0000600000001 172.999875 52.999866000000004 46.999875 1 1 1
149 11 588.99987 174.0 52.999866000000004 46.999875 1 1 1
150 11 588.99987 172.999875 52.999866000000004 48.0 1 1 1
151 11 588.99987 172.999875 53.999676 49.000125000000004 1 1 1
152 11 588.99987 174.0 54.999486000000005 49.000125000000004 1 1 1
153 11 588.99987 175.000125 56.000538 49.999875 1 1 1
154 11 588.99987 175.999875 57.000347999999995 51.00000000000001 1 1 1
155 11 588.99987 175.999875 57.000347999999995 51.00000000000001 1 1 1
156 11 588.99987 174.0 57.000347999999995 52.999874999999996 1 1 1
157 11 588.99987 174.0 58.999967999999996 52.999874999999996 1 1 1
158 11 588.99987 172.999875 58.999967999999996 55.000125 1 1 1
159 11 588.99987 172.000125 58.999967999999996 55.999874999999996 1 1 1
160 11 588.0000600000001 171.0 60.999587999999996 57.0 1 1 1
161 11 588.0000600000001 171.0 61.999398 57.0 1 1 1
162 11 588.0000600000001 171.0 63.00045 58.000125 1 1 1
163 11 588.0000600000001 171.0 63.00045 60.0 1 1 1
164 11 587.00025 171.0 65.00007 61.000125000000004 1 1 1
165 11 586.00044 172.000125 66.99969 61.000125000000004 1 1 1
166 11 586.00044 172.000125 67.9995 63.00000000000001 1 1 1
167 11 584.999388 171.0 69.000552 64.00012500000001 1 1 1
168 11 584.999388 171.0 70.000362 64.99987499999999 1 1 1
169 11 584.999388 171.0 71.000172 66.0 1 1 1
170 11 584.999388 169.999875 71.999982 67.000125 1 1 1
171 11 583.9995779999999 169.999875 72.999792 67.999875 1 1 1
172 11 583.9995779999999 171.0 73.999602 69.0 1 1 1
173 11 582.999768 172.000125 76.00046400000001 70.000125 1 1 1
174 11 581.999958 172.000125 78.000084 70.999875 1 1 1
175 11 581.999958 172.000125 78.000084 73.000125 1 1 1
176 11 582.999768 174.0 78.999894 73.999875 1 1 1
177 11 581.999958 175.999875 80.99951399999999 73.999875 1 1 1
178 11 582.999768 177.0 82.00056599999999 76.00012500000001 1 1 1
179 11 581.999958 177.0 84.999996 76.99987499999999 1 1 1
180 11 582.999768 177.0 85.99980599999999 78.0 1 1 1
181 11 583.9995779999999 175.999875 85.99980599999999 79.999875 1 1 1
182 11 583.9995779999999 175.000125 89.000478 81.0 1 1 1
183 11 583.9995779999999 175.000125 90.000288 82.000125 1 1 1
184 11 584.999388 174.0 91.000098 84.0 1 1 1
185 11 583.9995779999999 174.0 93.999528 85.000125 1 1 1
186 11 583.9995779999999 174.0 95.00058 85.999875 1 1 1
187 11 583.9995779999999 174.0 97.0002 88.000125 1 1 1
188 11 582.999768 172.999875 98.99982 90.0 1 1 1
189 11 582.999768 172.000125 100.99944 91.999875 1 1 1
190 11 582.999768 172.000125 103.000302 94.000125 1 1 1
191 11 581.999958 172.000125 104.000112 94.99987499999999 1 1 1
192 11 581.999958 172.999875 104.99992200000001 94.99987499999999 1 1 1
193 11 581.999958 172.999875 105.99973200000001 97.000125 1 1 1
194 11 581.999958 172.999875 106.999542 99.0 1 1 1
195 11 580.0003379999999 174.0 110.00021400000001 100.000125 1 1 1
196 11 581.000148 175.000125 110.00021400000001 100.999875 1 1 1
197 11 581.000148 175.000125 111.000024 103.000125 1 1 1
198 11 580.0003379999999 175.999875 113.99945399999999 103.999875 1 1 1
199 11 581.000148 175.999875 113.99945399999999 106.000125 1 1 1
200 11 580.0003379999999 175.999875 116.000316 106.999875 1 1 1
201 11 580.0003379999999 175.000125 117.99993599999999 109.999875 1 1 1
202 11 580.0003379999999 174.0 119.999556 112.999875 1 1 1
203 11 580.0003379999999 174.0 121.000608 114.0 1 1 1
204 11 580.0003379999999 175.000125 123.00022799999999 115.999875 1 1 1
205 11 579.000528 175.000125 125.999658 118.000125 1 1 1
206 11 579.000528 175.000125 128.00052 120.0 1 1 1
207 11 579.000528 175.000125 130.00014 121.000125 1 1 1
208 11 577.9994760000001 175.000125 133.99938 124.000125 1 1 1
209 11 577.9994760000001 175.000125 137.000052 126.00000000000001 1 1 1
210 11 577.9994760000001 175.999875 138.999672 127.999875 1 1 1
211 11 576.999666 175.999875 142.000344 130.999875 1 1 1
212 11 575.999856 175.999875 146.999394 133.999875 1 1 1
213 11 575.000046 175.000125 151.999686 138.0 1 1 1
214 11 575.000046 175.999875 154.00054799999998 139.999875 1 1 1
215 11 575.000046 175.000125 156.999978 144.0 1 1 1
216 11 574.000236 175.000125 161.00046 145.999875 1 1 1
217 11 574.000236 174.0 163.00008 150.0 1 1 1
218 11 574.000236 174.0 165.99951 153.0 1 1 1
219 11 574.000236 174.0 168.000372 154.999875 1 1 1
220 11 573.0004260000001 174.0 170.999802 157.000125 1 1 1
221 11 572.000616 175.000125 174.000474 157.999875 1 1 1
222 11 573.0004260000001 175.000125 175.000284 160.999875 1 1 1
223 11 572.000616 175.000125 176.999904 163.000125 1 1 1
224 11 569.9997539999999 175.000125 182.000196 165.0 1 1 1
225 11 570.999564 175.000125 182.000196 166.000125 1 1 1
226 11 570.999564 175.000125 183.000006 166.999875 1 1 1
227 11 570.999564 175.000125 183.999816 169.000125 1 1 1
228 11 570.999564 175.000125 185.999436 169.999875 1 1 1
229 11 570.999564 175.000125 188.00029800000002 172.000125 1 1 1
230 11 569.9997539999999 175.000125 189.999918 174.0 1 1 1
231 11 569.9997539999999 175.000125 190.999728 175.000125 1 1 1
232 11 569.9997539999999 175.000125 191.999538 175.999875 1 1 1
233 11 570.999564 175.000125 191.999538 175.999875 1 1 1
