44 4 433.99951200000004 190.999875 28.999458 21.0 1 1 1
45 4 431.99989200000005 190.000125 28.999458 22.000125 1 1 1
46 4 431.000082 189.0 27.999648 22.000125 1 1 1
47 4 423.00036 189.0 34.99956 22.000125 1 1 1
48 4 418.000068 189.0 38.000232000000004 22.000125 1 1 1
49 4 416.000448 187.999875 39.000042 22.999875 1 1 1
50 4 414.999396 189.0 39.000042 22.000125 1 1 1
51 4 412.999776 190.000125 39.000042 22.000125 1 1 1
52 4 410.000346 190.999875 40.999662 22.000125 1 1 1
53 4 407.999484 190.000125 40.999662 22.999875 1 1 1
54 4 405.999864 189.0 41.999472 22.999875 1 1 1
55 4 403.00043400000004 187.999875 43.000524 22.999875 1 1 1
56 4 400.999572 187.000125 43.000524 24.0 1 1 1
57 4 398.000142 186.0 44.000334 25.000125 1 1 1
58 4 394.99947000000003 187.000125 44.000334 25.000125 1 1 1
59 4 392.00004 187.999875 45.000144 25.999875000000003 1 1 1
60 4 387.999558 187.999875 46.999764 25.000125 1 1 1
61 4 384.000318 187.000125 48.999384 25.999875000000003 1 1 1
62 4 379.999836 184.999875 48.999384 26.999999999999996 1 1 1
63 4 374.99954399999996 184.000125 51.000246000000004 26.999999999999996 1 1 1
64 4 371.00030399999997 184.000125 52.000056 28.000125 1 1 1
65 4 365.000202 183.0 54.999486000000005 28.999875 1 1 1
66 4 359.0001 184.000125 56.000538 30.0 1 1 1
67 4 353.999808 184.999875 57.000347999999995 31.000125 1 1 1
68 4 346.99989600000004 184.999875 60.999587999999996 31.000125 1 1 1
69 4 339.999984 184.000125 61.999398 31.999875000000003 1 1 1
70 4 332.000262 184.999875 65.00007 34.000125 1 1 1
71 4 324.00054 190.000125 66.99969 34.000125 1 1 1
72 4 315.999576 193.000125 70.000362 34.999875 1 1 1
73 4 306.00023400000003 193.999875 72.999792 34.999875 1 1 1
74 4 295.99965000000003 193.000125 76.00046400000001 37.000125000000004 1 1 1
75 4 286.000308 190.000125 78.999894 40.000125 1 1 1
76 4 273.000294 189.0 79.999704 42.0 1 1 1
77 4 261.9999 189.0 85.99980599999999 40.999875 1 1 1
78 4 247.00026599999998 190.000125 91.999908 43.999875 1 1 1
79 4 233.000442 193.000125 98.00001 46.999875 1 1 1
80 4 216.99975600000002 195.0 104.000112 46.999875 1 1 1
81 4 200.000502 193.999875 110.00021400000001 52.000125000000004 1 1 1
82 4 180.000576 190.999875 118.99974599999999 55.000125 1 1 1
83 4 158.999598 190.000125 126.999468 58.000125 1 1 1
84 4 137.000052 190.999875 135.000432 60.0 1 1 1
85 4 111.99983399999999 193.000125 146.999394 64.00012500000001 1 1 1
86 4 84.000186 195.0 158.999598 67.999875 1 1 1
87 4 52.999866000000004 193.999875 174.000474 72.0 1 1 1
88 4 18.000306000000002 193.999875 191.999538 76.99987499999999 1 1 1
89 4 0.0 193.000125 189.000108 76.00012500000001 1 1 1
90 4 0.0 192.0 165.99951 82.000125 1 1 1
91 4 0.0 192.0 138.999672 88.000125 1 1 1
92 4 0.0 196.000125 108.000594 73.999875 1 1 1
93 4 0.0 199.99987499999997 73.999602 75.0 1 1 1
94 4 0.0 219.0 32.99994 64.00012500000001 1 1 1
110 31 542.999916 181.999875 15.999443999999999 12.0 1 1 1
111 31 541.0002959999999 181.000125 15.999443999999999 13.999875 1 1 1
112 31 537.999624 181.000125 18.000306000000002 15.0 1 1 1
113 31 536.000004 181.000125 19.000116000000002 16.000124999999997 1 1 1
114 31 533.000574 180.0 20.999736 16.000124999999997 1 1 1
115 31 529.999902 181.000125 21.999546 16.000124999999997 1 1 1
116 31 528.0002820000001 181.000125 20.999736 16.000124999999997 1 1 1
117 31 524.99961 180.0 21.999546 16.999875 1 1 1
118 31 522.00018 180.0 23.000598 18.0 1 1 1
119 31 517.9996980000001 180.0 24.000408 19.000124999999997 1 1 1
120 31 514.000458 180.0 25.000218 19.999875 1 1 1
121 31 509.999976 181.000125 26.999838 19.999875 1 1 1
122 31 503.99987400000003 181.000125 28.999458 21.0 1 1 1
123 31 497.999772 181.000125 31.00032 22.000125 1 1 1
124 31 492.99948 181.000125 32.00013 24.0 1 1 1
125 29 535.000194 177.0 19.999926 15.0 1 1 1
125 31 485.99956799999995 181.999875 33.99975 24.0 1 1 1
126 29 531.9995220000001 178.000125 20.999736 13.999875 1 1 1
126 31 478.999656 181.999875 36.000612000000004 25.999875000000003 1 1 1
127 29 529.000092 178.000125 21.999546 13.000125 1 1 1
127 31 470.00012399999997 181.000125 39.000042 28.000125 1 1 1
128 29 524.99961 178.000125 21.999546 13.999875 1 1 1
128 31 461.000592 181.999875 41.999472 30.0 1 1 1
129 29 522.00018 177.0 23.000598 16.999875 1 1 1
129 31 450.000198 183.0 46.999764 33.0 1 1 1
130 29 517.9996980000001 178.999875 24.000408 16.000124999999997 1 1 1
130 31 437.999994 184.999875 50.000436 34.000125 1 1 1
131 29 514.000458 178.999875 25.000218 16.000124999999997 1 1 1
131 31 424.00016999999997 184.999875 56.000538 37.000125000000004 1 1 1
132 29 509.999976 178.000125 26.000028 18.0 1 1 1
132 31 407.999484 184.999875 60.999587999999996 40.999875 1 1 1
133 29 505.999494 178.000125 27.999648 19.000124999999997 1 1 1
133 31 390.00042 184.999875 66.99969 46.000125 1 1 1
134 29 499.999392 180.0 30.00051 19.000124999999997 1 1 1
134 31 366.999822 187.000125 77.00027399999999 49.999875 1 1 1
135 29 494.00053199999996 180.0 31.00032 19.999875 1 1 1
135 31 339.000174 189.0 87.999426 55.999874999999996 1 1 1
136 29 490.00005000000004 180.0 31.00032 19.999875 1 1 1
136 31 304.00061400000004 190.000125 103.000302 61.999875 1 1 1
137 29 483.000138 178.999875 33.99975 21.0 1 1 1
137 31 257.999418 190.000125 124.000038 70.999875 1 1 1
138 29 476.000226 178.999875 36.000612000000004 22.000125 1 1 1
138 31 195.00021 192.0 155.000358 85.000125 1 1 1
139 29 469.000314 178.999875 39.000042 24.0 1 1 1
139 31 105.99973200000001 195.0 203.999742 100.999875 1 1 1
140 29 461.000592 180.0 40.999662 25.999875000000003 1 1 1
140 31 0.0 202.000125 253.000368 124.999875 1 1 1
141 29 452.99962800000003 181.999875 44.000334 28.000125 1 1 1
141 31 0.0 208.99987499999997 168.000372 142.999875 1 1 1
142 29 442.00047600000005 184.000125 41.999472 28.999875 1 1 1
142 31 0.0 249.0 28.999458 121.000125 1 1 1
143 29 430.00027200000005 184.999875 46.999764 30.0 1 1 1
144 29 418.000068 187.000125 52.999866000000004 31.000125 1 1 1
145 29 404.000244 186.0 58.000158 34.999875 1 1 1
146 29 386.99974799999995 186.0 65.99988 37.999875 1 1 1
147 29 366.000012 184.999875 76.00046400000001 43.999875 1 1 1
148 29 341.999604 186.0 85.99980599999999 49.000125000000004 1 1 1
149 29 309.999474 187.999875 100.99944 55.999874999999996 1 1 1
150 29 270.999432 190.000125 117.99993599999999 64.00012500000001 1 1 1
151 29 217.99956600000002 192.0 143.999964 76.00012500000001 1 1 1
152 29 144.999774 196.99987500000003 181.000386 88.99987499999999 1 1 1
153 29 36.000612000000004 202.99987499999997 244.999404 109.000125 1 1 1
154 29 0.0 211.000125 214.000326 139.999875 1 1 1
155 29 0.0 222.0 112.99964399999999 126.00000000000001 1 1 1
170 46 470.999934 169.999875 26.000028 22.999875 1 1 1
171 46 470.00012399999997 169.999875 24.000408 22.999875 1 1 1
172 46 468.000504 169.999875 25.000218 22.999875 1 1 1
173 46 464.999832 171.0 27.999648 24.0 1 1 1
174 46 464.000022 171.0 26.999838 24.0 1 1 1
175 46 463.00021200000003 172.000125 26.000028 22.999875 1 1 1
176 46 462.000402 172.999875 26.000028 22.999875 1 1 1
177 46 459.99953999999997 174.0 26.999838 22.999875 1 1 1
178 46 458.99973 175.999875 27.999648 22.999875 1 1 1
179 46 458.99973 175.999875 27.999648 24.0 1 1 1
180 46 457.00010999999995 175.000125 30.00051 25.999875000000003 1 1 1
181 46 456.0003 175.000125 30.00051 25.999875000000003 1 1 1
182 46 455.00048999999996 174.0 31.00032 26.999999999999996 1 1 1
183 46 453.999438 174.0 31.00032 25.999875000000003 1 1 1
184 46 452.99962800000003 172.999875 31.00032 26.999999999999996 1 1 1
185 46 451.999818 172.000125 31.00032 28.000125 1 1 1
186 46 451.000008 172.000125 31.00032 28.000125 1 1 1
187 46 450.000198 172.000125 31.00032 28.000125 1 1 1
188 46 448.000578 172.000125 31.00032 28.000125 1 1 1
189 46 445.999716 171.0 32.00013 28.000125 1 1 1
190 46 444.99990599999995 171.0 32.00013 28.000125 1 1 1
191 46 443.00028599999996 171.0 32.99994 28.999875 1 1 1
192 46 442.00047600000005 171.0 32.99994 28.999875 1 1 1
193 46 440.999424 171.0 32.00013 28.999875 1 1 1
194 46 438.999804 171.0 33.99975 30.0 1 1 1
195 46 437.999994 172.000125 33.99975 30.0 1 1 1
196 46 436.000374 172.999875 34.99956 30.0 1 1 1
197 46 433.99951200000004 174.0 36.000612000000004 28.999875 1 1 1
198 46 432.999702 175.000125 36.000612000000004 28.999875 1 1 1
199 46 432.999702 175.000125 34.99956 28.999875 1 1 1
200 46 431.000082 175.000125 36.000612000000004 30.0 1 1 1
201 46 430.00027200000005 175.000125 37.000422 30.0 1 1 1
202 46 429.000462 175.000125 37.000422 30.0 1 1 1
203 46 429.000462 175.000125 37.000422 31.000125 1 1 1
204 46 426.9996 175.999875 38.000232000000004 31.000125 1 1 1
205 46 425.99979 175.999875 38.000232000000004 31.000125 1 1 1
206 46 425.99979 175.999875 38.000232000000004 31.000125 1 1 1
207 46 424.00016999999997 175.000125 39.000042 31.999875000000003 1 1 1
208 46 424.00016999999997 175.000125 38.000232000000004 31.999875000000003 1 1 1
209 46 420.999498 175.000125 40.999662 31.999875000000003 1 1 1
210 39 597.999402 174.0 19.000116000000002 9.0 1 1 1
210 46 420.999498 175.000125 39.999852 31.999875000000003 1 1 1
211 39 595.999782 174.0 19.000116000000002 10.999875000000001 1 1 1
211 46 419.99968800000005 175.000125 39.999852 31.999875000000003 1 1 1
212 39 594.000162 174.0 19.999926 12.0 1 1 1
212 46 418.999878 175.000125 40.999662 31.999875000000003 1 1 1
213 39 592.000542 174.0 20.999736 13.000125 1 1 1
213 46 418.999878 175.000125 39.999852 33.0 1 1 1
214 39 589.99968 174.0 20.999736 13.999875 1 1 1
214 46 418.000068 174.0 40.999662 33.0 1 1 1
215 39 588.0000600000001 172.999875 19.999926 13.999875 1 1 1
215 46 417.00025800000003 174.0 41.999472 33.0 1 1 1
216 39 586.00044 172.999875 19.999926 13.999875 1 1 1
216 46 417.00025800000003 174.0 40.999662 33.0 1 1 1
217 39 582.999768 172.000125 20.999736 15.0 1 1 1
217 46 416.000448 172.999875 40.999662 34.000125 1 1 1
218 39 580.0003379999999 172.999875 23.000598 15.0 1 1 1
218 46 411.999966 172.999875 44.000334 34.000125 1 1 1
219 39 577.9994760000001 172.999875 23.000598 15.0 1 1 1
219 46 411.999966 172.999875 44.000334 33.0 1 1 1
220 39 575.000046 172.999875 24.000408 16.000124999999997 1 1 1
220 46 411.000156 172.999875 45.000144 34.000125 1 1 1
221 39 572.000616 174.0 23.000598 15.0 1 1 1
221 46 412.999776 174.0 43.000524 33.0 1 1 1
222 39 568.999944 175.000125 24.000408 16.000124999999997 1 1 1
222 46 411.999966 174.0 43.000524 34.000125 1 1 1
223 39 566.000514 175.000125 25.000218 16.000124999999997 1 1 1
223 46 411.000156 174.0 44.000334 34.000125 1 1 1
224 39 562.9998420000001 175.000125 25.000218 16.999875 1 1 1
224 46 410.000346 174.0 45.000144 34.000125 1 1 1
225 39 560.000412 175.000125 25.000218 16.999875 1 1 1
225 46 411.000156 174.0 44.000334 34.000125 1 1 1
226 39 556.99974 175.000125 25.000218 16.999875 1 1 1
226 46 411.000156 174.0 43.000524 34.000125 1 1 1
227 39 555.99993 175.000125 23.000598 18.0 1 1 1
227 46 411.000156 174.0 43.000524 34.999875 1 1 1
228 39 549.000018 175.999875 26.999838 16.999875 1 1 1
228 46 410.000346 175.000125 44.000334 34.000125 1 1 1
229 39 544.9995359999999 177.0 27.999648 16.999875 1 1 1
229 46 411.000156 175.000125 43.000524 34.000125 1 1 1
230 39 541.0002959999999 177.0 28.999458 19.000124999999997 1 1 1
230 46 406.999674 175.000125 46.999764 34.000125 1 1 1
231 39 536.999814 177.0 28.999458 19.000124999999997 1 1 1
231 46 410.000346 175.000125 44.000334 34.000125 1 1 1
232 39 533.000574 178.000125 28.999458 19.000124999999997 1 1 1
232 46 410.000346 175.000125 43.000524 34.000125 1 1 1
233 39 529.000092 177.0 30.00051 19.999875 1 1 1
233 46 411.000156 175.000125 41.999472 34.000125 1 1 1
234 39 525.99942 178.000125 32.00013 19.999875 1 1 1
234 46 411.000156 175.000125 41.999472 34.000125 1 1 1
235 39 521.00037 177.0 32.00013 21.0 1 1 1
235 46 411.999966 175.000125 40.999662 34.000125 1 1 1
236 39 517.9996980000001 178.000125 32.99994 21.0 1 1 1
236 46 411.000156 175.000125 41.999472 34.000125 1 1 1
237 39 512.999406 178.000125 33.99975 22.000125 1 1 1
237 46 411.000156 174.0 41.999472 34.999875 1 1 1
238 39 509.000166 178.999875 33.99975 22.000125 1 1 1
238 46 410.000346 174.0 43.000524 34.999875 1 1 1
239 39 503.99987400000003 178.999875 36.000612000000004 22.999875 1 1 1
239 46 409.000536 174.0 44.000334 34.999875 1 1 1
240 39 501.000444 178.999875 34.99956 22.999875 1 1 1
240 46 411.000156 174.0 41.999472 34.999875 1 1 1
241 39 495.000342 180.0 37.000422 24.0 1 1 1
241 46 409.000536 175.000125 44.000334 34.999875 1 1 1
242 39 490.00005000000004 181.000125 39.000042 25.000125 1 1 1
242 46 410.000346 175.999875 43.000524 34.999875 1 1 1
243 39 484.999758 181.000125 39.999852 25.000125 1 1 1
243 46 409.000536 175.999875 44.000334 34.000125 1 1 1
244 39 483.000138 181.000125 38.000232000000004 26.999999999999996 1 1 1
244 46 410.000346 175.999875 43.000524 34.999875 1 1 1
245 39 472.999554 181.999875 44.000334 26.999999999999996 1 1 1
245 46 411.000156 175.999875 41.999472 34.999875 1 1 1
246 39 466.999452 181.999875 45.000144 28.999875 1 1 1
246 46 410.000346 177.0 43.000524 34.000125 1 1 1
247 39 461.000592 183.0 45.999954 28.999875 1 1 1
247 46 411.000156 177.0 40.999662 34.000125 1 1 1
248 39 452.99962800000003 183.0 48.999384 30.0 1 1 1
248 46 410.000346 177.0 44.000334 34.000125 1 1 1
249 39 444.99990599999995 184.000125 51.000246000000004 31.000125 1 1 1
249 46 411.000156 177.0 40.999662 34.000125 1 1 1
250 39 436.000374 184.000125 53.999676 34.000125 1 1 1
250 46 410.000346 175.999875 40.999662 34.000125 1 1 1
251 39 427.99941 184.999875 53.999676 34.000125 1 1 1
251 46 407.999484 175.999875 43.000524 33.0 1 1 1
252 39 416.000448 184.999875 60.999587999999996 37.000125000000004 1 1 1
252 46 406.999674 175.999875 43.000524 19.000124999999997 1 1 1
253 39 405.00005400000003 186.0 64.00026 39.0 1 1 1
253 46 406.999674 177.0 43.000524 13.999875 1 1 1
254 39 392.99985000000004 187.999875 67.9995 40.000125 1 1 1
254 46 409.000536 177.0 45.000144 16.000124999999997 1 1 1
255 39 379.000026 189.0 72.999792 42.0 1 1 1
255 46 404.000244 178.000125 48.999384 25.000125 1 1 1
256 39 363.000582 190.000125 78.000084 46.999875 1 1 1
256 46 405.999864 178.999875 45.000144 31.999875000000003 1 1 1
257 39 344.000466 190.000125 85.99980599999999 51.00000000000001 1 1 1
257 46 405.00005400000003 178.999875 45.999954 34.999875 1 1 1
258 39 326.99996999999996 192.0 89.000478 52.999874999999996 1 1 1
258 46 407.999484 178.999875 43.000524 34.999875 1 1 1
259 39 298.000512 193.000125 103.000302 57.0 1 1 1
259 46 403.00043400000004 178.999875 47.999574 36.0 1 1 1
260 39 268.999812 193.999875 113.99945399999999 64.99987499999999 1 1 1
260 46 404.000244 180.0 45.999954 34.999875 1 1 1
261 39 231.99938999999998 196.000125 131.99976 70.999875 1 1 1
261 46 400.999572 180.0 48.999384 36.0 1 1 1
262 39 189.999918 198.0 149.000256 76.99987499999999 1 1 1
262 46 399.999762 180.0 47.999574 36.0 1 1 1
263 39 132.99957 201.0 156.999978 85.000125 1 1 1
263 46 399.999762 181.000125 46.999764 36.0 1 1 1
264 39 59.999778 202.99987499999997 213.000516 100.999875 1 1 1
264 46 397.00033199999996 181.000125 48.999384 37.000125000000004 1 1 1
265 39 0.0 205.99987499999997 228.99996 118.000125 1 1 1
265 46 396.000522 181.999875 47.999574 36.0 1 1 1
266 39 0.0 210.00000000000003 169.000182 141.0 1 1 1
266 46 394.99947000000003 181.999875 47.999574 37.000125000000004 1 1 1
267 39 0.0 217.00012500000003 87.999426 121.000125 1 1 1
267 46 392.99985000000004 181.999875 47.999574 37.000125000000004 1 1 1
268 46 392.00004 181.999875 46.999764 37.999875 1 1 1
269 46 389.00061 183.0 47.999574 37.000125000000004 1 1 1
270 46 386.99974799999995 183.0 48.999384 37.999875 1 1 1
271 46 385.00012799999996 183.0 47.999574 37.999875 1 1 1
272 46 383.00050799999997 183.0 47.999574 39.0 1 1 1
273 46 379.999836 183.0 48.999384 39.0 1 1 1
274 46 374.99954399999996 183.0 47.999574 37.999875 1 1 1
275 46 372.99992399999996 183.0 45.000144 30.0 1 1 1
276 46 366.999822 183.0 56.000538 19.999875 1 1 1
277 46 361.99953 183.0 58.999967999999996 15.0 1 1 1
278 46 358.00028999999995 184.000125 54.999486000000005 13.999875 1 1 1
279 46 353.999808 184.000125 58.000158 39.0 1 1 1
280 46 348.999516 183.0 58.999967999999996 40.000125 1 1 1
281 46 353.999808 181.999875 51.000246000000004 43.999875 1 1 1
282 46 339.999984 181.999875 60.999587999999996 45.0 1 1 1
283 46 333.00007200000005 181.000125 61.999398 46.000125 1 1 1
284 46 326.00016 181.000125 64.00026 46.999875 1 1 1
285 46 319.000248 180.0 65.99988 48.0 1 1 1
286 46 312.000336 180.0 66.99969 49.000125000000004 1 1 1
287 46 304.00061400000004 181.000125 71.000172 49.999875 1 1 1
288 46 295.99965000000003 180.0 70.000362 52.000125000000004 1 1 1
289 46 286.000308 180.0 74.999412 52.000125000000004 1 1 1
290 46 274.999914 181.000125 73.999602 52.000125000000004 1 1 1
291 46 265.000572 181.000125 78.999894 31.999875000000003 1 1 1
292 46 259.00047 181.000125 78.999894 16.000124999999997 1 1 1
293 46 254.999988 181.000125 80.99951399999999 39.0 1 1 1
294 46 241.99997399999998 181.999875 84.999996 55.000125 1 1 1
295 46 215.00013600000003 181.000125 103.000302 64.00012500000001 1 1 1
296 46 198.99945 178.999875 109.000404 67.000125 1 1 1
297 46 182.000196 178.000125 117.000126 70.000125 1 1 1
298 46 164.9997 178.000125 124.000038 72.0 1 1 1
299 46 145.999584 177.0 130.99995 76.00012500000001 1 1 1
300 46 125.999658 178.000125 139.999482 78.0 1 1 1
301 46 102.00049200000001 178.000125 150.000066 82.000125 1 1 1
302 46 70.000362 178.999875 163.00008 84.0 1 1 1
303 46 39.000042 178.999875 177.999714 85.999875 1 1 1
304 46 5.000292 177.0 200.000502 64.99987499999999 1 1 1
305 46 41.999472 178.000125 142.000344 19.000124999999997 1 1 1
306 46 6.999912 178.999875 163.99989 87.0 1 1 1
307 46 0.0 180.0 146.999394 112.999875 1 1 1
308 46 0.0 180.0 124.999848 106.999875 1 1 1
309 46 0.0 181.000125 100.99944 100.999875 1 1 1
310 46 0.0 181.000125 72.999792 106.000125 1 1 1
311 46 0.0 183.0 43.000524 112.00012500000001 1 1 1
