0 2 729.000594 165.0 135.000432 82.000125 1 1 1
1 2 734.9994539999999 166.000125 136.00024200000001 84.0 1 1 1
2 2 742.0006079999999 166.000125 142.000344 88.000125 1 1 1
3 2 747.999468 166.000125 150.000066 91.999875 1 1 1
4 2 754.9993800000001 166.000125 156.999978 97.000125 1 1 1
5 2 762.000534 166.000125 164.9997 100.999875 1 1 1
6 2 770.0002559999999 166.000125 171.99961199999998 105.00000000000001 1 1 1
7 2 777.9999779999999 163.999875 183.999816 109.999875 1 1 1
8 2 786.99951 162.0 189.000108 115.00012500000001 1 1 1
9 2 796.000284 160.999875 197.99964 126.00000000000001 1 1 1
10 2 806.999436 160.000125 215.00013600000003 136.000125 1 1 1
11 2 817.0000200000001 159.0 247.00026599999998 145.999875 1 1 1
12 2 828.000414 157.999875 263.99952 154.000125 1 1 1
13 2 838.999566 157.999875 281.999826 165.0 1 1 1
14 2 852.9993900000001 159.0 299.00032200000004 175.000125 1 1 1
15 2 867.000456 159.0 312.000336 186.0 1 1 1
16 2 881.00028 159.0 327.99978 199.000125 1 1 1
17 2 900.000396 157.000125 341.999604 212.99999999999997 1 1 1
18 2 919.0005120000001 156.0 322.99948800000004 219.0 1 1 1
19 2 941.999868 156.0 300.000132 211.000125 1 1 1
20 2 967.9998959999999 156.0 274.000104 219.0 1 1 1
21 2 997.000596 154.999875 244.999404 220.00012500000003 1 1 1
22 2 1031.000346 154.999875 210.99965400000002 220.00012500000003 1 1 1
23 2 1071.000198 157.999875 170.999802 217.00012500000003 1 1 1
24 2 1117.000152 163.000125 124.999848 211.999875 1 1 1
25 2 1174.0005 205.000125 67.9995 169.999875 1 1 1
105 9 694.999602 177.0 40.999662 45.0 1 1 1
106 9 699.000084 177.0 43.000524 46.000125 1 1 1
107 9 703.000566 178.000125 46.999764 46.999875 1 1 1
108 9 706.999806 177.0 50.000436 49.999875 1 1 1
109 9 712.999908 177.0 52.999866000000004 52.000125000000004 1 1 1
110 9 718.0002 174.0 58.999967999999996 57.0 1 1 1
111 9 725.0001120000001 175.999875 63.00045 58.000125 1 1 1
112 9 730.000404 175.000125 71.999982 63.00000000000001 1 1 1
113 9 738.9999359999999 175.000125 76.00046400000001 67.000125 1 1 1
114 9 747.999468 174.0 78.000084 70.999875 1 1 1
114 25 680.9997780000001 180.0 13.999824 37.000125000000004 1 1 1
115 9 758.000052 172.999875 95.00058 76.99987499999999 1 1 1
115 25 682.999398 180.0 15.999443999999999 40.000125 1 1 1
116 9 771.0000660000001 172.999875 109.000404 82.999875 1 1 1
116 25 686.99988 180.0 17.000496000000002 43.000125000000004 1 1 1
117 9 784.00008 172.000125 121.000608 90.0 1 1 1
117 25 691.000362 180.0 19.000116000000002 43.999875 1 1 1
118 9 802.000386 172.999875 136.00024200000001 97.000125 1 1 1
118 25 694.999602 180.0 20.999736 46.999875 1 1 1
119 9 822.000312 172.000125 154.00054799999998 106.999875 1 1 1
119 25 699.9998939999999 178.999875 24.000408 49.000125000000004 1 1 1
120 9 847.00053 171.0 183.000006 120.0 1 1 1
120 25 705.0001860000001 180.0 26.999838 52.000125000000004 1 1 1
121 9 878.9994180000001 172.000125 222.999858 151.999875 1 1 1
121 25 711.000288 180.0 28.999458 55.000125 1 1 1
122 9 917.99946 172.000125 281.000016 178.000125 1 1 1
122 25 717.00039 181.000125 32.99994 58.000125 1 1 1
123 9 972.000378 172.000125 269.999622 202.99987499999997 1 1 1
123 25 723.000492 180.0 39.000042 61.000125000000004 1 1 1
124 9 1048.9994100000001 172.999875 193.00059000000002 202.000125 1 1 1
124 25 731.0002139999999 180.0 44.000334 66.0 1 1 1
124 36 649.9994579999999 174.0 26.000028 25.000125 1 1 1
125 9 1164.999726 193.999875 77.00027399999999 181.000125 1 1 1
125 25 738.9999359999999 178.999875 54.999486000000005 73.000125 1 1 1
125 36 649.9994579999999 175.000125 26.000028 25.000125 1 1 1
126 25 749.00052 178.000125 65.00007 79.000125 1 1 1
126 36 651.0005100000001 174.0 26.000028 25.999875000000003 1 1 1
127 25 760.999482 178.000125 78.999894 85.000125 1 1 1
127 22 723.000492 181.999875 13.000014 48.0 1 1 1
127 36 652.00032 172.999875 31.00032 26.999999999999996 1 1 1
128 25 773.9994959999999 177.0 99.99963000000001 94.000125 1 1 1
128 22 729.000594 184.999875 14.999633999999999 49.000125000000004 1 1 1
128 36 653.00013 172.999875 32.00013 28.999875 1 1 1
129 25 792.999612 177.0 128.00052 106.000125 1 1 1
129 22 736.0005060000001 186.0 17.000496000000002 52.000125000000004 1 1 1
129 36 653.00013 174.0 36.000612000000004 28.999875 1 1 1
130 25 815.0004 177.0 164.9997 118.000125 1 1 1
130 22 744.000228 184.999875 23.000598 57.0 1 1 1
130 36 654.9997500000001 175.000125 30.00051 30.0 1 1 1
131 25 841.000428 178.999875 215.99994600000002 138.0 1 1 1
131 22 752.99976 181.000125 31.00032 66.0 1 1 1
131 36 654.9997500000001 174.0 33.99975 31.000125 1 1 1
132 25 876.999798 178.000125 287.999928 174.0 1 1 1
132 22 764.0001540000001 180.0 38.000232000000004 72.0 1 1 1
132 36 655.99956 174.0 32.99994 31.999875000000003 1 1 1
133 25 925.0006139999999 181.000125 316.99938599999996 193.999875 1 1 1
133 22 775.0005480000001 180.0 47.999574 78.0 1 1 1
133 36 657.0006119999999 174.0 36.000612000000004 33.0 1 1 1
134 25 993.000114 184.999875 248.999886 190.000125 1 1 1
134 22 789.000372 181.999875 60.999587999999996 85.000125 1 1 1
134 36 659.000232 175.999875 34.99956 33.0 1 1 1
135 25 1093.999554 193.999875 148.000446 181.000125 1 1 1
135 22 806.999436 183.0 77.00027399999999 93.0 1 1 1
135 36 660.000042 177.0 37.000422 34.000125 1 1 1
136 22 824.9997420000001 181.000125 106.999542 103.999875 1 1 1
136 36 661.9996620000001 175.999875 38.000232000000004 34.999875 1 1 1
137 22 849.99996 178.999875 150.000066 117.0 1 1 1
137 36 662.999472 175.000125 39.999852 36.0 1 1 1
138 22 881.00028 178.000125 196.00002 145.999875 1 1 1
138 36 665.000334 174.0 43.000524 37.999875 1 1 1
139 22 921.000132 180.0 268.999812 172.999875 1 1 1
139 36 666.999954 174.0 45.999954 39.0 1 1 1
140 22 972.000378 180.0 269.999622 195.0 1 1 1
140 36 668.9995739999999 174.0 50.000436 40.999875 1 1 1
141 22 1044.00036 181.000125 197.99964 193.999875 1 1 1
141 36 672.000246 175.000125 52.000056 42.0 1 1 1
142 22 1150.000092 195.0 91.999908 180.0 1 1 1
142 36 674.999676 175.999875 56.000538 43.999875 1 1 1
143 36 678.000348 175.999875 58.000158 46.000125 1 1 1
144 36 680.9997780000001 175.999875 64.00026 48.0 1 1 1
145 36 684.00045 175.000125 72.999792 49.999875 1 1 1
146 36 687.99969 175.000125 78.000084 51.00000000000001 1 1 1
147 36 692.999982 174.0 85.99980599999999 53.99999999999999 1 1 1
148 36 698.000274 174.0 93.999528 57.0 1 1 1
149 36 703.000566 174.0 99.99963000000001 58.999875 1 1 1
150 36 707.999616 172.999875 111.000024 63.00000000000001 1 1 1
151 36 714.9995279999999 174.0 122.000418 66.0 1 1 1
151 37 710.000478 174.0 67.9995 49.000125000000004 1 1 1
152 36 724.0003019999999 175.000125 135.000432 72.0 1 1 1
152 37 716.0005799999999 175.000125 77.00027399999999 55.999874999999996 1 1 1
153 36 732.000024 177.0 157.999788 76.99987499999999 1 1 1
153 37 721.9994399999999 178.000125 79.999704 60.0 1 1 1
153 27 657.0006119999999 175.000125 14.999633999999999 31.000125 1 1 1
154 36 740.999556 178.000125 171.99961199999998 82.999875 1 1 1
154 37 729.000594 178.999875 83.000376 61.999875 1 1 1
154 27 658.0004220000001 175.000125 15.999443999999999 31.999875000000003 1 1 1
155 36 751.99995 178.000125 183.000006 88.99987499999999 1 1 1
155 37 736.0005060000001 178.999875 91.000098 64.99987499999999 1 1 1
155 27 659.000232 174.0 17.000496000000002 34.000125 1 1 1
156 36 763.000344 178.000125 196.00002 97.000125 1 1 1
156 37 744.000228 177.0 98.00001 70.000125 1 1 1
156 27 660.9998519999999 172.999875 19.000116000000002 34.999875 1 1 1
157 36 777.000168 177.0 209.000034 106.999875 1 1 1
157 37 751.99995 177.0 104.000112 73.000125 1 1 1
157 27 661.9996620000001 172.000125 19.999926 36.0 1 1 1
158 36 793.9994220000001 178.000125 222.999858 117.0 1 1 1
158 37 762.000534 175.999875 113.99945399999999 78.0 1 1 1
158 27 664.000524 171.0 23.000598 37.999875 1 1 1
159 36 814.00059 178.000125 241.00016399999998 130.999875 1 1 1
159 37 772.999686 175.999875 124.999848 84.0 1 1 1
159 27 666.0001440000001 172.000125 23.000598 37.000125000000004 1 1 1
160 36 840.0006179999999 175.999875 259.00047 150.0 1 1 1
160 37 785.9997000000001 174.0 136.00024200000001 91.000125 1 1 1
160 27 667.999764 171.0 24.000408 37.999875 1 1 1
161 36 870.999696 175.999875 281.999826 171.0 1 1 1
161 37 801.0005759999999 172.999875 146.999394 99.0 1 1 1
161 27 669.9993840000001 169.000125 26.000028 40.000125 1 1 1
162 36 908.000118 177.0 311.000526 198.0 1 1 1
162 37 818.99964 174.0 163.00008 106.999875 1 1 1
162 27 671.000436 169.999875 27.999648 40.999875 1 1 1
163 36 959.000364 178.999875 282.999636 196.000125 1 1 1
163 37 838.999566 174.0 183.000006 117.0 1 1 1
163 27 673.999866 169.000125 30.00051 43.999875 1 1 1
164 36 1025.0002439999998 180.0 216.99975600000002 195.0 1 1 1
164 37 861.000354 175.000125 227.00034 133.000125 1 1 1
164 27 673.999866 169.999875 32.99994 43.000125000000004 1 1 1
165 36 1120.999392 187.999875 121.000608 187.000125 1 1 1
165 37 889.9998119999999 175.999875 257.999418 160.000125 1 1 1
165 27 677.000538 171.0 36.000612000000004 43.999875 1 1 1
166 37 921.999942 177.0 279.000396 180.0 1 1 1
166 27 679.000158 171.0 37.000422 46.999875 1 1 1
167 37 960.999984 177.0 281.000016 198.0 1 1 1
167 27 680.9997780000001 169.999875 39.999852 49.000125000000004 1 1 1
168 37 1010.0006099999999 180.0 231.99938999999998 195.0 1 1 1
168 27 682.999398 169.999875 43.000524 49.000125000000004 1 1 1
169 37 1070.000388 181.000125 171.99961199999998 193.999875 1 1 1
169 27 685.0002599999999 169.999875 45.999954 51.00000000000001 1 1 1
170 37 1148.000472 189.0 93.999528 186.0 1 1 1
170 27 687.99969 169.000125 48.999384 52.000125000000004 1 1 1
171 27 690.0005520000001 168.0 53.999676 55.000125 1 1 1
172 27 692.999982 169.000125 57.000347999999995 55.999874999999996 1 1 1
173 27 694.999602 168.0 61.999398 58.999875 1 1 1
174 27 698.000274 168.0 65.00007 61.000125000000004 1 1 1
175 27 699.9998939999999 169.000125 71.000172 63.00000000000001 1 1 1
176 27 703.000566 169.999875 77.00027399999999 64.00012500000001 1 1 1
177 27 706.999806 171.0 82.00056599999999 66.0 1 1 1
178 27 710.000478 171.0 90.000288 70.000125 1 1 1
179 27 713.999718 171.0 98.00001 73.000125 1 1 1
180 27 718.0002 171.0 105.99973200000001 73.999875 1 1 1
181 27 721.9994399999999 169.999875 115.00050599999999 76.99987499999999 1 1 1
182 27 726.999732 169.999875 124.999848 79.999875 1 1 1
183 27 731.0002139999999 169.000125 137.999862 82.999875 1 1 1
184 27 734.9994539999999 169.000125 152.999496 85.000125 1 1 1
185 27 738.9999359999999 169.000125 169.999992 88.000125 1 1 1
186 27 745.000038 169.000125 177.999714 91.000125 1 1 1
187 27 750.00033 168.0 182.000196 94.99987499999999 1 1 1
188 27 754.9993800000001 166.999875 187.000488 99.0 1 1 1
189 27 758.9998619999999 165.0 193.00059000000002 103.000125 1 1 1
190 27 764.999964 165.0 196.00002 106.999875 1 1 1
191 27 769.000446 166.000125 202.000122 109.999875 1 1 1
192 27 773.9994959999999 165.0 206.000604 114.0 1 1 1
193 27 777.9999779999999 165.0 210.99965400000002 118.000125 1 1 1
194 27 783.00027 166.000125 215.99994600000002 121.000125 1 1 1
195 27 788.0005620000001 166.000125 221.00023800000002 124.999875 1 1 1
196 27 793.9994220000001 166.999875 224.99947799999998 129.0 1 1 1
197 27 798.999714 168.0 230.99957999999998 133.000125 1 1 1
198 27 804.9998159999999 168.0 235.99987199999998 138.0 1 1 1
199 27 811.999728 168.0 241.99997399999998 142.999875 1 1 1
200 27 817.99983 168.0 248.000076 147.0 1 1 1
201 27 824.9997420000001 166.999875 254.000178 153.0 1 1 1
202 27 831.999654 166.999875 260.00028 159.0 1 1 1
203 27 838.999566 166.999875 268.000002 165.0 1 1 1
204 27 849.0001500000001 168.0 273.000294 171.0 1 1 1
205 27 858.9994919999999 166.999875 279.000396 178.000125 1 1 1
206 27 869.000076 166.999875 285.000498 184.000125 1 1 1
207 27 877.999608 166.000125 294.99984 193.000125 1 1 1
208 27 889.000002 165.0 300.99994200000003 202.000125 1 1 1
209 27 902.000016 165.0 307.000044 208.000125 1 1 1
210 27 913.00041 166.000125 319.000248 208.99987499999997 1 1 1
211 27 925.0006139999999 166.000125 316.99938599999996 208.99987499999997 1 1 1
212 27 936.9995759999999 165.0 305.000424 210.00000000000003 1 1 1
213 27 950.9994 163.999875 291.0006 211.000125 1 1 1
214 27 963.9994140000001 162.0 278.000586 212.99999999999997 1 1 1
215 27 980.0001000000001 165.0 261.9999 210.00000000000003 1 1 1
216 27 994.999734 166.000125 247.00026599999998 208.99987499999997 1 1 1
217 27 1010.0006099999999 163.999875 231.99938999999998 211.000125 1 1 1
218 27 1021.999572 163.999875 220.00042800000003 211.000125 1 1 1
219 27 1034.999586 162.0 207.000414 212.99999999999997 1 1 1
220 27 1045.99998 165.0 196.00002 210.00000000000003 1 1 1
221 27 1056.0005640000002 166.999875 185.999436 208.000125 1 1 1
222 27 1065.000096 168.0 176.999904 207.00000000000003 1 1 1
223 27 1074.9994379999998 168.0 167.000562 207.00000000000003 1 1 1
224 27 1084.000212 166.000125 157.999788 208.99987499999997 1 1 1
225 27 1095.0006059999998 166.999875 146.999394 208.000125 1 1 1
226 27 1103.000328 166.000125 138.999672 208.99987499999997 1 1 1
227 27 1110.0002399999998 166.000125 131.99976 208.99987499999997 1 1 1
228 27 1117.999962 165.0 124.000038 210.00000000000003 1 1 1
229 27 1125.9996840000001 163.999875 116.000316 211.000125 1 1 1
230 27 1131.999786 163.999875 110.00021400000001 211.000125 1 1 1
231 27 1138.999698 168.0 103.000302 207.00000000000003 1 1 1
232 27 1146.99942 175.000125 95.00058 199.99987499999997 1 1 1
233 27 1152.999522 184.999875 89.000478 190.000125 1 1 1
234 27 1158.999624 190.000125 83.000376 184.999875 1 1 1
235 27 1163.999916 198.0 78.000084 177.0 1 1 1
236 27 1168.000398 205.000125 73.999602 169.999875 1 1 1
237 27 1170.999828 210.00000000000003 71.000172 165.0 1 1 1
238 27 1172.999448 211.000125 69.000552 163.999875 1 1 1
239 27 1172.999448 210.00000000000003 69.000552 165.0 1 1 1
240 27 1171.999638 210.00000000000003 70.000362 165.0 1 1 1
241 27 1172.999448 210.00000000000003 69.000552 165.0 1 1 1
242 27 1171.999638 211.000125 70.000362 163.999875 1 1 1
243 27 1172.999448 210.00000000000003 69.000552 165.0 1 1 1
244 27 1172.999448 211.000125 69.000552 163.999875 1 1 1
245 27 1172.999448 212.99999999999997 69.000552 162.0 1 1 1
246 27 1174.0005 214.00012500000003 67.9995 160.999875 1 1 1
247 27 1176.0001200000002 215.99999999999997 65.99988 159.0 1 1 1
248 27 1178.99955 217.999875 63.00045 157.000125 1 1 1
249 27 1181.000412 220.00012500000003 60.999587999999996 154.999875 1 1 1
250 27 1183.999842 223.00012499999997 58.000158 151.999875 1 1 1
251 27 1188.000324 229.999875 53.999676 145.000125 1 1 1
252 27 1195.0002359999999 240.0 46.999764 135.0 1 1 1
253 27 1200.000528 250.99987499999997 41.999472 124.000125 1 1 1
254 27 1208.00025 241.999875 33.99975 133.000125 1 1 1
255 27 1214.000352 243.0 27.999648 132.0 1 1 1
256 27 1233.000468 244.99987500000003 8.999532 130.000125 1 1 1
260 30 681.999588 178.999875 23.000598 25.000125 1 1 1
261 30 679.999968 180.0 24.000408 25.000125 1 1 1
262 30 679.000158 180.0 25.000218 26.999999999999996 1 1 1
263 30 679.000158 181.000125 25.000218 25.999875000000003 1 1 1
264 30 677.000538 181.000125 28.999458 26.999999999999996 1 1 1
265 30 677.000538 181.999875 26.000028 25.000125 1 1 1
266 30 674.999676 181.999875 32.00013 25.999875000000003 1 1 1
267 30 674.999676 183.0 32.00013 28.999875 1 1 1
268 30 673.999866 181.999875 36.000612000000004 30.0 1 1 1
269 30 673.999866 183.0 33.99975 30.0 1 1 1
270 30 673.999866 183.0 34.99956 30.0 1 1 1
271 30 673.000056 183.0 38.000232000000004 31.000125 1 1 1
272 30 673.000056 184.000125 38.000232000000004 31.000125 1 1 1
273 30 673.000056 184.000125 39.000042 31.000125 1 1 1
274 30 673.000056 184.000125 39.000042 31.000125 1 1 1
275 30 673.000056 184.000125 39.000042 31.999875000000003 1 1 1
276 30 673.999866 184.000125 39.999852 33.0 1 1 1
277 30 673.999866 184.000125 40.999662 33.0 1 1 1
278 30 673.999866 184.999875 43.000524 34.000125 1 1 1
279 30 674.999676 184.000125 44.000334 34.000125 1 1 1
280 30 674.999676 183.0 50.000436 34.999875 1 1 1
281 30 674.999676 181.999875 50.000436 36.0 1 1 1
282 30 675.9994859999999 181.999875 50.000436 36.0 1 1 1
283 30 675.9994859999999 181.999875 52.000056 37.000125000000004 1 1 1
284 30 677.000538 181.000125 52.000056 37.999875 1 1 1
285 30 677.000538 181.000125 54.999486000000005 39.0 1 1 1
286 30 678.000348 181.000125 54.999486000000005 39.0 1 1 1
287 30 679.000158 181.000125 58.000158 40.000125 1 1 1
288 30 679.999968 181.000125 58.999967999999996 40.999875 1 1 1
289 30 680.9997780000001 181.000125 60.999587999999996 42.0 1 1 1
290 30 681.999588 181.000125 60.999587999999996 43.999875 1 1 1
291 30 684.00045 181.000125 64.00026 45.0 1 1 1
292 30 685.0002599999999 181.999875 67.9995 46.000125 1 1 1
293 30 686.99988 181.999875 69.000552 48.0 1 1 1
294 30 688.9995 181.999875 71.000172 49.000125000000004 1 1 1
295 30 692.000172 181.000125 70.000362 51.00000000000001 1 1 1
296 30 694.999602 181.000125 73.999602 52.000125000000004 1 1 1
297 30 698.000274 180.0 82.00056599999999 53.99999999999999 1 1 1
298 30 701.999514 178.999875 83.000376 55.999874999999996 1 1 1
299 30 705.0001860000001 178.000125 91.999908 58.000125 1 1 1
300 30 708.9994260000001 178.999875 99.99963000000001 60.0 1 1 1
301 30 712.999908 178.999875 106.999542 63.00000000000001 1 1 1
302 30 718.0002 178.999875 116.000316 66.0 1 1 1
303 30 723.000492 178.999875 130.99995 70.000125 1 1 1
304 30 729.000594 180.0 144.999774 73.000125 1 1 1
305 30 736.0005060000001 180.0 155.000358 76.99987499999999 1 1 1
306 30 743.000418 178.999875 163.00008 82.999875 1 1 1
307 30 751.99995 178.999875 170.999802 87.0 1 1 1
308 30 763.000344 178.000125 178.999524 93.0 1 1 1
309 30 775.0005480000001 178.000125 188.00029800000002 99.0 1 1 1
310 30 788.0005620000001 177.0 201.000312 106.999875 1 1 1
311 30 804.9998159999999 175.999875 211.99946400000002 117.0 1 1 1
312 30 824.9997420000001 175.000125 224.99947799999998 129.0 1 1 1
313 30 848.0003399999999 175.999875 241.99997399999998 141.0 1 1 1
314 30 875.999988 177.0 261.00009 157.000125 1 1 1
315 30 909.9997380000001 175.999875 283.99944600000003 178.000125 1 1 1
316 30 952.000452 175.999875 289.999548 196.99987500000003 1 1 1
317 30 1006.000128 177.0 235.99987199999998 198.0 1 1 1
318 30 1074.9994379999998 177.0 167.000562 198.0 1 1 1
319 30 1168.000398 204.00000000000003 73.999602 171.0 1 1 1
