0 2 729.000594 165.0 135.000432 82.000125 1 1 1
1 2 734.9994539999999 166.000125 136.00024200000001 84.0 1 1 1
2 2 742.0006079999999 166.000125 142.000344 88.000125 1 1 1
3 2 747.999468 166.000125 150.000066 91.999875 1 1 1
4 2 754.9993800000001 166.000125 156.999978 97.000125 1 1 1
5 2 762.000534 166.000125 164.9997 100.999875 1 1 1
6 2 770.0002559999999 166.000125 171.99961199999998 105.00000000000001 1 1 1
7 2 777.9999779999999 163.999875 183.999816 109.999875 1 1 1
8 2 786.99951 162.0 189.000108 115.00012500000001 1 1 1
9 2 796.000284 160.999875 197.99964 126.00000000000001 1 1 1
10 2 806.999436 160.000125 215.00013600000003 136.000125 1 1 1
11 2 817.0000200000001 159.0 247.00026599999998 145.999875 1 1 1
12 2 828.000414 157.999875 263.99952 154.000125 1 1 1
13 2 838.999566 157.999875 281.999826 165.0 1 1 1
14 2 852.9993900000001 159.0 299.00032200000004 175.000125 1 1 1
15 2 867.000456 159.0 312.000336 186.0 1 1 1
16 2 881.00028 159.0 327.99978 199.000125 1 1 1
17 2 900.000396 157.000125 341.999604 212.99999999999997 1 1 1
18 2 919.0005120000001 156.0 322.99948800000004 219.0 1 1 1
19 2 941.999868 156.0 300.000132 211.000125 1 1 1
20 2 967.9998959999999 156.0 274.000104 219.0 1 1 1
21 2 997.000596 154.999875 244.999404 220.00012500000003 1 1 1
22 2 1031.000346 154.999875 210.99965400000002 220.00012500000003 1 1 1
23 2 1071.000198 157.999875 170.999802 217.00012500000003 1 1 1
24 2 1117.000152 163.000125 124.999848 211.999875 1 1 1
25 2 1174.0005 205.000125 67.9995 169.999875 1 1 1
65 8 476.000226 175.999875 20.999736 19.000124999999997 1 1 1
66 8 472.999554 177.0 24.000408 19.000124999999997 1 1 1
67 8 472.999554 177.0 21.999546 19.999875 1 1 1
68 8 470.999934 175.999875 23.000598 21.0 1 1 1
69 8 469.000314 175.999875 23.000598 21.0 1 1 1
70 8 466.999452 178.000125 21.999546 19.999875 1 1 1
71 8 464.999832 181.999875 24.000408 21.0 1 1 1
72 8 462.000402 186.0 25.000218 19.999875 1 1 1
73 8 459.99953999999997 186.0 25.000218 21.0 1 1 1
74 8 457.00010999999995 184.000125 26.000028 22.000125 1 1 1
75 8 457.00010999999995 181.000125 25.000218 22.999875 1 1 1
76 8 452.99962800000003 178.999875 26.000028 22.999875 1 1 1
77 8 450.000198 178.000125 26.999838 24.0 1 1 1
78 8 446.99952599999995 180.0 27.999648 22.999875 1 1 1
79 8 444.000096 181.999875 28.999458 25.000125 1 1 1
80 8 439.999614 183.0 31.00032 25.000125 1 1 1
81 8 437.000184 181.999875 31.00032 25.999875000000003 1 1 1
82 8 432.999702 178.999875 32.00013 25.999875000000003 1 1 1
83 8 430.00027200000005 178.000125 32.99994 25.999875000000003 1 1 1
84 8 426.9996 178.000125 32.99994 25.999875000000003 1 1 1
85 8 424.00016999999997 178.999875 32.99994 26.999999999999996 1 1 1
86 8 419.99968800000005 180.0 36.000612000000004 28.000125 1 1 1
87 8 418.000068 180.0 33.99975 28.000125 1 1 1
88 8 413.99958599999997 178.999875 36.000612000000004 28.000125 1 1 1
89 8 411.000156 177.0 36.000612000000004 28.000125 1 1 1
90 8 405.999864 177.0 38.000232000000004 28.999875 1 1 1
91 8 398.999952 177.0 41.999472 31.000125 1 1 1
92 8 398.000142 178.000125 39.999852 33.0 1 1 1
93 8 392.99985000000004 178.000125 41.999472 34.000125 1 1 1
94 8 389.00061 177.0 43.000524 34.000125 1 1 1
95 8 381.999456 177.0 45.999954 34.999875 1 1 1
96 8 376.00059600000003 178.000125 46.999764 36.0 1 1 1
97 8 370.00049399999995 178.000125 48.999384 37.999875 1 1 1
98 8 363.000582 181.000125 51.000246000000004 37.000125000000004 1 1 1
99 8 354.999618 183.0 52.999866000000004 39.0 1 1 1
100 8 346.000086 184.000125 56.000538 40.000125 1 1 1
101 8 335.999502 181.999875 59.999778 43.000125000000004 1 1 1
102 8 326.00016 181.999875 63.00045 43.000125000000004 1 1 1
103 8 314.99976599999997 181.999875 66.99969 45.0 1 1 1
104 8 302.999562 181.999875 71.000172 46.999875 1 1 1
105 8 289.999548 181.999875 76.00046400000001 48.0 1 1 1
106 8 274.999914 181.999875 82.00056599999999 51.00000000000001 1 1 1
107 8 256.999608 181.999875 89.000478 52.999874999999996 1 1 1
108 8 236.99968199999998 181.999875 99.99963000000001 55.999874999999996 1 1 1
109 8 214.000326 181.999875 111.000024 60.0 1 1 1
109 34 503.000064 178.999875 24.000408 15.0 1 1 1
110 8 190.999728 181.999875 121.000608 61.999875 1 1 1
110 34 502.00025400000004 178.000125 23.000598 16.000124999999997 1 1 1
111 8 163.00008 183.0 132.99957 66.0 1 1 1
111 34 498.999582 178.000125 25.000218 16.000124999999997 1 1 1
112 8 132.99957 184.000125 146.999394 70.999875 1 1 1
112 34 497.999772 178.000125 25.000218 16.999875 1 1 1
113 8 98.00001 183.0 163.99989 78.0 1 1 1
113 34 496.999962 177.0 24.000408 18.0 1 1 1
114 8 57.000347999999995 181.999875 185.999436 84.0 1 1 1
114 34 495.000342 175.999875 25.000218 18.0 1 1 1
115 8 13.000014 183.0 207.000414 88.99987499999999 1 1 1
115 34 492.99948 177.0 27.999648 16.999875 1 1 1
116 8 0.0 184.000125 195.00021 94.000125 1 1 1
116 34 490.99986 175.999875 27.999648 18.0 1 1 1
117 8 0.0 184.000125 163.99989 100.999875 1 1 1
117 34 490.00005000000004 175.000125 26.999838 19.000124999999997 1 1 1
118 8 0.0 184.000125 130.00014 100.000125 1 1 1
118 34 488.00043 175.000125 26.999838 19.000124999999997 1 1 1
119 8 0.0 183.0 90.000288 97.99987499999999 1 1 1
119 34 485.99956799999995 175.000125 26.000028 19.000124999999997 1 1 1
120 8 0.0 190.000125 43.000524 100.999875 1 1 1
120 34 483.000138 175.000125 31.00032 19.000124999999997 1 1 1
120 61 462.000402 178.000125 18.000306000000002 13.000125 1 1 1
121 34 481.000518 175.000125 30.00051 19.000124999999997 1 1 1
121 61 458.99973 177.0 19.000116000000002 15.0 1 1 1
122 34 477.000036 175.000125 28.999458 19.000124999999997 1 1 1
122 61 457.00010999999995 178.000125 17.000496000000002 13.999875 1 1 1
123 34 475.00041600000003 175.000125 28.999458 19.000124999999997 1 1 1
123 61 453.999438 177.0 19.000116000000002 15.0 1 1 1
124 34 472.999554 175.000125 27.999648 18.0 1 1 1
124 61 451.000008 175.999875 19.000116000000002 16.000124999999997 1 1 1
125 34 475.00041600000003 175.000125 23.000598 19.000124999999997 1 1 1
125 61 448.000578 175.999875 19.000116000000002 16.999875 1 1 1
126 34 468.000504 175.000125 27.999648 18.0 1 1 1
126 61 444.99990599999995 177.0 25.000218 15.0 1 1 1
127 34 464.000022 175.000125 30.00051 18.0 1 1 1
127 61 442.00047600000005 175.999875 20.999736 16.000124999999997 1 1 1
128 34 462.000402 175.000125 31.00032 16.000124999999997 1 1 1
128 61 443.00028599999996 177.0 17.000496000000002 16.000124999999997 1 1 1
129 34 462.000402 175.000125 28.999458 10.999875000000001 1 1 1
129 61 436.000374 177.0 20.999736 16.000124999999997 1 1 1
130 34 458.99973 175.999875 30.00051 19.999875 1 1 1
130 61 432.999702 177.0 20.999736 16.999875 1 1 1
131 34 456.0003 175.000125 31.00032 21.0 1 1 1
131 61 431.000082 178.999875 19.000116000000002 12.0 1 1 1
132 34 451.999818 175.000125 32.00013 22.999875 1 1 1
132 61 427.99941 178.000125 20.999736 9.0 1 1 1
133 34 446.99952599999995 174.0 33.99975 24.0 1 1 1
133 61 425.99979 178.000125 19.000116000000002 7.000125 1 1 1
134 34 442.00047600000005 175.999875 36.000612000000004 24.0 1 1 1
134 61 420.999498 178.000125 19.000116000000002 18.0 1 1 1
135 34 437.999994 175.999875 38.000232000000004 25.000125 1 1 1
135 61 416.000448 178.999875 20.999736 18.0 1 1 1
136 34 433.99951200000004 175.000125 39.000042 25.999875000000003 1 1 1
136 61 411.999966 178.000125 26.999838 18.0 1 1 1
137 34 430.00027200000005 174.0 39.999852 25.999875000000003 1 1 1
137 61 407.999484 175.999875 23.000598 19.000124999999997 1 1 1
138 34 425.99979 172.999875 39.999852 26.999999999999996 1 1 1
138 61 404.000244 175.000125 26.999838 19.000124999999997 1 1 1
139 34 422.00055 174.0 41.999472 26.999999999999996 1 1 1
139 61 400.999572 175.999875 27.999648 19.000124999999997 1 1 1
140 34 418.999878 174.0 43.000524 28.000125 1 1 1
140 61 397.00033199999996 177.0 26.999838 19.999875 1 1 1
141 34 413.99958599999997 177.0 44.000334 25.999875000000003 1 1 1
141 61 392.00004 178.999875 24.000408 19.000124999999997 1 1 1
142 34 409.000536 177.0 45.000144 25.999875000000003 1 1 1
142 61 389.00061 178.999875 27.999648 19.999875 1 1 1
143 34 405.00005400000003 177.0 45.000144 26.999999999999996 1 1 1
143 61 385.00012799999996 178.999875 30.00051 21.0 1 1 1
144 34 399.999762 177.0 46.999764 25.999875000000003 1 1 1
144 61 379.999836 178.999875 27.999648 21.0 1 1 1
145 34 393.99966 175.999875 50.000436 25.999875000000003 1 1 1
145 61 376.00059600000003 178.000125 23.000598 22.000125 1 1 1
146 34 391.00023 174.0 51.000246000000004 25.000125 1 1 1
146 61 372.99992399999996 177.0 27.999648 22.000125 1 1 1
147 34 396.000522 174.0 43.000524 22.000125 1 1 1
147 61 368.999442 175.999875 30.00051 22.000125 1 1 1
148 34 390.00042 174.0 43.000524 26.999999999999996 1 1 1
148 61 366.000012 177.0 30.00051 13.000125 1 1 1
149 34 384.000318 174.0 48.999384 31.000125 1 1 1
149 61 361.99953 175.999875 25.000218 13.999875 1 1 1
150 34 373.999734 175.000125 56.000538 31.000125 1 1 1
150 61 357.00048 177.0 26.000028 16.000124999999997 1 1 1
151 34 364.000392 174.0 61.999398 36.0 1 1 1
151 61 348.999516 175.999875 32.99994 24.0 1 1 1
152 34 357.00048 174.0 65.00007 39.0 1 1 1
152 61 345.00027600000004 178.000125 30.00051 25.000125 1 1 1
153 34 351.000378 175.999875 65.99988 39.0 1 1 1
153 61 344.000466 180.0 24.000408 22.000125 1 1 1
154 34 345.00027600000004 177.0 67.9995 40.999875 1 1 1
154 61 333.00007200000005 181.000125 27.999648 25.000125 1 1 1
155 34 337.00055399999997 175.999875 71.000172 42.0 1 1 1
155 61 326.99996999999996 180.0 30.00051 25.999875000000003 1 1 1
156 34 328.99959 175.999875 73.999602 42.0 1 1 1
156 61 320.99986800000005 178.999875 27.999648 25.999875000000003 1 1 1
157 34 320.99986800000005 175.000125 76.00046400000001 43.999875 1 1 1
157 61 313.999956 178.999875 26.000028 25.999875000000003 1 1 1
158 34 312.000336 175.000125 79.999704 45.0 1 1 1
158 61 307.000044 178.999875 24.000408 25.999875000000003 1 1 1
159 34 301.999752 174.0 84.000186 46.999875 1 1 1
159 61 300.000132 178.000125 26.000028 25.999875000000003 1 1 1
160 34 291.0006 172.000125 86.999616 49.999875 1 1 1
160 61 292.00041 178.000125 24.000408 22.000125 1 1 1
161 34 281.999826 172.999875 90.000288 49.999875 1 1 1
161 61 283.99944600000003 177.0 21.999546 19.000124999999997 1 1 1
162 34 269.999622 172.999875 95.00058 51.00000000000001 1 1 1
162 61 274.999914 172.999875 28.999458 21.0 1 1 1
163 34 259.00047 172.999875 98.99982 53.99999999999999 1 1 1
164 34 246.00045599999999 172.999875 104.000112 55.000125 1 1 1
165 34 233.000442 174.0 110.00021400000001 57.0 1 1 1
166 34 219.000618 174.0 115.00050599999999 60.0 1 1 1
167 34 206.000604 172.999875 119.999556 61.999875 1 1 1
168 34 191.999538 172.000125 124.999848 64.00012500000001 1 1 1
169 34 176.999904 172.000125 130.99995 66.0 1 1 1
170 34 161.00046 172.000125 137.999862 69.0 1 1 1
171 34 144.999774 172.000125 144.999774 70.000125 1 1 1
172 34 128.00052 172.000125 152.999496 73.000125 1 1 1
173 34 111.99983399999999 172.999875 157.999788 76.00012500000001 1 1 1
174 34 93.999528 175.000125 152.999496 76.00012500000001 1 1 1
175 34 76.00046400000001 175.999875 136.00024200000001 79.999875 1 1 1
176 34 57.000347999999995 178.999875 95.00058 79.000125 1 1 1
180 61 196.99983 187.000125 6.000102 15.0 1 1 1
181 61 167.000562 184.000125 28.999458 22.000125 1 1 1
182 34 0.0 178.000125 183.000006 103.000125 1 1 1
182 61 156.000168 183.0 30.00051 22.999875 1 1 1
183 34 0.0 178.000125 170.999802 106.999875 1 1 1
183 61 145.999584 183.0 31.00032 16.999875 1 1 1
184 34 0.0 178.000125 156.999978 109.000125 1 1 1
184 61 131.99976 181.999875 36.000612000000004 19.000124999999997 1 1 1
185 34 0.0 178.000125 143.000154 106.000125 1 1 1
185 61 119.999556 181.999875 39.999852 19.000124999999997 1 1 1
186 34 0.0 177.0 130.00014 91.999875 1 1 1
186 61 104.000112 181.000125 45.999954 19.999875 1 1 1
187 34 0.0 177.0 113.99945399999999 94.99987499999999 1 1 1
187 61 92.999718 181.999875 48.999384 19.000124999999997 1 1 1
188 34 0.0 178.000125 100.99944 97.000125 1 1 1
188 61 72.999792 181.999875 58.999967999999996 16.999875 1 1 1
189 34 0.0 175.999875 85.99980599999999 102.00000000000001 1 1 1
189 61 58.000158 181.999875 65.00007 19.999875 1 1 1
190 34 0.0 177.0 71.000172 103.999875 1 1 1
190 61 40.999662 181.000125 61.999398 22.000125 1 1 1
191 34 0.0 177.0 54.999486000000005 106.999875 1 1 1
191 61 27.999648 181.000125 78.000084 22.000125 1 1 1
192 34 0.0 180.0 40.999662 103.999875 1 1 1
192 61 26.999838 180.0 69.000552 28.000125 1 1 1
193 61 0.0 181.000125 86.999616 22.999875 1 1 1
194 61 0.0 181.999875 77.00027399999999 21.0 1 1 1
195 61 0.0 183.0 66.99969 22.000125 1 1 1
196 61 0.0 184.000125 58.999967999999996 21.0 1 1 1
197 61 0.0 184.999875 48.999384 16.000124999999997 1 1 1
198 61 0.0 186.0 39.000042 15.0 1 1 1
199 61 0.0 187.000125 27.999648 13.999875 1 1 1
200 61 0.0 187.999875 19.000116000000002 19.000124999999997 1 1 1
201 61 0.0 190.000125 6.999912 12.0 1 1 1
