0 11 254.999988 175.000125 50.000436 26.999999999999996 1 1 1
0 12 322.99948800000004 175.000125 34.99956 21.0 1 1 1
1 11 241.00016399999998 172.999875 52.999866000000004 28.999875 1 1 1
1 12 313.999956 175.000125 37.000422 21.0 1 1 1
2 11 226.00053 172.999875 58.000158 28.999875 1 1 1
2 12 305.000424 174.0 39.000042 21.0 1 1 1
3 11 209.99984400000002 172.000125 60.999587999999996 30.0 1 1 1
3 12 294.99984 172.999875 39.999852 22.000125 1 1 1
4 11 191.999538 169.999875 64.00026 31.999875000000003 1 1 1
4 12 285.000498 172.000125 41.999472 22.999875 1 1 1
5 11 171.99961199999998 169.000125 69.000552 34.000125 1 1 1
5 12 273.000294 171.0 44.000334 24.0 1 1 1
6 11 150.000066 168.0 74.999412 36.0 1 1 1
6 12 260.00028 171.0 45.999954 25.000125 1 1 1
7 11 125.999658 169.000125 80.99951399999999 37.000125000000004 1 1 1
7 12 247.00026599999998 172.000125 48.999384 25.000125 1 1 1
8 11 98.99982 169.999875 87.999426 40.000125 1 1 1
8 12 231.99938999999998 172.999875 53.999676 26.999999999999996 1 1 1
9 11 67.9995 169.999875 97.0002 42.0 1 1 1
9 12 217.99956600000002 174.0 54.999486000000005 28.000125 1 1 1
10 11 33.99975 171.0 105.99973200000001 46.000125 1 1 1
10 12 200.000502 175.999875 59.999778 28.999875 1 1 1
11 11 0.0 169.999875 111.99983399999999 49.999875 1 1 1
11 12 181.000386 175.999875 64.00026 30.0 1 1 1
12 11 0.0 172.999875 80.99951399999999 51.00000000000001 1 1 1
12 12 159.999408 177.0 69.000552 31.000125 1 1 1
13 11 0.0 175.999875 45.000144 45.0 1 1 1
13 12 136.00024200000001 175.999875 74.999412 34.000125 1 1 1
14 12 110.00021400000001 175.000125 82.00056599999999 36.0 1 1 1
15 12 79.999704 174.0 89.000478 37.999875 1 1 1
16 12 45.999954 174.0 98.00001 39.0 1 1 1
17 12 7.999721999999999 172.999875 108.000594 42.0 1 1 1
18 12 0.0 174.0 84.000186 46.000125 1 1 1
19 12 0.0 177.0 46.999764 40.999875 1 1 1
55 5 385.00012799999996 172.999875 20.999736 15.0 1 1 1
56 5 381.999456 172.000125 21.999546 15.0 1 1 1
57 5 379.000026 172.000125 20.999736 15.0 1 1 1
58 5 376.00059600000003 172.999875 20.999736 15.0 1 1 1
59 5 372.000114 172.000125 23.000598 16.000124999999997 1 1 1
60 5 367.999632 171.0 24.000408 16.000124999999997 1 1 1
61 5 365.000202 171.0 24.000408 16.000124999999997 1 1 1
62 5 359.99990999999994 169.999875 26.000028 16.999875 1 1 1
63 5 357.00048 169.999875 26.000028 16.999875 1 1 1
64 5 352.999998 171.0 27.999648 18.0 1 1 1
65 5 348.999516 172.000125 28.999458 18.0 1 1 1
66 5 345.00027600000004 172.000125 28.999458 18.0 1 1 1
67 5 340.999794 172.000125 27.999648 18.0 1 1 1
68 5 337.00055399999997 171.0 26.999838 18.0 1 1 1
69 5 333.00007200000005 171.0 26.999838 19.999875 1 1 1
70 5 327.99978 171.0 26.999838 19.999875 1 1 1
71 5 322.99948800000004 171.0 33.99975 19.000124999999997 1 1 1
72 5 318.00043800000003 171.0 33.99975 21.0 1 1 1
73 5 316.99938599999996 171.0 31.00032 19.999875 1 1 1
74 5 307.000044 171.0 36.000612000000004 19.999875 1 1 1
75 5 300.99994200000003 169.999875 36.000612000000004 21.0 1 1 1
76 5 296.99946 169.999875 34.99956 21.0 1 1 1
77 5 291.0006 171.0 40.999662 22.000125 1 1 1
78 5 285.000498 171.0 43.000524 22.999875 1 1 1
79 5 279.000396 171.0 44.000334 24.0 1 1 1
80 5 272.00048400000003 172.000125 45.999954 24.0 1 1 1
81 5 263.99952 172.000125 48.999384 25.000125 1 1 1
82 5 257.999418 172.000125 48.999384 24.0 1 1 1
83 5 249.999696 171.0 52.000056 25.999875000000003 1 1 1
84 5 241.00016399999998 171.0 54.999486000000005 25.999875000000003 1 1 1
85 5 234.000252 171.0 56.000538 26.999999999999996 1 1 1
86 5 230.99957999999998 169.999875 52.999866000000004 28.000125 1 1 1
87 5 220.00042800000003 169.999875 51.000246000000004 28.999875 1 1 1
88 5 209.000034 169.000125 60.999587999999996 28.000125 1 1 1
89 5 197.99964 169.999875 65.99988 30.0 1 1 1
90 5 189.000108 169.999875 67.9995 31.000125 1 1 1
91 5 177.999714 169.999875 71.999982 31.000125 1 1 1
92 5 167.000562 169.999875 73.999602 31.999875000000003 1 1 1
93 5 154.00054799999998 171.0 78.999894 31.999875000000003 1 1 1
94 5 146.999394 171.0 77.00027399999999 34.000125 1 1 1
95 5 130.99995 171.0 80.99951399999999 34.999875 1 1 1
96 5 115.00050599999999 171.0 86.999616 36.0 1 1 1
97 5 99.99963000000001 171.0 91.000098 37.000125000000004 1 1 1
98 5 85.99980599999999 172.000125 93.999528 37.999875 1 1 1
99 5 71.000172 172.000125 98.00001 39.0 1 1 1
100 5 53.999676 172.999875 104.99992200000001 40.000125 1 1 1
101 5 38.000232000000004 172.999875 108.000594 42.0 1 1 1
102 5 19.999926 174.0 112.99964399999999 43.000125000000004 1 1 1
103 5 0.9998100000000001 175.999875 118.99974599999999 45.0 1 1 1
104 5 0.0 175.999875 104.99992200000001 46.999875 1 1 1
105 5 0.0 175.999875 90.000288 48.0 1 1 1
106 5 0.0 175.000125 74.999412 49.000125000000004 1 1 1
106 40 248.000076 169.000125 6.999912 22.000125 1 1 1
107 5 0.0 175.000125 58.000158 43.999875 1 1 1
107 40 235.99987199999998 168.0 13.999824 22.000125 1 1 1
108 5 0.0 178.999875 40.999662 40.999875 1 1 1
108 40 220.00042800000003 168.0 32.00013 22.000125 1 1 1
109 40 209.000034 168.0 21.999546 21.0 1 1 1
110 40 202.000122 168.0 41.999472 22.000125 1 1 1
111 40 196.00002 168.0 26.000028 22.000125 1 1 1
112 40 188.00029800000002 166.000125 26.000028 24.0 1 1 1
113 40 180.000576 166.999875 26.999838 22.999875 1 1 1
114 40 170.999802 166.000125 34.99956 24.0 1 1 1
115 40 163.00008 166.000125 28.999458 25.000125 1 1 1
116 40 155.000358 166.999875 30.00051 25.000125 1 1 1
117 40 146.999394 166.999875 31.00032 25.000125 1 1 1
118 40 138.999672 166.999875 32.00013 25.999875000000003 1 1 1
119 40 130.99995 168.0 32.00013 25.999875000000003 1 1 1
120 40 124.000038 168.0 32.00013 25.999875000000003 1 1 1
121 40 117.99993599999999 168.0 33.99975 25.999875000000003 1 1 1
122 40 112.99964399999999 168.0 32.99994 25.999875000000003 1 1 1
123 40 105.99973200000001 166.999875 37.000422 26.999999999999996 1 1 1
124 40 99.99963000000001 168.0 48.999384 26.999999999999996 1 1 1
125 40 93.999528 168.0 37.000422 28.000125 1 1 1
126 40 86.999616 169.000125 50.000436 28.000125 1 1 1
127 40 78.999894 169.999875 38.000232000000004 28.999875 1 1 1
128 40 69.000552 171.0 52.999866000000004 28.999875 1 1 1
129 40 59.999778 172.000125 53.999676 28.999875 1 1 1
130 40 50.000436 172.000125 56.000538 30.0 1 1 1
131 40 39.999852 172.000125 66.99969 30.0 1 1 1
132 40 26.999838 172.000125 71.000172 30.0 1 1 1
133 40 15.999443999999999 171.0 72.999792 31.000125 1 1 1
134 40 5.000292 171.0 77.00027399999999 33.0 1 1 1
135 40 0.0 169.999875 70.000362 34.000125 1 1 1
136 40 0.0 172.999875 60.999587999999996 33.0 1 1 1
137 40 0.0 171.0 51.000246000000004 36.0 1 1 1
138 40 0.0 169.999875 39.000042 26.999999999999996 1 1 1
139 40 0.0 169.999875 27.999648 26.999999999999996 1 1 1
149 98 836.000136 187.999875 21.999546 15.0 1 1 1
150 98 840.0006179999999 190.000125 24.000408 13.000125 1 1 1
151 98 844.999668 189.0 26.999838 16.000124999999997 1 1 1
152 98 849.0001500000001 190.000125 28.999458 13.999875 1 1 1
153 98 854.000442 190.000125 32.99994 16.000124999999997 1 1 1
154 98 858.9994919999999 189.0 36.000612000000004 16.999875 1 1 1
155 98 864.999594 189.0 39.000042 18.0 1 1 1
156 98 870.999696 190.000125 41.999472 16.999875 1 1 1
157 98 875.999988 190.000125 45.999954 16.999875 1 1 1
158 98 882.00009 190.000125 51.000246000000004 18.0 1 1 1
159 98 888.000192 190.000125 57.000347999999995 19.000124999999997 1 1 1
160 98 893.000484 190.999875 60.999587999999996 22.000125 1 1 1
161 98 899.0005859999999 190.999875 66.99969 22.999875 1 1 1
162 98 906.000498 192.0 70.000362 22.000125 1 1 1
163 98 912.0006 193.000125 72.999792 21.0 1 1 1
164 98 919.0005120000001 193.999875 73.999602 22.000125 1 1 1
165 21 538.999434 181.000125 17.000496000000002 15.0 1 1 1
165 98 926.0004240000001 195.0 74.999412 22.000125 1 1 1
166 21 538.999434 181.000125 17.000496000000002 16.000124999999997 1 1 1
166 98 934.999956 195.0 74.999412 22.999875 1 1 1
167 21 537.999624 181.000125 18.000306000000002 16.999875 1 1 1
167 98 941.999868 193.999875 78.999894 25.999875000000003 1 1 1
168 21 536.999814 181.000125 19.999926 18.0 1 1 1
168 98 954.000072 196.000125 77.00027399999999 24.0 1 1 1
169 21 536.000004 181.999875 19.999926 18.0 1 1 1
169 98 963.9994140000001 196.000125 78.999894 25.999875000000003 1 1 1
170 21 534.000384 181.999875 21.999546 19.000124999999997 1 1 1
170 98 969.999516 196.000125 84.000186 26.999999999999996 1 1 1
171 21 533.000574 181.999875 21.999546 19.000124999999997 1 1 1
171 98 984.0005819999999 196.99987500000003 80.99951399999999 26.999999999999996 1 1 1
172 21 530.999712 181.000125 23.000598 21.0 1 1 1
172 98 1001.999646 196.99987500000003 76.00046400000001 28.000125 1 1 1
173 21 529.000092 181.000125 25.000218 21.0 1 1 1
173 98 1014.9996600000001 196.99987500000003 76.00046400000001 28.999875 1 1 1
174 21 525.99942 181.000125 26.000028 22.999875 1 1 1
174 98 1008.999558 198.0 96.00039000000001 28.999875 1 1 1
175 21 522.99999 181.999875 27.999648 22.999875 1 1 1
175 98 1020.999762 198.0 98.99982 30.0 1 1 1
176 21 520.00056 181.999875 30.00051 25.000125 1 1 1
176 98 1034.999586 199.000125 103.000302 28.999875 1 1 1
177 21 516.000078 183.0 31.00032 25.999875000000003 1 1 1
177 98 1056.0005640000002 201.0 98.99982 30.0 1 1 1
178 21 511.999596 183.0 32.99994 26.999999999999996 1 1 1
178 98 1063.000476 201.0 108.000594 31.999875000000003 1 1 1
179 21 505.999494 181.000125 36.000612000000004 30.0 1 1 1
179 98 1076.0004900000001 199.99987499999997 108.000594 34.000125 1 1 1
180 21 499.999392 180.0 39.000042 31.999875000000003 1 1 1
180 98 1093.999554 199.99987499999997 116.000316 34.999875 1 1 1
181 21 491.99967000000004 178.999875 43.000524 34.999875 1 1 1
181 98 1111.99986 201.0 108.000594 36.0 1 1 1
182 21 483.99994799999996 181.000125 46.999764 37.000125000000004 1 1 1
182 98 1130.999976 201.0 111.000024 42.0 1 1 1
183 21 472.999554 181.000125 51.000246000000004 40.999875 1 1 1
183 98 1151.999712 202.99987499999997 90.000288 40.999875 1 1 1
184 21 461.000592 181.999875 56.000538 45.0 1 1 1
184 98 1175.00031 204.00000000000003 66.99969 42.0 1 1 1
185 21 444.99990599999995 181.999875 63.00045 49.999875 1 1 1
185 98 1200.000528 211.000125 41.999472 33.0 1 1 1
186 21 425.99979 181.999875 71.999982 57.0 1 1 1
186 98 1228.000176 222.0 13.999824 22.999875 1 1 1
187 21 399.999762 184.000125 84.999996 66.0 1 1 1
188 21 365.000202 184.999875 103.000302 79.000125 1 1 1
189 21 313.000146 187.000125 131.99976 97.000125 1 1 1
190 21 231.99938999999998 189.0 177.999714 124.000125 1 1 1
191 21 80.99951399999999 195.0 276.999534 169.000125 1 1 1
192 21 0.0 204.00000000000003 268.000002 171.0 1 1 1
193 21 0.0 244.99987500000003 72.999792 130.000125 1 1 1
215 31 569.9997539999999 180.0 15.999443999999999 13.000125 1 1 1
216 31 568.000134 180.0 18.000306000000002 13.999875 1 1 1
217 31 566.000514 181.000125 19.000116000000002 13.999875 1 1 1
218 31 564.999462 181.000125 19.999926 15.0 1 1 1
219 31 563.999652 183.0 19.999926 15.0 1 1 1
220 31 562.000032 184.000125 20.999736 16.000124999999997 1 1 1
221 31 561.000222 183.0 20.999736 18.0 1 1 1
222 31 559.000602 181.999875 23.000598 19.000124999999997 1 1 1
223 31 556.99974 181.000125 23.000598 19.000124999999997 1 1 1
224 31 554.00031 181.000125 25.000218 19.999875 1 1 1
225 31 551.999448 180.0 26.000028 21.0 1 1 1
226 31 549.999828 178.999875 26.999838 22.000125 1 1 1
227 31 546.000588 178.999875 28.999458 22.999875 1 1 1
228 31 542.000106 180.0 31.00032 22.999875 1 1 1
229 31 536.000004 180.0 32.99994 25.000125 1 1 1
230 31 530.999712 180.0 34.99956 26.999999999999996 1 1 1
231 31 523.9998 180.0 38.000232000000004 28.000125 1 1 1
232 31 516.999888 181.999875 40.999662 31.000125 1 1 1
233 31 507.000546 181.999875 45.999954 34.000125 1 1 1
234 31 496.999962 180.0 50.000436 37.000125000000004 1 1 1
235 31 483.99994799999996 180.0 56.000538 42.0 1 1 1
236 31 468.000504 180.0 64.00026 48.0 1 1 1
237 31 449.000388 181.000125 72.999792 55.000125 1 1 1
238 31 423.00036 181.000125 86.999616 64.00012500000001 1 1 1
239 31 387.999558 181.000125 106.999542 76.99987499999999 1 1 1
240 31 335.999502 183.0 138.999672 94.99987499999999 1 1 1
241 31 249.999696 186.0 194.0004 121.000125 1 1 1
241 37 567.000324 180.0 13.999824 13.999875 1 1 1
242 31 83.000376 189.0 309.999474 175.000125 1 1 1
242 37 564.999462 178.999875 15.999443999999999 16.000124999999997 1 1 1
243 31 0.0 199.000125 305.000424 175.999875 1 1 1
243 37 562.9998420000001 180.0 17.000496000000002 16.000124999999997 1 1 1
244 31 0.0 256.999875 78.000084 118.000125 1 1 1
244 37 560.000412 180.0 19.000116000000002 16.000124999999997 1 1 1
245 37 556.99974 178.999875 19.999926 18.0 1 1 1
246 37 555.0001199999999 178.999875 19.999926 16.999875 1 1 1
247 37 550.999638 178.999875 23.000598 19.000124999999997 1 1 1
248 37 548.000208 181.999875 24.000408 19.000124999999997 1 1 1
249 37 546.000588 181.999875 24.000408 21.0 1 1 1
250 37 542.000106 181.999875 26.999838 21.0 1 1 1
251 37 540.000486 181.000125 26.999838 22.000125 1 1 1
252 37 536.000004 181.000125 30.00051 24.0 1 1 1
253 37 530.999712 180.0 32.99994 25.000125 1 1 1
254 37 527.0004720000001 181.000125 33.99975 25.999875000000003 1 1 1
254 26 554.00031 181.000125 15.999443999999999 16.999875 1 1 1
255 37 522.00018 181.000125 36.000612000000004 28.000125 1 1 1
255 26 550.999638 181.000125 18.000306000000002 18.0 1 1 1
256 37 516.000078 183.0 39.999852 28.999875 1 1 1
256 26 548.000208 181.999875 19.000116000000002 19.000124999999997 1 1 1
257 37 509.000166 183.0 44.000334 31.999875000000003 1 1 1
257 26 543.999726 181.999875 21.999546 19.000124999999997 1 1 1
258 37 501.000444 178.999875 47.999574 34.999875 1 1 1
258 26 542.000106 178.000125 21.999546 21.0 1 1 1
259 37 491.99967000000004 178.999875 52.000056 37.000125000000004 1 1 1
259 26 537.999624 177.0 25.000218 21.0 1 1 1
260 37 479.99946600000004 181.999875 58.000158 40.999875 1 1 1
260 26 533.000574 180.0 27.999648 22.999875 1 1 1
261 37 464.999832 183.0 65.99988 46.999875 1 1 1
261 26 529.000092 181.000125 28.999458 25.000125 1 1 1
262 37 445.999716 181.999875 76.00046400000001 53.99999999999999 1 1 1
262 26 521.00037 180.0 34.99956 25.999875000000003 1 1 1
263 37 419.99968800000005 181.999875 91.000098 61.999875 1 1 1
263 26 514.000458 178.999875 38.000232000000004 28.000125 1 1 1
264 37 385.999938 181.999875 110.00021400000001 73.000125 1 1 1
264 26 505.999494 177.0 41.999472 30.0 1 1 1
265 37 333.00007200000005 181.999875 143.000154 93.0 1 1 1
265 26 496.999962 178.000125 45.999954 33.0 1 1 1
266 37 248.000076 184.999875 200.000502 117.0 1 1 1
266 26 485.99956799999995 178.000125 51.000246000000004 37.000125000000004 1 1 1
267 37 83.000376 187.000125 320.99986800000005 169.999875 1 1 1
267 26 472.999554 178.999875 57.000347999999995 40.999875 1 1 1
268 37 0.0 196.000125 332.000262 178.999875 1 1 1
268 26 457.99992 180.0 65.00007 46.000125 1 1 1
269 37 0.0 220.999875 175.000284 154.000125 1 1 1
269 26 439.999614 181.000125 73.999602 52.000125000000004 1 1 1
270 26 414.999396 181.000125 87.999426 61.000125000000004 1 1 1
271 26 383.00050799999997 183.0 105.99973200000001 72.0 1 1 1
272 26 334.99969200000004 184.999875 135.000432 85.000125 1 1 1
273 26 261.00009 184.999875 182.000196 106.999875 1 1 1
274 26 129.00033 187.999875 275.999724 148.999875 1 1 1
275 26 0.0 193.000125 340.999794 181.999875 1 1 1
276 26 0.0 205.000125 210.99965400000002 169.999875 1 1 1
