0 25 0.876006 0.440000 0.123994 0.469333
0 23 0.000000 0.538667 0.285829 0.461333
0 22 0.280193 0.530667 0.117552 0.245333
0 24 0.368760 0.498667 0.059581 0.178667
0 29 0.571659 0.482667 0.066828 0.189333
0 31 0.767311 0.424000 0.210950 0.338667
0 35 0.409823 0.474667 0.034622 0.122667
0 36 0.443639 0.501333 0.012882 0.072000
0 37 0.361514 0.461333 0.047504 0.050667
0 38 0.603865 0.472000 0.045894 0.128000
0 26 0.628019 0.461333 0.058776 0.125333
0 33 0.777778 0.442667 0.030596 0.090667
0 30 0.741546 0.432000 0.057971 0.077333
