0 20 0.156200 0.522667 0.160225 0.312000
0 4 0.000000 0.626667 0.132045 0.373333
0 6 0.739130 0.373333 0.164251 0.189333
0 8 0.880837 0.378667 0.070853 0.130667
0 9 0.948470 0.386667 0.051530 0.114667
0 7 0.359903 0.501333 0.045089 0.130667
0 98 0.306763 0.504000 0.072464 0.184000
0 25 0.558776 0.464000 0.047504 0.109333
0 23 0.390499 0.488000 0.033816 0.106667
0 22 0.417069 0.496000 0.020129 0.074667
0 29 0.502415 0.485333 0.028180 0.069333
0 31 0.551530 0.461333 0.080515 0.085333
0 92 0.500805 0.461333 0.032206 0.037333
