0 20 0.134461 0.520000 0.175523 0.330667
0 6 0.749597 0.368000 0.123188 0.197333
0 8 0.915459 0.373333 0.051530 0.133333
0 7 0.358293 0.498667 0.046699 0.133333
0 98 0.300322 0.501333 0.077295 0.192000
0 25 0.562802 0.458667 0.048309 0.112000
0 23 0.391304 0.482667 0.033011 0.109333
0 22 0.417874 0.490667 0.020934 0.074667
0 29 0.504831 0.480000 0.028180 0.069333
0 31 0.555556 0.458667 0.082126 0.082667
0 26 0.539452 0.469333 0.026570 0.056000
0 92 0.507246 0.456000 0.031401 0.029333
0 109 0.405797 0.464000 0.033011 0.021333
