0 20 0.000000 0.525333 0.271337 0.474667
0 6 0.798712 0.346667 0.201288 0.232000
0 8 0.954911 0.362667 0.045089 0.058667
0 7 0.351047 0.496000 0.051530 0.154667
0 98 0.261675 0.498667 0.105475 0.234667
0 25 0.576490 0.456000 0.056361 0.122667
0 23 0.388084 0.480000 0.037842 0.122667
0 22 0.419485 0.488000 0.023349 0.082667
0 29 0.513688 0.477333 0.030596 0.077333
0 31 0.569243 0.458667 0.089372 0.088000
0 26 0.549114 0.464000 0.030596 0.069333
0 92 0.534622 0.450667 0.023349 0.026667
0 109 0.465378 0.456000 0.036232 0.037333
0 96 0.385668 0.464000 0.025765 0.024000
