0 20 0.000000 0.552000 0.221417 0.448000
0 6 0.849436 0.330667 0.150564 0.269333
0 7 0.338969 0.504000 0.059581 0.173333
0 98 0.212560 0.509333 0.143317 0.282667
0 25 0.588567 0.458667 0.062802 0.138667
0 23 0.383253 0.488000 0.042673 0.130667
0 22 0.417069 0.493333 0.026570 0.090667
0 24 0.426731 0.488000 0.024155 0.074667
0 29 0.519324 0.482667 0.031401 0.082667
0 31 0.579710 0.474667 0.097424 0.082667
0 26 0.557166 0.469333 0.032206 0.072000
0 109 0.509662 0.456000 0.036232 0.037333
0 96 0.420290 0.464000 0.031401 0.032000
