0 20 0.000000 0.589333 0.125604 0.410667
0 6 0.917069 0.338667 0.082931 0.277333
0 7 0.318035 0.514667 0.073269 0.197333
0 98 0.127214 0.522667 0.210145 0.352000
0 25 0.601449 0.464000 0.071659 0.154667
0 23 0.374396 0.496000 0.049114 0.144000
0 22 0.415459 0.504000 0.028180 0.096000
0 24 0.423510 0.493333 0.028986 0.080000
0 29 0.524960 0.490667 0.033816 0.088000
0 31 0.590982 0.485333 0.106280 0.088000
0 38 0.549114 0.485333 0.026570 0.077333
0 26 0.564412 0.477333 0.032206 0.072000
0 109 0.554750 0.458667 0.022544 0.026667
0 96 0.458132 0.466667 0.033816 0.040000
