0 20 0.000000 0.530667 0.256844 0.469333
0 6 0.813205 0.341333 0.186795 0.245333
0 8 0.977456 0.370667 0.022544 0.045333
0 7 0.347021 0.498667 0.054750 0.157333
0 98 0.248792 0.498667 0.115942 0.248000
0 25 0.580515 0.456000 0.057971 0.130667
0 23 0.384863 0.480000 0.040258 0.125333
0 22 0.418680 0.490667 0.024960 0.082667
0 29 0.515298 0.477333 0.030596 0.080000
0 31 0.572464 0.458667 0.091787 0.093333
0 26 0.552335 0.466667 0.030596 0.069333
0 92 0.541868 0.450667 0.022544 0.024000
0 109 0.480676 0.456000 0.036232 0.037333
0 96 0.396135 0.464000 0.029791 0.029333
