0 20 0.000000 0.573333 0.165056 0.426667
0 6 0.892110 0.328000 0.107890 0.290667
0 7 0.326087 0.509333 0.067633 0.189333
0 98 0.162641 0.520000 0.182770 0.320000
0 25 0.597424 0.461333 0.067633 0.149333
0 23 0.378422 0.493333 0.045894 0.138667
0 22 0.416264 0.498667 0.028180 0.096000
0 24 0.425121 0.490667 0.027375 0.077333
0 29 0.522544 0.485333 0.033816 0.085333
0 31 0.586957 0.480000 0.103060 0.088000
0 38 0.545894 0.482667 0.026570 0.072000
0 26 0.563607 0.474667 0.030596 0.072000
0 109 0.539452 0.458667 0.027375 0.026667
0 96 0.446860 0.466667 0.032206 0.034667
