0 20 0.036232 0.522667 0.247182 0.432000
0 6 0.785829 0.349333 0.201288 0.218667
0 8 0.938003 0.360000 0.061997 0.136000
0 7 0.354267 0.493333 0.049114 0.149333
0 98 0.275362 0.496000 0.095008 0.224000
0 25 0.573269 0.453333 0.053945 0.120000
0 23 0.388084 0.480000 0.037037 0.117333
0 22 0.419485 0.488000 0.022544 0.077333
0 29 0.511272 0.472000 0.030596 0.077333
0 31 0.565217 0.453333 0.086957 0.088000
0 26 0.547504 0.464000 0.028180 0.064000
0 92 0.528180 0.448000 0.024155 0.034667
0 109 0.449275 0.456000 0.037037 0.034667
