0 20 0.000000 0.565333 0.196457 0.434667
0 6 0.869565 0.325333 0.130435 0.285333
0 7 0.333333 0.509333 0.062802 0.178667
0 98 0.190821 0.514667 0.160225 0.301333
0 25 0.592593 0.458667 0.065217 0.144000
0 23 0.380837 0.490667 0.043478 0.136000
0 22 0.417069 0.498667 0.027375 0.090667
0 24 0.425121 0.488000 0.026570 0.077333
0 29 0.520934 0.482667 0.033011 0.088000
0 31 0.582931 0.482667 0.099839 0.080000
0 26 0.560386 0.472000 0.030596 0.072000
0 109 0.524960 0.458667 0.034622 0.032000
0 96 0.433172 0.466667 0.032206 0.034667
