0 20 0.000000 0.634667 0.076490 0.365333
0 6 0.945250 0.341333 0.054750 0.277333
0 7 0.309179 0.517333 0.078100 0.208000
0 98 0.090177 0.528000 0.238325 0.386667
0 25 0.606280 0.466667 0.068438 0.157333
0 23 0.370370 0.496000 0.051530 0.152000
0 22 0.413043 0.506667 0.029791 0.098667
0 24 0.421900 0.496000 0.030596 0.082667
0 29 0.526570 0.490667 0.034622 0.090667
0 31 0.595008 0.490667 0.109501 0.088000
0 38 0.549919 0.485333 0.028986 0.080000
0 26 0.567633 0.480000 0.033011 0.072000
0 96 0.471014 0.466667 0.033011 0.037333
