0 20 0.107085 0.517333 0.195652 0.360000
0 6 0.760870 0.360000 0.175523 0.202667
0 8 0.902576 0.373333 0.031401 0.056000
0 7 0.358293 0.493333 0.046699 0.138667
0 98 0.293076 0.493333 0.082126 0.202667
0 25 0.566023 0.450667 0.050725 0.117333
0 23 0.388889 0.480000 0.036232 0.109333
0 22 0.418680 0.482667 0.020934 0.080000
0 29 0.507246 0.474667 0.028180 0.072000
0 31 0.558776 0.461333 0.082931 0.077333
0 26 0.543478 0.464000 0.025765 0.061333
0 92 0.512882 0.450667 0.031401 0.026667
0 109 0.419485 0.456000 0.036232 0.034667
