0 20 0.074879 0.517333 0.219002 0.392000
0 6 0.772947 0.354667 0.190821 0.210667
0 8 0.919485 0.362667 0.078905 0.136000
0 7 0.357488 0.493333 0.046699 0.144000
0 98 0.285024 0.496000 0.087762 0.210667
0 25 0.569243 0.453333 0.052335 0.114667
0 23 0.388889 0.480000 0.037037 0.112000
0 22 0.419485 0.485333 0.021739 0.080000
0 29 0.509662 0.472000 0.028986 0.077333
0 31 0.561997 0.450667 0.085346 0.088000
0 26 0.545089 0.464000 0.027375 0.061333
0 92 0.520129 0.450667 0.028180 0.029333
0 109 0.435588 0.456000 0.036232 0.034667
