0 25 0.987923 0.658667 0.012077 0.213333
0 23 0.000000 0.568000 0.235105 0.432000
0 22 0.245572 0.549333 0.144122 0.288000
0 24 0.355878 0.514667 0.069243 0.197333
0 29 0.582126 0.498667 0.076490 0.208000
0 31 0.823671 0.440000 0.176329 0.408000
0 35 0.409018 0.490667 0.035427 0.122667
0 36 0.440419 0.501333 0.016908 0.085333
0 37 0.392110 0.466667 0.049919 0.048000
0 38 0.605475 0.485333 0.059581 0.136000
0 26 0.639291 0.469333 0.062802 0.138667
0 33 0.797101 0.453333 0.045089 0.106667
0 30 0.754428 0.442667 0.060386 0.082667
