0 25 0.925926 0.520000 0.074074 0.450667
0 23 0.000000 0.544000 0.266506 0.456000
0 22 0.263285 0.536000 0.130435 0.266667
0 24 0.363124 0.504000 0.064412 0.189333
0 29 0.576490 0.493333 0.071659 0.194667
0 31 0.794686 0.437333 0.205314 0.370667
0 35 0.409823 0.477333 0.033816 0.128000
0 36 0.442029 0.498667 0.015298 0.080000
0 37 0.376812 0.461333 0.045894 0.048000
0 38 0.603060 0.480000 0.053945 0.130667
0 26 0.633655 0.466667 0.061192 0.130667
0 33 0.787440 0.450667 0.037842 0.101333
0 30 0.748792 0.440000 0.061192 0.080000
