0 23 0.000000 0.618667 0.146538 0.381333
0 22 0.197262 0.560000 0.177939 0.352000
0 24 0.340580 0.517333 0.079710 0.224000
0 29 0.592593 0.501333 0.089372 0.234667
0 31 0.900161 0.514667 0.099839 0.346667
0 35 0.402576 0.488000 0.040258 0.133333
0 36 0.438003 0.504000 0.017713 0.090667
0 37 0.427536 0.461333 0.048309 0.050667
0 38 0.614332 0.485333 0.066023 0.133333
0 26 0.651369 0.472000 0.066828 0.144000
0 27 0.591787 0.453333 0.077295 0.098667
0 33 0.816425 0.450667 0.066023 0.114667
0 30 0.767311 0.440000 0.064412 0.088000
