0 23 0.000000 0.717333 0.070853 0.282667
0 22 0.164251 0.560000 0.202899 0.400000
0 24 0.330918 0.512000 0.086957 0.240000
0 29 0.600644 0.493333 0.095813 0.253333
0 31 0.953301 0.576000 0.046699 0.272000
0 35 0.400966 0.480000 0.041063 0.138667
0 36 0.438808 0.501333 0.017713 0.088000
0 37 0.446860 0.448000 0.045894 0.056000
0 38 0.620773 0.480000 0.067633 0.088000
0 26 0.669082 0.464000 0.058776 0.152000
0 27 0.595813 0.445333 0.079710 0.104000
0 33 0.826892 0.442667 0.076490 0.117333
0 30 0.774557 0.432000 0.066828 0.090667
