0 23 0.000000 0.586667 0.198068 0.413333
0 22 0.224638 0.554667 0.159420 0.320000
0 24 0.350242 0.517333 0.073269 0.213333
0 29 0.587762 0.498667 0.082931 0.224000
0 31 0.859098 0.445333 0.140902 0.400000
0 35 0.406602 0.490667 0.037842 0.125333
0 36 0.440419 0.504000 0.016103 0.088000
0 37 0.411433 0.466667 0.048309 0.050667
0 38 0.623994 0.490667 0.049114 0.136000
0 26 0.656200 0.474667 0.054750 0.138667
0 27 0.590177 0.456000 0.074879 0.088000
0 33 0.807568 0.453333 0.054750 0.109333
0 30 0.761675 0.445333 0.063607 0.082667
