0 56 0.000000 0.594667 0.205314 0.405333
0 60 0.868760 0.408000 0.131240 0.282667
0 58 0.802738 0.410667 0.107085 0.226667
0 67 0.747987 0.421333 0.093398 0.184000
0 59 0.728663 0.437333 0.056361 0.104000
0 61 0.708535 0.432000 0.057971 0.064000
0 65 0.605475 0.472000 0.156200 0.352000
0 63 0.578905 0.493333 0.053945 0.178667
0 69 0.306763 0.480000 0.103060 0.224000
0 73 0.628019 0.424000 0.070853 0.072000
0 64 0.434783 0.472000 0.016103 0.122667
0 74 0.440419 0.469333 0.020934 0.098667
0 75 0.495974 0.461333 0.012077 0.050667
