0 56 0.000000 0.565333 0.239936 0.434667
0 107 0.960548 0.421333 0.039452 0.293333
0 60 0.842190 0.405333 0.135266 0.261333
0 58 0.782609 0.410667 0.096618 0.213333
0 67 0.735105 0.421333 0.087762 0.170667
0 59 0.714976 0.437333 0.055556 0.133333
0 61 0.696457 0.429333 0.059581 0.072000
0 65 0.597424 0.469333 0.140097 0.320000
0 63 0.573269 0.488000 0.046699 0.170667
0 69 0.315620 0.474667 0.096618 0.210667
0 73 0.623994 0.424000 0.067633 0.064000
0 64 0.435588 0.472000 0.015298 0.114667
0 74 0.442029 0.466667 0.019324 0.093333
0 75 0.475845 0.461333 0.033816 0.056000
