0 56 0.000000 0.653333 0.161031 0.346667
0 60 0.897746 0.408000 0.102254 0.309333
0 58 0.817230 0.410667 0.118357 0.245333
0 67 0.764090 0.424000 0.095008 0.194667
0 59 0.747182 0.440000 0.053945 0.088000
0 61 0.716586 0.437333 0.057166 0.056000
0 65 0.615942 0.477333 0.175523 0.381333
0 63 0.584541 0.498667 0.061192 0.189333
0 69 0.296296 0.488000 0.110306 0.234667
0 73 0.624799 0.426667 0.080515 0.080000
0 64 0.433977 0.482667 0.016103 0.125333
0 74 0.438808 0.474667 0.023349 0.101333
0 75 0.553945 0.474667 0.016908 0.040000
