0 56 0.000000 0.794667 0.092593 0.205333
0 60 0.931562 0.421333 0.068438 0.298667
0 58 0.838164 0.413333 0.131240 0.272000
0 67 0.784219 0.429333 0.095813 0.208000
0 59 0.761675 0.448000 0.050725 0.069333
0 61 0.721417 0.442667 0.065217 0.048000
0 65 0.626409 0.488000 0.202093 0.424000
0 63 0.590177 0.506667 0.066828 0.202667
0 69 0.283414 0.498667 0.119163 0.250667
0 73 0.628824 0.434667 0.084541 0.080000
0 64 0.431562 0.485333 0.018519 0.133333
0 74 0.440419 0.485333 0.021739 0.104000
0 75 0.554750 0.464000 0.038647 0.056000
