12 119 201.000312 169.999875 17.000496000000002 49.999875 1 1 1
13 119 185.999436 171.0 19.999926 51.00000000000001 1 1 1
14 119 170.999802 172.999875 21.999546 52.999874999999996 1 1 1
15 119 156.000168 175.000125 25.000218 55.000125 1 1 1
16 119 142.000344 174.0 25.000218 58.000125 1 1 1
17 119 125.999658 169.999875 24.000408 61.999875 1 1 1
18 119 105.99973200000001 168.0 24.000408 64.00012500000001 1 1 1
19 119 86.999616 166.000125 25.000218 67.000125 1 1 1
20 119 64.00026 163.999875 26.000028 67.999875 1 1 1
21 119 40.999662 160.999875 26.000028 72.0 1 1 1
22 119 13.000014 163.999875 28.999458 76.00012500000001 1 1 1
67 104 326.00016 166.999875 26.000028 64.00012500000001 1 1 1
68 104 315.999576 165.0 23.000598 70.000125 1 1 1
69 104 302.999562 166.999875 20.999736 73.000125 1 1 1
70 104 288.99973800000004 172.000125 27.999648 73.000125 1 1 1
71 104 274.999914 174.0 27.999648 75.0 1 1 1
72 104 260.00028 171.0 26.999838 78.0 1 1 1
73 104 246.00045599999999 171.0 27.999648 82.000125 1 1 1
74 104 229.99976999999998 169.000125 28.999458 87.0 1 1 1
75 104 213.000516 169.000125 31.00032 91.000125 1 1 1
76 104 195.00021 171.0 30.00051 91.000125 1 1 1
77 104 176.999904 168.0 27.999648 96.0 1 1 1
78 104 155.000358 168.0 31.00032 103.000125 1 1 1
79 104 129.00033 172.999875 40.999662 103.999875 1 1 1
80 104 104.000112 172.999875 52.000056 112.00012500000001 1 1 1
81 104 70.000362 174.0 57.000347999999995 117.0 1 1 1
82 104 41.999472 169.999875 52.000056 121.000125 1 1 1
83 104 15.999443999999999 171.0 45.999954 127.999875 1 1 1
84 104 0.0 172.999875 24.000408 135.0 1 1 1
110 103 476.000226 175.000125 23.000598 58.000125 1 1 1
111 103 470.999934 175.999875 19.999926 58.000125 1 1 1
112 103 465.999642 177.0 19.999926 58.999875 1 1 1
113 103 461.000592 178.000125 21.999546 63.00000000000001 1 1 1
114 103 455.00048999999996 181.000125 23.000598 64.99987499999999 1 1 1
115 103 449.000388 181.000125 20.999736 67.999875 1 1 1
116 103 440.999424 180.0 25.000218 70.000125 1 1 1
117 103 429.000462 177.0 32.00013 73.999875 1 1 1
118 103 418.000068 178.000125 32.99994 76.99987499999999 1 1 1
119 103 405.00005400000003 178.999875 37.000422 81.0 1 1 1
120 103 390.00042 181.999875 39.000042 85.999875 1 1 1
121 103 374.99954399999996 184.000125 40.999662 91.999875 1 1 1
122 103 360.99971999999997 184.999875 39.000042 99.0 1 1 1
123 103 344.000466 184.999875 41.999472 102.00000000000001 1 1 1
124 103 326.99996999999996 184.000125 39.999852 109.000125 1 1 1
125 103 307.000044 184.999875 45.999954 117.0 1 1 1
126 103 285.000498 184.999875 52.000056 127.000125 1 1 1
127 103 254.999988 187.000125 61.999398 135.0 1 1 1
128 103 220.00042800000003 187.000125 71.000172 147.0 1 1 1
129 103 180.000576 186.0 76.00046400000001 166.000125 1 1 1
130 103 132.99957 187.999875 82.00056599999999 187.000125 1 1 1
131 103 73.999602 190.000125 92.999718 184.999875 1 1 1
132 103 0.0 193.999875 108.000594 181.000125 1 1 1
232 132 579.000528 175.999875 18.000306000000002 45.0 1 1 1
233 133 596.999592 178.999875 13.999824 42.0 1 1 1
233 132 574.000236 174.0 19.999926 49.000125000000004 1 1 1
234 133 593.000352 180.0 13.999824 43.000125000000004 1 1 1
234 132 568.000134 175.999875 21.999546 51.00000000000001 1 1 1
235 133 589.99968 181.999875 13.000014 43.000125000000004 1 1 1
235 132 562.000032 178.000125 21.999546 49.999875 1 1 1
236 133 586.00044 181.999875 13.999824 43.999875 1 1 1
236 132 556.99974 177.0 23.000598 52.000125000000004 1 1 1
237 133 581.000148 181.000125 14.999633999999999 43.999875 1 1 1
237 132 549.999828 175.000125 24.000408 55.000125 1 1 1
238 133 575.000046 180.0 14.999633999999999 45.0 1 1 1
238 132 541.0002959999999 174.0 24.000408 58.000125 1 1 1
239 133 568.000134 180.0 13.999824 45.0 1 1 1
239 132 533.000574 174.0 23.000598 60.0 1 1 1
240 133 555.99993 178.999875 18.000306000000002 46.999875 1 1 1
240 132 523.9998 174.0 23.000598 61.000125000000004 1 1 1
241 133 550.999638 180.0 17.000496000000002 46.999875 1 1 1
241 132 514.000458 172.999875 23.000598 64.99987499999999 1 1 1
242 133 544.9995359999999 181.000125 13.999824 48.0 1 1 1
242 132 501.000444 172.999875 26.000028 67.000125 1 1 1
243 133 537.999624 180.0 14.999633999999999 48.0 1 1 1
243 132 490.99986 172.999875 26.000028 69.0 1 1 1
244 133 529.999902 180.0 14.999633999999999 49.999875 1 1 1
244 132 478.999656 172.000125 28.999458 73.999875 1 1 1
245 133 521.00037 180.0 17.000496000000002 52.000125000000004 1 1 1
245 132 464.999832 174.0 32.99994 75.0 1 1 1
246 133 511.999596 181.000125 20.999736 52.000125000000004 1 1 1
246 132 452.99962800000003 172.999875 34.99956 79.000125 1 1 1
247 133 504.999684 181.000125 20.999736 52.999874999999996 1 1 1
247 132 439.999614 171.0 36.000612000000004 84.0 1 1 1
248 133 496.999962 180.0 23.000598 53.99999999999999 1 1 1
248 132 425.99979 169.999875 36.000612000000004 90.0 1 1 1
248 52 465.999642 174.0 25.000218 70.999875 1 1 1
249 133 490.99986 178.999875 19.000116000000002 57.0 1 1 1
249 132 411.000156 168.0 36.000612000000004 96.0 1 1 1
249 52 459.99953999999997 174.0 23.000598 73.999875 1 1 1
250 133 482.00032799999997 181.000125 19.000116000000002 57.0 1 1 1
250 132 392.99985000000004 169.000125 37.000422 100.999875 1 1 1
250 52 450.000198 174.0 24.000408 76.99987499999999 1 1 1
251 133 474.000606 181.999875 19.999926 58.999875 1 1 1
251 132 376.00059600000003 169.999875 38.000232000000004 107.99999999999999 1 1 1
251 52 438.999804 175.000125 26.999838 82.000125 1 1 1
252 133 465.999642 181.999875 20.999736 61.999875 1 1 1
252 132 355.999428 169.999875 43.000524 115.999875 1 1 1
252 52 429.000462 177.0 31.00032 82.999875 1 1 1
253 133 459.99953999999997 183.0 21.999546 63.00000000000001 1 1 1
253 132 335.999502 169.000125 46.999764 124.000125 1 1 1
253 52 418.999878 175.999875 33.99975 88.99987499999999 1 1 1
254 133 453.999438 183.0 23.000598 64.99987499999999 1 1 1
254 132 314.99976599999997 169.000125 52.000056 135.0 1 1 1
254 52 410.000346 175.999875 36.000612000000004 96.0 1 1 1
255 133 449.000388 184.000125 26.999838 67.000125 1 1 1
255 132 289.999548 169.000125 60.999587999999996 145.000125 1 1 1
255 52 403.00043400000004 177.0 31.00032 102.00000000000001 1 1 1
256 133 444.99990599999995 184.999875 26.000028 67.999875 1 1 1
256 132 262.99971 169.000125 70.000362 159.0 1 1 1
256 52 386.99974799999995 178.000125 37.000422 107.99999999999999 1 1 1
257 133 439.999614 184.000125 26.999838 72.0 1 1 1
257 132 231.99938999999998 169.000125 76.00046400000001 178.000125 1 1 1
257 52 372.99992399999996 178.999875 38.000232000000004 118.000125 1 1 1
257 136 401.99938199999997 178.999875 31.00032 82.999875 1 1 1
258 133 437.000184 184.999875 26.999838 72.0 1 1 1
258 132 196.00002 166.999875 78.999894 198.0 1 1 1
258 52 358.00028999999995 178.000125 41.999472 126.00000000000001 1 1 1
258 136 397.00033199999996 181.000125 28.999458 88.99987499999999 1 1 1
259 133 432.999702 184.000125 25.000218 75.0 1 1 1
259 132 150.999876 163.000125 82.00056599999999 211.999875 1 1 1
259 52 339.999984 174.0 47.999574 139.000125 1 1 1
259 136 385.999938 178.999875 39.000042 94.99987499999999 1 1 1
260 133 429.000462 184.000125 25.000218 76.99987499999999 1 1 1
260 132 90.000288 162.0 91.999908 212.99999999999997 1 1 1
260 52 325.00034999999997 174.0 50.000436 148.999875 1 1 1
260 136 377.000406 177.0 44.000334 100.000125 1 1 1
261 133 426.9996 181.999875 23.000598 79.999875 1 1 1
261 132 13.000014 160.999875 103.000302 214.00012500000003 1 1 1
261 52 305.000424 172.000125 56.000538 166.000125 1 1 1
261 136 374.99954399999996 175.999875 44.000334 106.999875 1 1 1
262 133 420.999498 180.0 26.999838 84.0 1 1 1
262 52 279.000396 172.999875 65.00007 183.0 1 1 1
262 136 367.999632 178.000125 45.000144 114.0 1 1 1
263 133 416.000448 178.999875 30.00051 88.000125 1 1 1
263 52 248.999886 174.0 70.000362 201.0 1 1 1
263 136 358.00028999999995 178.000125 51.000246000000004 123.0 1 1 1
264 133 409.000536 180.0 38.000232000000004 91.000125 1 1 1
264 52 198.99945 169.000125 77.00027399999999 205.99987499999997 1 1 1
264 136 346.99989600000004 175.000125 56.000538 133.999875 1 1 1
265 133 405.999864 181.999875 39.000042 93.0 1 1 1
265 52 138.999672 165.0 90.000288 210.00000000000003 1 1 1
265 136 328.99959 172.000125 61.999398 148.999875 1 1 1
266 133 399.999762 181.000125 40.999662 97.000125 1 1 1
266 52 51.000246000000004 163.000125 113.99945399999999 211.999875 1 1 1
266 136 307.999854 174.0 66.99969 163.999875 1 1 1
267 133 392.00004 180.0 43.000524 100.000125 1 1 1
267 52 0.0 166.999875 67.9995 208.000125 1 1 1
267 136 281.999826 178.000125 73.999602 180.0 1 1 1
268 133 384.000318 178.000125 43.000524 105.00000000000001 1 1 1
268 136 248.999886 174.0 82.00056599999999 201.0 1 1 1
269 133 374.99954399999996 178.999875 39.999852 111.0 1 1 1
269 136 198.99945 168.0 99.99963000000001 207.00000000000003 1 1 1
270 133 364.000392 181.000125 43.000524 115.00012500000001 1 1 1
270 136 128.00052 169.999875 126.999468 205.000125 1 1 1
271 133 354.999618 180.0 44.000334 121.99987499999999 1 1 1
271 136 28.999458 172.999875 169.000182 202.000125 1 1 1
272 133 341.999604 178.999875 47.999574 127.999875 1 1 1
272 136 0.0 181.999875 91.000098 193.000125 1 1 1
273 133 331.00045200000005 181.999875 51.000246000000004 135.0 1 1 1
274 133 319.000248 186.0 54.999486000000005 144.0 1 1 1
275 133 300.99994200000003 189.0 60.999587999999996 153.0 1 1 1
276 133 282.999636 184.999875 65.00007 166.000125 1 1 1
277 133 256.999608 181.999875 76.00046400000001 175.000125 1 1 1
278 133 229.99976999999998 178.999875 82.00056599999999 193.000125 1 1 1
279 133 196.00002 183.0 89.000478 192.0 1 1 1
280 133 151.999686 183.0 104.000112 192.0 1 1 1
281 133 100.99944 181.999875 115.00050599999999 193.000125 1 1 1
282 133 33.99975 180.0 123.00022799999999 195.0 1 1 1
283 133 0.0 186.0 76.00046400000001 189.0 1 1 1
289 139 548.000208 181.999875 12.000204 31.999875000000003 1 1 1
289 140 536.000004 178.999875 12.000204 34.999875 1 1 1
290 139 549.000018 181.999875 11.000394 31.999875000000003 1 1 1
290 140 536.000004 177.0 11.000394 34.999875 1 1 1
291 139 549.999828 178.999875 8.999532 34.000125 1 1 1
291 140 536.999814 175.999875 12.000204 36.0 1 1 1
292 139 549.000018 178.999875 7.999721999999999 34.000125 1 1 1
292 140 538.999434 175.999875 10.000584 37.999875 1 1 1
293 139 549.000018 178.000125 10.000584 37.000125000000004 1 1 1
293 140 537.999624 175.999875 10.000584 37.000125000000004 1 1 1
294 139 549.999828 178.000125 8.999532 37.999875 1 1 1
294 140 536.999814 175.000125 10.000584 37.999875 1 1 1
295 139 549.999828 178.000125 10.000584 37.999875 1 1 1
295 140 536.999814 175.000125 12.000204 39.0 1 1 1
296 139 549.000018 177.0 11.000394 39.0 1 1 1
296 140 536.000004 172.999875 12.000204 40.999875 1 1 1
297 139 549.000018 175.999875 12.000204 40.000125 1 1 1
297 140 535.000194 172.999875 13.000014 42.0 1 1 1
298 139 549.000018 177.0 11.000394 40.000125 1 1 1
298 140 534.000384 172.999875 12.000204 43.999875 1 1 1
299 139 547.000398 178.000125 13.000014 40.999875 1 1 1
299 140 534.000384 174.0 8.999532 43.999875 1 1 1
300 139 546.000588 180.0 12.000204 40.999875 1 1 1
300 140 531.9995220000001 175.999875 12.000204 43.999875 1 1 1
301 139 542.999916 178.999875 13.999824 43.000125000000004 1 1 1
301 140 528.0002820000001 175.999875 14.999633999999999 45.0 1 1 1
302 139 542.000106 178.999875 13.999824 43.999875 1 1 1
302 140 527.0004720000001 175.999875 13.000014 46.999875 1 1 1
303 139 541.0002959999999 178.999875 12.000204 45.0 1 1 1
303 140 522.99999 175.000125 14.999633999999999 49.999875 1 1 1
304 139 538.999434 178.999875 12.000204 46.000125 1 1 1
304 140 520.00056 174.0 17.000496000000002 49.999875 1 1 1
305 139 535.000194 178.999875 14.999633999999999 48.0 1 1 1
305 140 516.999888 174.0 19.000116000000002 49.999875 1 1 1
306 139 534.000384 178.999875 13.999824 48.0 1 1 1
306 140 512.999406 174.0 19.000116000000002 52.000125000000004 1 1 1
307 139 533.000574 178.000125 13.000014 49.999875 1 1 1
307 140 509.999976 172.000125 19.000116000000002 55.000125 1 1 1
308 139 529.999902 177.0 15.999443999999999 52.000125000000004 1 1 1
308 140 507.000546 172.000125 19.999926 57.0 1 1 1
309 139 528.0002820000001 178.999875 13.000014 52.000125000000004 1 1 1
309 140 503.99987400000003 172.999875 20.999736 58.000125 1 1 1
310 139 522.99999 181.000125 15.999443999999999 51.00000000000001 1 1 1
310 140 501.000444 175.000125 20.999736 58.999875 1 1 1
311 139 520.00056 181.000125 14.999633999999999 53.99999999999999 1 1 1
311 140 497.999772 175.999875 20.999736 60.0 1 1 1
312 139 516.999888 180.0 15.999443999999999 57.0 1 1 1
312 140 496.000152 175.999875 20.999736 63.00000000000001 1 1 1
313 139 514.000458 177.0 19.999926 61.000125000000004 1 1 1
313 140 492.99948 172.999875 21.999546 64.99987499999999 1 1 1
314 139 509.000166 175.000125 19.000116000000002 64.00012500000001 1 1 1
314 140 488.00043 171.0 24.000408 67.999875 1 1 1
315 139 507.000546 175.000125 18.000306000000002 64.00012500000001 1 1 1
315 140 484.999758 169.999875 23.000598 69.0 1 1 1
316 139 504.999684 175.000125 18.000306000000002 66.0 1 1 1
316 140 479.99946600000004 171.0 24.000408 70.000125 1 1 1
317 139 501.000444 175.000125 20.999736 67.999875 1 1 1
317 140 472.999554 171.0 26.000028 73.999875 1 1 1
318 139 496.000152 175.000125 24.000408 73.000125 1 1 1
318 140 466.999452 169.999875 26.999838 78.0 1 1 1
319 139 491.99967000000004 178.000125 23.000598 76.00012500000001 1 1 1
319 140 461.000592 172.000125 27.999648 82.000125 1 1 1
320 139 489.00024 178.999875 25.000218 78.0 1 1 1
320 140 456.0003 174.0 27.999648 85.000125 1 1 1
321 139 481.000518 178.999875 26.000028 82.000125 1 1 1
321 140 451.000008 175.000125 28.999458 85.999875 1 1 1
322 139 475.00041600000003 177.0 26.000028 85.000125 1 1 1
322 140 445.999716 172.999875 30.00051 91.000125 1 1 1
323 139 469.000314 178.999875 30.00051 84.0 1 1 1
323 140 439.999614 171.0 31.00032 93.0 1 1 1
324 139 464.999832 178.999875 30.00051 88.99987499999999 1 1 1
324 140 432.999702 171.0 32.99994 99.0 1 1 1
325 139 457.99992 180.0 34.99956 94.99987499999999 1 1 1
325 140 426.9996 172.000125 32.99994 103.999875 1 1 1
326 139 450.000198 180.0 39.000042 100.999875 1 1 1
326 140 416.000448 174.0 36.000612000000004 109.999875 1 1 1
327 139 442.00047600000005 180.0 41.999472 103.999875 1 1 1
327 140 405.999864 175.000125 38.000232000000004 115.999875 1 1 1
328 139 433.99951200000004 178.999875 40.999662 111.0 1 1 1
328 140 392.99985000000004 174.0 40.999662 121.000125 1 1 1
329 139 423.00036 180.0 40.999662 118.000125 1 1 1
329 140 379.000026 172.000125 41.999472 127.000125 1 1 1
330 139 417.00025800000003 183.0 37.000422 126.00000000000001 1 1 1
330 140 363.000582 172.999875 46.999764 135.0 1 1 1
331 139 398.000142 184.000125 43.000524 135.0 1 1 1
331 140 346.99989600000004 175.999875 47.999574 144.0 1 1 1
332 139 379.999836 184.000125 41.999472 142.000125 1 1 1
332 140 326.99996999999996 178.000125 52.999866000000004 154.000125 1 1 1
333 139 360.99971999999997 181.999875 45.000144 150.0 1 1 1
333 140 306.00023400000003 174.0 54.999486000000005 166.999875 1 1 1
334 139 339.999984 183.0 44.000334 163.999875 1 1 1
334 140 281.000016 174.0 59.999778 172.999875 1 1 1
335 139 315.999576 187.000125 46.999764 175.999875 1 1 1
335 140 253.000368 175.999875 65.00007 187.999875 1 1 1
336 139 287.000118 187.000125 52.999866000000004 187.999875 1 1 1
336 140 221.00023800000002 178.000125 69.000552 196.99987500000003 1 1 1
337 139 254.999988 184.000125 57.000347999999995 190.999875 1 1 1
337 140 183.000006 178.000125 76.00046400000001 196.99987500000003 1 1 1
338 139 216.99975600000002 180.0 65.99988 195.0 1 1 1
338 140 136.00024200000001 174.0 83.000376 201.0 1 1 1
339 139 172.999422 178.999875 77.00027399999999 195.0 1 1 1
339 140 82.00056599999999 165.0 95.00058 210.00000000000003 1 1 1
