1,1,570.08,172.34,38.09,36.12,1.00,-1,-1,-1
2,1,569.81,172.15,38.69,36.08,1.00,-1,-1,-1
3,1,569.91,171.05,39.01,36.38,1.00,-1,-1,-1
4,1,569.77,170.03,39.35,36.98,1.00,-1,-1,-1
5,1,569.91,170.20,39.39,36.71,1.00,-1,-1,-1
6,1,570.14,170.57,39.00,36.61,1.00,-1,-1,-1
7,1,570.36,171.45,39.10,36.91,1.00,-1,-1,-1
8,1,570.43,172.75,39.12,36.79,1.00,-1,-1,-1
9,1,570.93,174.26,38.56,36.10,1.00,-1,-1,-1
10,1,571.20,176.35,39.45,35.86,1.00,-1,-1,-1
11,1,571.93,177.31,38.65,35.52,1.00,-1,-1,-1
12,1,572.02,176.87,39.41,36.45,1.00,-1,-1,-1
13,1,572.75,178.50,38.79,34.55,1.00,-1,-1,-1
14,1,572.80,175.09,39.49,37.53,1.00,-1,-1,-1
15,1,572.75,173.94,39.59,37.91,1.00,-1,-1,-1
16,1,572.18,172.97,39.67,37.83,1.00,-1,-1,-1
17,1,571.91,172.52,40.78,38.43,1.00,-1,-1,-1
18,1,571.42,172.40,41.33,38.84,1.00,-1,-1,-1
19,1,570.95,172.41,42.11,38.84,1.00,-1,-1,-1
20,1,570.80,173.83,40.94,39.22,1.00,-1,-1,-1
21,1,570.39,173.06,42.18,39.83,1.00,-1,-1,-1
22,1,569.81,172.54,42.11,39.25,1.00,-1,-1,-1
23,1,569.36,170.30,42.96,41.01,1.00,-1,-1,-1
24,1,569.10,170.40,42.80,40.88,1.00,-1,-1,-1
25,1,568.72,169.94,43.32,40.60,1.00,-1,-1,-1
26,1,568.57,170.03,43.97,40.77,1.00,-1,-1,-1
27,1,568.36,169.98,44.25,41.51,1.00,-1,-1,-1
28,1,568.48,170.15,44.30,42.09,1.00,-1,-1,-1
29,1,568.32,169.05,44.34,42.16,1.00,-1,-1,-1
30,1,568.35,168.69,44.42,41.54,1.00,-1,-1,-1
31,1,567.93,167.67,44.75,42.31,1.00,-1,-1,-1
32,1,567.66,167.85,44.91,42.32,1.00,-1,-1,-1
33,1,567.63,168.80,45.30,43.58,1.00,-1,-1,-1
34,1,567.76,168.94,45.52,44.34,1.00,-1,-1,-1
35,1,567.85,169.40,45.77,43.98,1.00,-1,-1,-1
36,1,568.00,169.22,45.89,43.94,1.00,-1,-1,-1
37,1,567.55,168.64,46.68,44.43,1.00,-1,-1,-1
38,1,567.57,168.33,46.88,44.67,1.00,-1,-1,-1
39,1,567.82,168.87,46.70,44.59,1.00,-1,-1,-1
40,1,568.03,168.85,47.10,45.51,1.00,-1,-1,-1
41,1,568.06,170.21,47.65,44.83,1.00,-1,-1,-1
42,1,568.08,170.19,48.03,45.65,1.00,-1,-1,-1
43,1,568.38,170.48,48.40,45.82,1.00,-1,-1,-1
44,1,568.68,170.32,48.08,46.01,1.00,-1,-1,-1
45,1,569.03,170.81,48.07,45.97,1.00,-1,-1,-1
46,1,569.76,171.05,48.07,46.62,1.00,-1,-1,-1
47,1,569.48,172.29,48.47,47.33,1.00,-1,-1,-1
48,1,569.83,172.62,49.53,47.83,1.00,-1,-1,-1
49,1,570.14,170.96,49.62,48.63,1.00,-1,-1,-1
50,1,570.50,170.42,50.33,49.09,1.00,-1,-1,-1
51,1,570.92,170.24,51.13,49.49,1.00,-1,-1,-1
52,1,571.13,170.10,51.54,50.52,1.00,-1,-1,-1
53,1,571.82,169.88,51.84,50.83,1.00,-1,-1,-1
54,1,572.42,170.34,52.16,50.98,1.00,-1,-1,-1
55,1,572.66,169.98,52.23,51.39,1.00,-1,-1,-1
56,1,573.43,170.34,52.07,51.02,1.00,-1,-1,-1
57,1,573.67,169.66,52.49,51.66,1.00,-1,-1,-1
58,1,573.87,169.71,53.19,52.04,1.00,-1,-1,-1
59,1,574.02,169.35,54.07,51.98,1.00,-1,-1,-1
60,1,574.81,168.36,53.54,52.65,1.00,-1,-1,-1
61,1,575.21,167.94,54.39,53.03,1.00,-1,-1,-1
62,1,575.50,167.29,54.87,53.72,1.00,-1,-1,-1
63,1,575.84,167.82,55.47,53.41,1.00,-1,-1,-1
64,1,575.87,168.58,55.90,53.87,1.00,-1,-1,-1
65,1,576.39,169.60,55.99,54.26,1.00,-1,-1,-1
66,1,576.94,168.90,55.48,54.96,1.00,-1,-1,-1
67,1,577.53,168.72,55.24,55.17,1.00,-1,-1,-1
68,1,577.86,169.19,55.48,54.50,1.00,-1,-1,-1
69,1,578.40,169.79,55.02,54.11,1.00,-1,-1,-1
70,1,579.01,170.11,55.26,54.68,1.00,-1,-1,-1
71,1,579.59,170.06,55.26,54.59,1.00,-1,-1,-1
72,1,580.14,169.49,55.19,55.18,1.00,-1,-1,-1
73,1,580.58,169.95,55.06,55.08,1.00,-1,-1,-1
74,1,580.09,169.95,56.45,55.26,1.00,-1,-1,-1
75,1,580.75,169.73,56.13,55.01,1.00,-1,-1,-1
76,1,581.33,169.98,55.92,54.70,1.00,-1,-1,-1
77,1,581.21,169.75,55.83,55.00,1.00,-1,-1,-1
78,1,581.59,169.71,55.82,55.70,1.00,-1,-1,-1
79,1,581.68,170.91,55.57,54.98,1.00,-1,-1,-1
80,1,581.74,171.12,55.37,54.92,1.00,-1,-1,-1
81,1,581.80,170.87,55.19,55.05,1.00,-1,-1,-1
82,1,581.65,170.63,55.28,55.03,1.00,-1,-1,-1
83,1,581.82,170.86,55.37,54.76,1.00,-1,-1,-1
84,1,581.70,170.77,55.52,54.62,1.00,-1,-1,-1
85,1,581.39,170.40,55.83,54.59,1.00,-1,-1,-1
86,1,581.54,169.90,55.68,54.82,1.00,-1,-1,-1
87,1,581.30,169.50,56.07,55.32,1.00,-1,-1,-1
88,1,581.17,169.54,56.00,55.20,1.00,-1,-1,-1
89,1,581.09,169.55,56.33,55.67,1.00,-1,-1,-1
90,1,581.08,168.92,56.43,56.36,1.00,-1,-1,-1
91,1,580.70,168.16,56.59,56.54,1.00,-1,-1,-1
92,1,580.63,168.19,55.97,56.60,1.00,-1,-1,-1
93,1,579.20,168.24,57.13,57.22,1.00,-1,-1,-1
94,1,577.42,169.11,58.21,56.97,1.00,-1,-1,-1
95,1,576.69,168.73,58.61,56.91,1.00,-1,-1,-1
96,1,575.65,167.81,58.30,57.07,1.00,-1,-1,-1
97,1,575.24,167.94,58.86,57.88,1.00,-1,-1,-1
98,1,574.64,167.76,58.87,58.12,1.00,-1,-1,-1
99,1,573.88,167.84,58.65,57.47,1.00,-1,-1,-1
100,1,573.59,167.76,58.18,57.97,1.00,-1,-1,-1
101,1,573.07,168.34,58.23,58.24,1.00,-1,-1,-1
102,1,571.22,169.27,60.03,58.57,1.00,-1,-1,-1
103,1,570.11,170.24,59.74,58.70,1.00,-1,-1,-1
104,1,568.78,171.10,60.38,59.32,1.00,-1,-1,-1
105,1,567.46,170.79,60.85,59.25,1.00,-1,-1,-1
106,1,567.30,170.28,60.66,59.00,1.00,-1,-1,-1
107,1,566.18,170.17,60.86,58.77,1.00,-1,-1,-1
108,1,564.58,169.64,62.04,61.33,1.00,-1,-1,-1
109,1,563.40,171.44,61.82,61.10,1.00,-1,-1,-1
110,1,561.71,171.93,61.34,60.66,1.00,-1,-1,-1
111,1,560.43,171.22,61.85,61.14,1.00,-1,-1,-1
112,1,558.09,169.91,61.65,62.56,1.00,-1,-1,-1
113,1,555.98,170.83,62.19,61.77,1.00,-1,-1,-1
114,1,553.63,171.02,62.88,61.90,1.00,-1,-1,-1
115,1,551.96,170.91,62.79,61.85,1.00,-1,-1,-1
116,1,550.48,170.79,62.92,62.17,1.00,-1,-1,-1
117,1,548.89,171.15,63.35,61.63,1.00,-1,-1,-1
118,1,547.76,171.42,63.25,61.74,1.00,-1,-1,-1
119,1,547.56,170.77,63.26,62.38,1.00,-1,-1,-1
120,1,547.07,170.35,63.70,62.58,1.00,-1,-1,-1
121,1,547.40,170.57,63.34,62.42,1.00,-1,-1,-1
122,1,548.45,170.42,63.21,61.22,1.00,-1,-1,-1
123,1,548.72,169.58,64.12,63.09,1.00,-1,-1,-1
124,1,550.29,170.85,63.38,62.22,1.00,-1,-1,-1
125,1,551.47,170.41,63.25,62.71,1.00,-1,-1,-1
126,1,551.86,171.55,63.60,61.90,1.00,-1,-1,-1
127,1,552.26,172.02,63.95,61.99,1.00,-1,-1,-1
128,1,552.36,174.07,64.09,60.74,1.00,-1,-1,-1
129,1,552.22,172.92,63.80,63.48,1.00,-1,-1,-1
130,1,552.38,172.85,63.82,63.31,1.00,-1,-1,-1
131,1,552.32,172.66,63.91,62.20,1.00,-1,-1,-1
132,1,551.53,172.26,64.66,63.31,1.00,-1,-1,-1
133,1,551.17,172.31,65.09,64.11,1.00,-1,-1,-1
134,1,551.60,172.43,64.41,64.21,1.00,-1,-1,-1
135,1,551.84,172.78,63.65,64.10,1.00,-1,-1,-1
136,1,550.77,172.80,64.79,63.85,1.00,-1,-1,-1
137,1,550.03,172.44,65.14,64.43,1.00,-1,-1,-1
138,1,550.25,172.38,64.49,64.43,1.00,-1,-1,-1
139,1,549.84,172.26,64.67,64.42,1.00,-1,-1,-1
140,1,549.26,171.98,64.01,64.10,1.00,-1,-1,-1
141,1,548.62,173.06,64.59,64.34,1.00,-1,-1,-1
142,1,547.48,173.01,64.66,63.96,1.00,-1,-1,-1
143,1,547.23,172.81,64.29,64.05,1.00,-1,-1,-1
144,1,546.14,172.46,64.88,64.14,1.00,-1,-1,-1
145,1,546.30,173.12,64.16,63.01,1.00,-1,-1,-1
146,1,545.77,171.85,63.99,64.13,1.00,-1,-1,-1
147,1,545.46,171.84,63.70,63.70,1.00,-1,-1,-1
148,1,544.71,172.33,63.74,62.99,1.00,-1,-1,-1
149,1,544.38,172.32,63.37,62.82,1.00,-1,-1,-1
150,1,544.73,172.47,62.15,62.27,1.00,-1,-1,-1
151,1,544.39,174.38,62.28,59.65,1.00,-1,-1,-1
152,1,545.07,175.10,61.71,58.93,1.00,-1,-1,-1
153,1,545.53,174.81,61.28,59.06,1.00,-1,-1,-1
154,1,546.39,174.91,61.25,58.54,1.00,-1,-1,-1
155,1,547.87,175.02,60.67,58.90,1.00,-1,-1,-1
156,1,549.10,175.97,60.17,57.31,1.00,-1,-1,-1
157,1,549.97,175.80,59.72,57.02,1.00,-1,-1,-1
158,1,550.83,175.61,59.62,57.11,1.00,-1,-1,-1
159,1,552.10,175.70,58.73,56.44,1.00,-1,-1,-1
160,1,552.74,176.03,58.29,55.70,1.00,-1,-1,-1
161,1,552.95,176.13,57.61,55.44,1.00,-1,-1,-1
162,1,553.36,176.89,57.88,55.16,1.00,-1,-1,-1
163,1,553.47,176.81,57.23,54.88,1.00,-1,-1,-1
164,1,554.59,176.83,55.86,54.56,1.00,-1,-1,-1
165,1,556.06,177.78,54.55,53.41,1.00,-1,-1,-1
166,1,556.81,177.89,54.03,53.34,1.00,-1,-1,-1
167,1,558.13,177.75,53.11,52.73,1.00,-1,-1,-1
168,1,558.72,178.26,53.49,52.44,1.00,-1,-1,-1
169,1,558.97,178.81,53.29,51.72,1.00,-1,-1,-1
170,1,559.68,178.88,53.27,51.11,1.00,-1,-1,-1
171,1,560.59,178.94,53.48,50.45,1.00,-1,-1,-1
172,1,561.41,177.86,53.25,50.89,1.00,-1,-1,-1
173,1,562.97,177.65,52.66,50.24,1.00,-1,-1,-1
174,1,564.26,177.73,52.35,50.22,1.00,-1,-1,-1
175,1,565.39,177.46,52.05,50.09,1.00,-1,-1,-1
176,1,566.24,178.01,52.18,49.50,1.00,-1,-1,-1
177,1,566.63,178.40,51.32,49.99,1.00,-1,-1,-1
178,1,567.56,178.82,51.44,48.74,1.00,-1,-1,-1
179,1,568.20,177.48,51.34,48.47,1.00,-1,-1,-1
180,1,568.46,175.83,51.52,48.83,1.00,-1,-1,-1
181,1,569.26,174.96,51.13,48.85,1.00,-1,-1,-1
182,1,570.48,175.00,50.99,48.74,1.00,-1,-1,-1
183,1,571.35,175.80,50.68,48.38,1.00,-1,-1,-1
184,1,572.65,176.21,50.48,47.74,1.00,-1,-1,-1
185,1,573.38,175.32,49.98,47.94,1.00,-1,-1,-1
186,1,574.50,174.49,49.51,48.18,1.00,-1,-1,-1
187,1,574.56,175.92,49.97,47.12,1.00,-1,-1,-1
188,1,575.74,175.84,49.19,46.84,1.00,-1,-1,-1
189,1,576.55,176.06,49.31,46.69,1.00,-1,-1,-1
190,1,578.16,176.79,48.52,46.58,1.00,-1,-1,-1
191,1,580.41,176.99,47.56,46.86,1.00,-1,-1,-1
192,1,581.08,177.17,47.23,46.46,1.00,-1,-1,-1
193,1,582.05,176.94,47.49,46.16,1.00,-1,-1,-1
194,1,582.84,177.14,47.53,46.24,1.00,-1,-1,-1
195,1,584.12,177.84,47.32,45.55,1.00,-1,-1,-1
196,1,584.37,177.75,47.31,44.49,1.00,-1,-1,-1
197,1,584.36,177.28,47.41,44.58,1.00,-1,-1,-1
198,1,585.13,176.82,46.77,44.47,1.00,-1,-1,-1
199,1,585.62,177.59,46.21,44.12,1.00,-1,-1,-1
200,1,585.51,178.41,46.02,43.54,1.00,-1,-1,-1
201,1,585.75,178.04,45.64,43.12,1.00,-1,-1,-1
202,1,586.00,176.10,45.52,42.92,1.00,-1,-1,-1
203,1,585.87,175.51,44.85,41.68,1.00,-1,-1,-1
204,1,586.38,175.27,44.38,41.67,1.00,-1,-1,-1
205,1,586.20,175.50,44.57,41.63,1.00,-1,-1,-1
206,1,586.53,173.32,44.72,42.50,1.00,-1,-1,-1
207,1,586.31,172.20,44.73,41.89,1.00,-1,-1,-1
208,1,586.78,173.27,44.23,41.68,1.00,-1,-1,-1
209,1,586.49,176.26,44.17,40.73,1.00,-1,-1,-1
210,1,586.52,178.47,44.18,40.68,1.00,-1,-1,-1
211,1,586.69,178.28,43.96,40.70,1.00,-1,-1,-1
212,1,586.63,177.05,43.72,40.28,1.00,-1,-1,-1
213,1,587.01,176.60,43.05,39.36,1.00,-1,-1,-1
214,1,586.97,175.74,42.91,40.10,1.00,-1,-1,-1
215,1,587.19,175.15,42.66,40.59,1.00,-1,-1,-1
216,1,587.17,177.40,42.58,38.84,1.00,-1,-1,-1
217,1,587.19,177.50,42.54,39.01,1.00,-1,-1,-1
218,1,587.33,178.21,42.60,38.90,1.00,-1,-1,-1
219,1,587.51,179.79,42.07,38.77,1.00,-1,-1,-1
220,1,587.64,180.79,42.20,39.92,1.00,-1,-1,-1
221,1,588.01,179.82,41.87,40.67,1.00,-1,-1,-1
222,1,588.22,179.79,41.95,39.85,1.00,-1,-1,-1
223,1,588.53,178.85,41.50,38.83,1.00,-1,-1,-1
224,1,588.55,178.16,41.58,39.17,1.00,-1,-1,-1
225,1,588.87,178.01,41.84,38.46,1.00,-1,-1,-1
226,1,589.00,176.29,41.70,39.56,1.00,-1,-1,-1
227,1,589.00,176.16,41.61,39.01,1.00,-1,-1,-1
228,1,588.72,176.61,40.89,38.84,1.00,-1,-1,-1
229,1,588.17,178.42,40.76,37.42,1.00,-1,-1,-1
230,1,587.52,176.42,39.99,38.72,1.00,-1,-1,-1
231,1,586.69,176.87,40.59,38.26,1.00,-1,-1,-1
232,1,585.58,178.28,40.48,37.83,1.00,-1,-1,-1
233,1,584.67,178.56,40.22,37.59,1.00,-1,-1,-1
234,1,584.23,177.01,40.16,37.41,1.00,-1,-1,-1
235,1,583.38,175.88,40.20,37.62,1.00,-1,-1,-1
236,1,582.76,176.53,39.56,37.14,1.00,-1,-1,-1
237,1,582.27,177.06,39.83,37.27,1.00,-1,-1,-1
238,1,581.85,176.44,40.03,37.27,1.00,-1,-1,-1
239,1,581.63,175.74,40.07,37.55,1.00,-1,-1,-1
240,1,581.59,176.30,39.55,36.99,1.00,-1,-1,-1
241,1,581.38,176.95,39.65,36.41,1.00,-1,-1,-1
242,1,581.27,177.00,40.09,36.52,1.00,-1,-1,-1
243,1,581.31,177.12,39.58,36.54,1.00,-1,-1,-1
244,1,581.51,176.78,39.57,36.89,1.00,-1,-1,-1
245,1,581.58,176.93,39.45,36.87,1.00,-1,-1,-1
246,1,581.45,176.15,39.21,36.74,1.00,-1,-1,-1
247,1,581.47,176.71,39.20,36.65,1.00,-1,-1,-1
248,1,581.39,178.46,39.04,36.14,1.00,-1,-1,-1
249,1,581.40,180.05,39.16,35.53,1.00,-1,-1,-1
250,1,581.53,179.60,38.59,35.32,1.00,-1,-1,-1
251,1,581.41,177.79,38.13,35.92,1.00,-1,-1,-1
252,1,581.38,177.50,38.30,35.96,1.00,-1,-1,-1
253,1,581.43,176.60,38.14,36.82,1.00,-1,-1,-1
254,1,581.44,176.47,38.22,36.83,1.00,-1,-1,-1
255,1,581.81,176.97,38.19,36.41,1.00,-1,-1,-1
256,1,582.16,177.68,38.13,36.48,1.00,-1,-1,-1
257,1,582.38,177.50,37.91,36.06,1.00,-1,-1,-1
258,1,582.50,173.52,38.36,36.09,1.00,-1,-1,-1
259,1,582.80,171.91,38.37,36.41,1.00,-1,-1,-1
260,1,582.69,174.79,38.56,36.10,1.00,-1,-1,-1
261,1,582.92,176.22,38.70,36.89,1.00,-1,-1,-1
262,1,583.47,175.02,38.36,36.16,1.00,-1,-1,-1
263,1,583.97,173.54,37.73,35.97,1.00,-1,-1,-1
264,1,583.25,171.74,38.64,36.80,1.00,-1,-1,-1
265,1,582.64,172.24,38.28,36.59,1.00,-1,-1,-1
266,1,582.14,173.10,38.42,35.91,1.00,-1,-1,-1
267,1,581.64,173.55,38.75,36.52,1.00,-1,-1,-1
268,1,581.56,173.70,38.47,36.59,1.00,-1,-1,-1
269,1,581.92,173.51,38.73,36.11,1.00,-1,-1,-1
270,1,582.37,173.01,38.39,37.24,1.00,-1,-1,-1
271,1,582.77,173.36,38.99,36.85,1.00,-1,-1,-1
272,1,583.55,173.37,38.59,36.56,1.00,-1,-1,-1
273,1,583.90,173.73,38.88,37.14,1.00,-1,-1,-1
274,1,584.04,173.90,39.59,36.35,1.00,-1,-1,-1
275,1,584.45,174.30,39.70,36.56,1.00,-1,-1,-1
276,1,584.88,174.72,39.14,36.86,1.00,-1,-1,-1
277,1,585.04,174.33,39.28,36.69,1.00,-1,-1,-1
278,1,585.08,174.02,39.66,36.82,1.00,-1,-1,-1
279,1,585.77,174.11,38.70,36.53,1.00,-1,-1,-1
280,1,586.06,173.76,38.64,36.98,1.00,-1,-1,-1
281,1,585.89,174.26,39.33,37.08,1.00,-1,-1,-1
282,1,585.98,174.49,39.82,37.54,1.00,-1,-1,-1
283,1,586.48,173.94,39.58,38.02,1.00,-1,-1,-1
284,1,586.65,173.81,39.66,38.06,1.00,-1,-1,-1
285,1,586.96,173.87,39.79,38.32,1.00,-1,-1,-1
286,1,587.27,173.64,39.66,38.22,1.00,-1,-1,-1
287,1,587.36,173.53,40.31,38.31,1.00,-1,-1,-1
288,1,587.69,173.04,40.45,37.95,1.00,-1,-1,-1
289,1,587.90,172.88,40.39,37.85,1.00,-1,-1,-1
290,1,588.24,172.67,40.19,37.92,1.00,-1,-1,-1
291,1,588.50,171.87,40.47,38.13,1.00,-1,-1,-1
292,1,588.55,172.50,41.02,37.93,1.00,-1,-1,-1
293,1,588.83,172.85,40.72,38.09,1.00,-1,-1,-1
294,1,588.82,173.98,41.13,38.91,1.00,-1,-1,-1
295,1,589.14,174.70,40.91,38.92,1.00,-1,-1,-1
1,2,239.57,172.54,53.31,28.51,1.00,-1,-1,-1
2,2,224.64,172.04,57.39,29.63,1.00,-1,-1,-1
3,2,209.08,171.05,59.34,30.92,1.00,-1,-1,-1
4,2,190.08,169.37,65.11,32.80,1.00,-1,-1,-1
5,2,170.51,168.77,70.27,33.81,1.00,-1,-1,-1
6,2,148.19,168.26,76.96,36.06,1.00,-1,-1,-1
7,2,122.36,168.76,84.55,37.75,1.00,-1,-1,-1
8,2,96.62,168.38,91.99,41.09,1.00,-1,-1,-1
9,2,65.55,168.95,100.49,43.70,1.00,-1,-1,-1
10,2,30.21,169.77,112.52,47.25,1.00,-1,-1,-1
11,2,0.11,170.13,114.76,50.97,1.00,-1,-1,-1
12,2,1.08,171.77,83.51,51.77,1.00,-1,-1,-1
13,2,0.26,173.06,47.36,50.24,1.00,-1,-1,-1
1,3,314.11,174.63,35.06,20.48,1.00,-1,-1,-1
2,3,304.20,174.05,37.94,21.68,1.00,-1,-1,-1
3,3,293.10,172.83,41.30,22.25,1.00,-1,-1,-1
4,3,284.26,171.23,41.69,23.20,1.00,-1,-1,-1
5,3,272.00,170.90,44.84,24.16,1.00,-1,-1,-1
6,3,259.01,171.04,48.03,24.53,1.00,-1,-1,-1
7,3,245.46,171.55,51.28,25.84,1.00,-1,-1,-1
8,3,231.48,172.50,53.91,26.98,1.00,-1,-1,-1
9,3,214.96,173.13,57.38,28.73,1.00,-1,-1,-1
10,3,198.65,175.05,60.28,29.14,1.00,-1,-1,-1
11,3,179.06,174.78,65.91,31.13,1.00,-1,-1,-1
12,3,157.87,176.20,71.29,31.71,1.00,-1,-1,-1
13,3,134.87,175.09,76.95,33.89,1.00,-1,-1,-1
14,3,107.76,174.69,83.74,35.51,1.00,-1,-1,-1
15,3,78.49,173.29,90.72,37.64,1.00,-1,-1,-1
16,3,44.68,172.53,100.70,40.10,1.00,-1,-1,-1
17,3,5.99,171.79,111.85,43.99,1.00,-1,-1,-1
18,3,1.33,170.98,85.17,48.11,1.00,-1,-1,-1
19,3,0.35,173.31,50.70,45.61,1.00,-1,-1,-1
9,6,375.01,174.73,28.37,14.80,1.00,-1,-1,-1
10,6,371.02,175.61,27.51,15.78,1.00,-1,-1,-1
11,6,365.82,175.58,29.37,16.97,1.00,-1,-1,-1
12,6,358.23,176.15,32.20,16.81,1.00,-1,-1,-1
13,6,353.26,176.15,31.97,17.05,1.00,-1,-1,-1
14,6,346.05,175.08,33.61,17.18,1.00,-1,-1,-1
15,6,337.42,174.71,36.26,17.47,1.00,-1,-1,-1
16,6,330.05,173.36,37.95,18.91,1.00,-1,-1,-1
17,6,320.87,173.43,39.49,18.61,1.00,-1,-1,-1
18,6,311.84,173.50,41.25,19.22,1.00,-1,-1,-1
19,6,302.40,173.23,43.06,19.93,1.00,-1,-1,-1
20,6,292.87,175.47,45.14,19.95,1.00,-1,-1,-1
21,6,281.30,175.04,47.29,21.54,1.00,-1,-1,-1
22,6,270.26,174.20,49.30,22.17,1.00,-1,-1,-1
23,6,257.01,172.92,52.34,23.24,1.00,-1,-1,-1
24,6,245.13,174.03,54.69,23.41,1.00,-1,-1,-1
25,6,230.75,174.67,57.22,24.11,1.00,-1,-1,-1
26,6,216.45,174.33,60.70,25.78,1.00,-1,-1,-1
27,6,199.62,174.28,65.83,27.24,1.00,-1,-1,-1
28,6,183.42,174.58,68.62,28.24,1.00,-1,-1,-1
29,6,164.05,173.94,74.52,29.72,1.00,-1,-1,-1
30,6,143.74,172.74,80.57,30.89,1.00,-1,-1,-1
31,6,121.74,171.18,86.64,33.59,1.00,-1,-1,-1
32,6,97.64,171.97,92.68,34.39,1.00,-1,-1,-1
33,6,72.69,172.28,100.59,37.46,1.00,-1,-1,-1
34,6,44.43,174.24,108.28,38.28,1.00,-1,-1,-1
35,6,13.84,174.97,117.41,41.22,1.00,-1,-1,-1
36,6,0.16,174.41,109.07,45.02,1.00,-1,-1,-1
37,6,0.79,174.11,81.36,47.04,1.00,-1,-1,-1
38,6,0.24,175.86,50.47,43.41,1.00,-1,-1,-1
19,7,401.84,169.94,26.51,15.36,1.00,-1,-1,-1
20,7,397.51,172.30,27.95,15.09,1.00,-1,-1,-1
21,7,392.75,171.08,29.70,15.96,1.00,-1,-1,-1
22,7,388.28,170.17,30.79,16.20,1.00,-1,-1,-1
23,7,384.24,169.13,30.76,16.46,1.00,-1,-1,-1
24,7,378.94,169.38,33.40,16.73,1.00,-1,-1,-1
25,7,373.48,169.63,34.97,16.60,1.00,-1,-1,-1
26,7,368.57,169.85,36.19,16.90,1.00,-1,-1,-1
27,7,363.12,169.84,37.75,17.52,1.00,-1,-1,-1
28,7,357.68,169.83,39.32,18.14,1.00,-1,-1,-1
29,7,352.07,169.23,40.81,18.23,1.00,-1,-1,-1
30,7,346.45,168.63,42.31,18.32,1.00,-1,-1,-1
31,7,340.84,168.03,43.80,18.41,1.00,-1,-1,-1
32,7,341.76,168.37,38.58,18.69,1.00,-1,-1,-1
33,7,342.68,168.71,33.35,18.97,1.00,-1,-1,-1
34,7,339.63,169.75,31.98,19.11,1.00,-1,-1,-1
35,7,322.88,169.99,44.62,20.07,1.00,-1,-1,-1
36,7,325.35,170.07,38.04,19.76,1.00,-1,-1,-1
37,7,301.13,168.67,57.42,22.08,1.00,-1,-1,-1
38,7,295.94,168.43,57.21,22.18,1.00,-1,-1,-1
39,7,284.97,168.93,63.32,23.46,1.00,-1,-1,-1
40,7,278.00,168.79,66.05,24.48,1.00,-1,-1,-1
41,7,285.89,169.89,51.35,22.91,1.00,-1,-1,-1
42,7,259.34,168.41,72.46,27.14,1.00,-1,-1,-1
43,7,278.41,170.34,47.20,25.27,1.00,-1,-1,-1
44,7,267.05,170.77,53.12,25.26,1.00,-1,-1,-1
45,7,261.33,170.91,52.18,25.90,1.00,-1,-1,-1
46,7,255.70,172.73,50.64,25.80,1.00,-1,-1,-1
47,7,247.78,174.14,51.58,25.99,1.00,-1,-1,-1
48,7,236.92,174.16,53.59,27.07,1.00,-1,-1,-1
49,7,227.03,170.65,55.49,30.01,1.00,-1,-1,-1
50,7,213.42,169.43,60.52,31.75,1.00,-1,-1,-1
51,7,199.97,169.32,65.25,31.70,1.00,-1,-1,-1
52,7,187.81,169.08,68.11,34.53,1.00,-1,-1,-1
53,7,173.41,170.70,73.84,33.24,1.00,-1,-1,-1
54,7,159.72,171.42,75.89,34.25,1.00,-1,-1,-1
55,7,142.56,171.69,81.67,34.91,1.00,-1,-1,-1
56,7,125.70,171.08,86.16,36.29,1.00,-1,-1,-1
57,7,107.67,171.32,91.69,37.11,1.00,-1,-1,-1
58,7,90.53,170.90,94.24,39.51,1.00,-1,-1,-1
59,7,67.72,170.19,103.72,41.03,1.00,-1,-1,-1
60,7,44.22,169.44,111.68,42.90,1.00,-1,-1,-1
61,7,18.50,169.08,124.02,44.91,1.00,-1,-1,-1
62,7,0.62,167.57,124.20,47.49,1.00,-1,-1,-1
63,7,0.30,167.56,102.66,49.83,1.00,-1,-1,-1
64,7,0.96,168.59,83.65,52.08,1.00,-1,-1,-1
65,7,0.42,170.35,64.57,50.25,1.00,-1,-1,-1
66,7,0.30,169.96,42.24,51.95,1.00,-1,-1,-1
39,9,405.28,168.97,34.71,14.87,1.00,-1,-1,-1
40,9,404.73,168.63,33.76,15.04,1.00,-1,-1,-1
41,9,268.80,174.61,47.44,19.78,1.00,-1,-1,-1
42,9,259.23,175.06,49.06,20.43,1.00,-1,-1,-1
43,9,249.66,175.50,50.68,21.07,1.00,-1,-1,-1
44,9,240.09,175.95,52.30,21.72,1.00,-1,-1,-1
45,9,227.38,176.70,57.49,22.74,1.00,-1,-1,-1
46,9,218.05,177.76,62.55,23.08,1.00,-1,-1,-1
47,9,206.91,178.65,61.49,24.88,1.00,-1,-1,-1
48,9,194.05,178.88,64.31,25.22,1.00,-1,-1,-1
49,9,179.75,177.83,67.71,26.46,1.00,-1,-1,-1
50,9,164.35,177.38,70.70,27.13,1.00,-1,-1,-1
51,9,149.22,177.43,73.05,28.26,1.00,-1,-1,-1
52,9,131.30,177.75,79.09,29.53,1.00,-1,-1,-1
53,9,114.25,177.76,82.24,30.92,1.00,-1,-1,-1
54,9,94.21,177.16,90.47,33.06,1.00,-1,-1,-1
55,9,72.27,178.90,98.15,32.45,1.00,-1,-1,-1
56,9,49.41,178.83,100.78,34.44,1.00,-1,-1,-1
57,9,30.43,180.46,105.40,34.69,1.00,-1,-1,-1
58,9,0.00,179.84,116.60,37.18,1.00,-1,-1,-1
59,9,0.00,179.52,97.91,40.18,1.00,-1,-1,-1
60,9,0.40,179.76,74.05,41.86,1.00,-1,-1,-1
61,9,0.59,178.34,51.22,42.31,1.00,-1,-1,-1
54,10,364.46,173.23,26.21,15.71,1.00,-1,-1,-1
55,10,359.71,173.48,27.76,15.66,1.00,-1,-1,-1
56,10,355.68,171.41,29.31,17.56,1.00,-1,-1,-1
57,10,351.42,171.36,30.40,17.52,1.00,-1,-1,-1
58,10,346.77,171.90,32.19,17.78,1.00,-1,-1,-1
59,10,343.05,171.33,31.39,18.36,1.00,-1,-1,-1
60,10,338.66,170.52,32.77,18.70,1.00,-1,-1,-1
61,10,333.41,170.34,35.07,19.04,1.00,-1,-1,-1
62,10,328.50,170.07,36.20,19.19,1.00,-1,-1,-1
63,10,323.80,169.73,35.70,20.13,1.00,-1,-1,-1
64,10,318.12,170.69,38.41,21.03,1.00,-1,-1,-1
65,10,313.62,171.67,39.17,20.73,1.00,-1,-1,-1
66,10,308.83,171.44,39.49,20.88,1.00,-1,-1,-1
67,10,303.20,171.66,40.46,21.11,1.00,-1,-1,-1
68,10,296.05,171.25,43.35,21.56,1.00,-1,-1,-1
69,10,291.25,171.04,43.41,22.28,1.00,-1,-1,-1
70,10,284.83,171.42,45.67,22.63,1.00,-1,-1,-1
71,10,279.79,171.29,45.06,23.01,1.00,-1,-1,-1
72,10,271.63,170.74,48.38,24.16,1.00,-1,-1,-1
73,10,265.54,171.40,50.64,24.36,1.00,-1,-1,-1
74,10,257.95,171.59,51.33,24.55,1.00,-1,-1,-1
75,10,250.53,170.17,53.38,26.17,1.00,-1,-1,-1
76,10,244.53,170.74,55.84,26.15,1.00,-1,-1,-1
77,10,235.54,170.47,57.79,27.09,1.00,-1,-1,-1
78,10,227.58,171.16,59.55,27.82,1.00,-1,-1,-1
79,10,219.36,171.73,62.51,28.11,1.00,-1,-1,-1
80,10,210.25,172.18,64.02,28.77,1.00,-1,-1,-1
81,10,200.94,172.13,66.33,29.51,1.00,-1,-1,-1
82,10,189.82,171.78,71.62,30.68,1.00,-1,-1,-1
83,10,179.94,171.98,72.20,31.88,1.00,-1,-1,-1
84,10,168.24,172.01,77.09,32.33,1.00,-1,-1,-1
85,10,156.96,171.18,78.56,33.17,1.00,-1,-1,-1
86,10,143.30,171.19,83.27,32.86,1.00,-1,-1,-1
87,10,132.55,170.91,85.28,34.04,1.00,-1,-1,-1
88,10,118.74,170.56,93.37,35.80,1.00,-1,-1,-1
89,10,103.65,170.41,98.82,36.64,1.00,-1,-1,-1
90,10,88.85,169.92,97.08,37.96,1.00,-1,-1,-1
91,10,70.37,168.68,101.57,40.34,1.00,-1,-1,-1
92,10,51.86,169.51,106.83,40.61,1.00,-1,-1,-1
93,10,32.49,170.12,113.59,40.98,1.00,-1,-1,-1
94,10,13.59,171.01,118.04,42.94,1.00,-1,-1,-1
95,10,0.20,170.53,117.02,45.87,1.00,-1,-1,-1
96,10,0.52,171.34,101.74,47.48,1.00,-1,-1,-1
97,10,0.73,171.74,85.70,48.76,1.00,-1,-1,-1
98,10,0.15,173.11,71.67,47.73,1.00,-1,-1,-1
99,10,0.30,172.34,48.36,53.30,1.00,-1,-1,-1
62,11,350.44,169.10,36.21,18.46,1.00,-1,-1,-1
63,11,349.79,169.08,33.33,18.49,1.00,-1,-1,-1
64,11,344.37,169.88,35.76,18.51,1.00,-1,-1,-1
65,11,342.34,170.60,35.82,19.57,1.00,-1,-1,-1
66,11,13.26,166.07,95.88,36.08,1.00,-1,-1,-1
67,11,332.07,170.37,39.26,20.36,1.00,-1,-1,-1
68,11,329.79,170.05,36.91,20.07,1.00,-1,-1,-1
69,11,328.71,169.78,32.53,20.92,1.00,-1,-1,-1
70,11,322.14,169.89,34.86,21.28,1.00,-1,-1,-1
71,11,317.98,169.78,35.47,21.23,1.00,-1,-1,-1
72,11,314.34,169.42,40.05,21.77,1.00,-1,-1,-1
73,11,303.68,170.17,46.40,22.05,1.00,-1,-1,-1
74,11,301.33,170.09,44.58,22.52,1.00,-1,-1,-1
75,11,298.00,169.64,42.51,22.41,1.00,-1,-1,-1
76,11,292.88,169.55,42.60,22.99,1.00,-1,-1,-1
77,11,287.13,169.25,44.78,24.44,1.00,-1,-1,-1
78,11,280.22,169.91,47.82,24.52,1.00,-1,-1,-1
79,11,273.96,170.16,48.52,25.14,1.00,-1,-1,-1
80,11,267.94,170.21,49.61,26.03,1.00,-1,-1,-1
81,11,260.01,170.01,52.73,26.46,1.00,-1,-1,-1
82,11,255.20,170.04,51.89,26.59,1.00,-1,-1,-1
83,11,248.54,170.09,53.84,26.56,1.00,-1,-1,-1
84,11,241.07,169.72,54.62,27.64,1.00,-1,-1,-1
85,11,231.71,169.81,57.73,28.01,1.00,-1,-1,-1
86,11,220.74,169.44,63.51,28.57,1.00,-1,-1,-1
87,11,214.63,169.16,64.10,29.05,1.00,-1,-1,-1
88,11,205.77,169.06,64.54,29.76,1.00,-1,-1,-1
89,11,195.56,169.04,68.41,30.32,1.00,-1,-1,-1
90,11,186.89,168.74,70.04,30.82,1.00,-1,-1,-1
91,11,177.03,168.46,71.53,31.93,1.00,-1,-1,-1
92,11,165.37,168.33,74.49,32.44,1.00,-1,-1,-1
93,11,153.45,168.63,77.68,33.92,1.00,-1,-1,-1
94,11,138.78,169.01,81.97,35.18,1.00,-1,-1,-1
95,11,125.86,168.94,85.47,36.23,1.00,-1,-1,-1
96,11,112.59,168.90,89.08,37.27,1.00,-1,-1,-1
97,11,99.62,169.17,91.59,38.28,1.00,-1,-1,-1
98,11,84.08,169.74,97.42,39.39,1.00,-1,-1,-1
99,11,67.65,169.16,102.24,40.52,1.00,-1,-1,-1
100,11,51.38,169.91,106.15,41.61,1.00,-1,-1,-1
101,11,34.05,170.37,111.74,43.80,1.00,-1,-1,-1
102,11,15.88,171.41,116.82,45.46,1.00,-1,-1,-1
103,11,0.67,172.92,119.77,47.23,1.00,-1,-1,-1
104,11,0.66,173.51,106.14,48.62,1.00,-1,-1,-1
105,11,1.52,172.02,90.81,50.77,1.00,-1,-1,-1
106,11,0.30,171.83,76.19,50.43,1.00,-1,-1,-1
107,11,0.07,171.23,59.52,51.35,1.00,-1,-1,-1
108,11,0.23,175.02,42.25,47.10,1.00,-1,-1,-1
109,11,0.32,186.20,22.39,35.91,1.00,-1,-1,-1
75,12,332.12,171.29,34.86,18.67,1.00,-1,-1,-1
76,12,330.71,171.10,33.21,19.38,1.00,-1,-1,-1
77,12,322.90,171.18,37.38,20.42,1.00,-1,-1,-1
78,12,321.35,171.48,36.01,20.39,1.00,-1,-1,-1
79,12,311.72,170.05,42.82,22.34,1.00,-1,-1,-1
80,12,303.09,171.56,46.56,21.32,1.00,-1,-1,-1
81,12,301.61,171.62,43.70,21.50,1.00,-1,-1,-1
82,12,297.52,171.87,44.13,21.12,1.00,-1,-1,-1
83,12,293.22,171.36,44.69,22.20,1.00,-1,-1,-1
84,12,290.03,171.85,42.09,22.10,1.00,-1,-1,-1
85,12,285.46,171.14,43.48,22.73,1.00,-1,-1,-1
86,12,280.23,170.61,43.59,23.75,1.00,-1,-1,-1
87,12,269.83,169.90,49.39,24.81,1.00,-1,-1,-1
88,12,264.60,170.79,49.51,24.18,1.00,-1,-1,-1
89,12,255.55,170.04,53.50,25.69,1.00,-1,-1,-1
90,12,248.16,170.55,55.21,24.77,1.00,-1,-1,-1
91,12,243.97,170.18,54.78,25.47,1.00,-1,-1,-1
92,12,238.87,170.71,52.77,25.47,1.00,-1,-1,-1
93,12,230.38,171.27,54.09,25.73,1.00,-1,-1,-1
94,12,221.33,171.02,56.99,27.49,1.00,-1,-1,-1
95,12,212.94,170.56,57.44,28.27,1.00,-1,-1,-1
96,12,204.69,170.44,59.24,28.92,1.00,-1,-1,-1
97,12,194.10,171.58,62.11,28.73,1.00,-1,-1,-1
98,12,185.56,171.97,63.87,29.88,1.00,-1,-1,-1
99,12,174.25,172.09,66.35,30.29,1.00,-1,-1,-1
100,12,163.47,173.22,69.22,30.71,1.00,-1,-1,-1
101,12,153.96,174.99,70.27,30.23,1.00,-1,-1,-1
102,12,141.89,175.44,73.83,31.43,1.00,-1,-1,-1
103,12,130.86,176.79,76.08,33.13,1.00,-1,-1,-1
104,12,119.11,177.22,78.33,33.98,1.00,-1,-1,-1
105,12,106.17,176.80,80.88,34.85,1.00,-1,-1,-1
106,12,93.82,176.39,83.97,34.73,1.00,-1,-1,-1
107,12,79.77,176.57,86.99,34.77,1.00,-1,-1,-1
108,12,64.73,176.39,91.71,35.96,1.00,-1,-1,-1
109,12,49.03,176.81,95.54,37.11,1.00,-1,-1,-1
110,12,31.25,176.78,100.38,38.08,1.00,-1,-1,-1
111,12,12.89,174.87,104.33,40.32,1.00,-1,-1,-1
112,12,0.77,173.51,103.28,42.09,1.00,-1,-1,-1
113,12,0.21,174.45,92.54,42.84,1.00,-1,-1,-1
114,12,0.19,174.19,74.36,45.54,1.00,-1,-1,-1
115,12,0.00,177.37,61.28,39.76,1.00,-1,-1,-1
116,12,0.54,178.64,46.44,39.51,1.00,-1,-1,-1
107,14,113.97,164.90,76.99,28.21,1.00,-1,-1,-1
108,14,101.51,164.94,80.33,29.24,1.00,-1,-1,-1
109,14,87.61,165.69,85.05,28.76,1.00,-1,-1,-1
110,14,72.71,164.58,90.20,30.26,1.00,-1,-1,-1
111,14,64.20,164.37,89.27,30.71,1.00,-1,-1,-1
112,14,47.89,163.54,95.84,31.23,1.00,-1,-1,-1
113,14,37.66,163.00,94.52,32.48,1.00,-1,-1,-1
114,14,27.42,162.46,93.20,33.73,1.00,-1,-1,-1
115,14,8.23,162.56,100.68,33.15,1.00,-1,-1,-1
116,14,0.93,163.73,93.24,32.67,1.00,-1,-1,-1
134,20,332.22,176.94,32.38,16.40,1.00,-1,-1,-1
135,20,330.65,176.77,30.57,17.03,1.00,-1,-1,-1
136,20,327.31,176.69,34.12,17.23,1.00,-1,-1,-1
137,20,324.36,176.84,32.66,17.23,1.00,-1,-1,-1
138,20,322.56,176.59,32.04,17.59,1.00,-1,-1,-1
139,20,318.35,176.84,36.04,17.40,1.00,-1,-1,-1
140,20,315.92,176.78,35.57,17.58,1.00,-1,-1,-1
141,20,313.74,176.62,37.68,18.55,1.00,-1,-1,-1
142,20,310.08,176.44,37.51,18.51,1.00,-1,-1,-1
143,20,306.21,176.84,37.04,18.63,1.00,-1,-1,-1
144,20,302.88,176.73,38.22,18.44,1.00,-1,-1,-1
145,20,297.71,176.58,44.76,18.72,1.00,-1,-1,-1
146,20,295.29,175.49,43.49,19.78,1.00,-1,-1,-1
147,20,291.68,175.91,40.73,19.52,1.00,-1,-1,-1
148,20,287.01,176.55,50.48,19.43,1.00,-1,-1,-1
149,20,283.86,176.78,45.15,19.87,1.00,-1,-1,-1
150,20,279.27,176.94,56.08,19.75,1.00,-1,-1,-1
151,20,276.92,176.75,47.96,20.36,1.00,-1,-1,-1
152,20,273.41,176.98,50.66,20.51,1.00,-1,-1,-1
153,20,269.32,177.43,51.34,21.36,1.00,-1,-1,-1
154,20,266.24,177.20,53.22,21.49,1.00,-1,-1,-1
155,20,264.26,177.09,47.23,21.70,1.00,-1,-1,-1
156,20,260.45,177.15,52.16,22.76,1.00,-1,-1,-1
157,20,259.21,177.35,50.50,22.74,1.00,-1,-1,-1
158,20,254.98,177.24,50.75,22.89,1.00,-1,-1,-1
159,20,249.48,177.41,54.06,23.42,1.00,-1,-1,-1
160,20,243.68,177.34,57.47,23.73,1.00,-1,-1,-1
161,20,241.17,177.88,64.64,24.14,1.00,-1,-1,-1
162,20,234.55,178.12,68.48,25.09,1.00,-1,-1,-1
163,20,229.19,178.57,69.46,25.99,1.00,-1,-1,-1
164,20,224.49,179.12,63.21,26.65,1.00,-1,-1,-1
165,20,217.19,179.63,70.34,27.22,1.00,-1,-1,-1
166,20,209.54,180.03,69.90,27.73,1.00,-1,-1,-1
167,20,201.89,180.42,69.47,28.23,1.00,-1,-1,-1
168,20,194.23,180.82,69.03,28.74,1.00,-1,-1,-1
169,20,186.58,181.21,68.60,29.24,1.00,-1,-1,-1
170,20,178.93,181.61,68.16,29.75,1.00,-1,-1,-1
171,20,171.30,181.79,69.28,29.25,1.00,-1,-1,-1
172,20,163.53,180.11,83.18,30.35,1.00,-1,-1,-1
173,20,150.84,179.31,88.01,31.38,1.00,-1,-1,-1
174,20,138.32,179.48,81.85,33.06,1.00,-1,-1,-1
175,20,126.22,179.49,83.86,34.18,1.00,-1,-1,-1
176,20,112.07,179.72,85.29,35.05,1.00,-1,-1,-1
177,20,97.24,180.41,85.39,36.00,1.00,-1,-1,-1
178,20,80.54,180.85,83.95,37.30,1.00,-1,-1,-1
179,20,61.81,177.66,102.27,41.25,1.00,-1,-1,-1
180,20,43.99,175.20,105.43,43.31,1.00,-1,-1,-1
181,20,16.57,179.46,117.68,39.71,1.00,-1,-1,-1
182,20,10.60,175.41,108.79,42.52,1.00,-1,-1,-1
183,20,1.48,179.12,101.70,40.40,1.00,-1,-1,-1
184,20,0.00,179.97,85.47,42.62,1.00,-1,-1,-1
185,20,0.20,179.95,63.31,45.27,1.00,-1,-1,-1
186,20,0.44,180.41,41.18,46.73,1.00,-1,-1,-1
187,20,0.39,186.99,12.83,40.55,1.00,-1,-1,-1
148,23,359.44,176.98,31.54,16.22,1.00,-1,-1,-1
149,23,357.07,177.18,32.79,15.72,1.00,-1,-1,-1
150,23,354.47,176.88,33.56,16.43,1.00,-1,-1,-1
151,23,353.17,177.21,34.50,16.25,1.00,-1,-1,-1
152,23,360.19,177.45,26.35,16.21,1.00,-1,-1,-1
153,23,357.74,177.34,28.71,16.55,1.00,-1,-1,-1
154,23,355.28,177.24,31.07,16.88,1.00,-1,-1,-1
155,23,353.03,177.57,33.20,16.87,1.00,-1,-1,-1
156,23,354.00,177.88,31.54,16.98,1.00,-1,-1,-1
157,23,352.21,177.85,32.44,17.10,1.00,-1,-1,-1
158,23,353.02,177.20,29.90,17.34,1.00,-1,-1,-1
159,23,348.24,177.49,33.98,17.25,1.00,-1,-1,-1
160,23,316.07,177.33,39.94,18.90,1.00,-1,-1,-1
161,23,305.87,177.70,48.41,20.21,1.00,-1,-1,-1
162,23,306.11,177.95,47.83,20.29,1.00,-1,-1,-1
163,23,306.35,178.19,47.24,20.37,1.00,-1,-1,-1
164,23,306.59,178.44,46.66,20.46,1.00,-1,-1,-1
165,23,306.82,178.69,46.08,20.54,1.00,-1,-1,-1
166,23,307.06,178.93,45.49,20.62,1.00,-1,-1,-1
167,23,307.30,179.18,44.91,20.70,1.00,-1,-1,-1
168,23,307.54,179.43,44.33,20.79,1.00,-1,-1,-1
169,23,307.78,179.68,43.75,20.87,1.00,-1,-1,-1
170,23,308.02,179.92,43.16,20.95,1.00,-1,-1,-1
171,23,308.25,180.17,42.58,21.03,1.00,-1,-1,-1
172,23,308.49,180.42,42.00,21.12,1.00,-1,-1,-1
173,23,308.73,180.66,41.41,21.20,1.00,-1,-1,-1
174,23,308.97,180.91,40.83,21.28,1.00,-1,-1,-1
175,23,302.69,180.79,43.54,21.78,1.00,-1,-1,-1
176,23,297.43,181.17,44.99,21.82,1.00,-1,-1,-1
177,23,294.43,181.66,44.12,22.21,1.00,-1,-1,-1
178,23,286.64,182.10,47.25,22.53,1.00,-1,-1,-1
179,23,280.25,181.32,51.91,22.92,1.00,-1,-1,-1
180,23,277.92,179.54,46.12,23.09,1.00,-1,-1,-1
181,23,264.69,178.54,54.11,24.55,1.00,-1,-1,-1
182,23,261.95,178.50,51.92,24.54,1.00,-1,-1,-1
183,23,251.53,179.91,55.57,25.24,1.00,-1,-1,-1
184,23,241.43,180.04,61.08,25.89,1.00,-1,-1,-1
185,23,232.24,179.75,62.34,26.79,1.00,-1,-1,-1
186,23,225.46,180.18,62.75,26.58,1.00,-1,-1,-1
187,23,214.25,181.08,66.62,27.65,1.00,-1,-1,-1
188,23,204.33,182.42,68.18,28.31,1.00,-1,-1,-1
189,23,192.64,183.03,71.92,28.81,1.00,-1,-1,-1
190,23,180.94,184.12,74.00,30.26,1.00,-1,-1,-1
191,23,167.71,185.34,86.73,37.44,1.00,-1,-1,-1
192,23,149.70,185.58,85.88,38.25,1.00,-1,-1,-1
193,23,138.68,185.98,85.76,34.18,1.00,-1,-1,-1
194,23,121.63,186.04,89.33,34.90,1.00,-1,-1,-1
195,23,105.27,185.19,93.52,37.24,1.00,-1,-1,-1
196,23,83.68,183.64,100.37,38.02,1.00,-1,-1,-1
197,23,62.90,182.80,105.94,39.32,1.00,-1,-1,-1
198,23,36.67,181.90,114.56,41.12,1.00,-1,-1,-1
199,23,8.30,181.92,124.28,44.37,1.00,-1,-1,-1
200,23,0.52,183.20,111.90,45.33,1.00,-1,-1,-1
201,23,1.26,182.11,95.70,102.43,1.00,-1,-1,-1
202,23,0.24,183.09,61.45,49.90,1.00,-1,-1,-1
203,23,0.00,185.56,32.41,47.06,1.00,-1,-1,-1
154,24,301.04,174.82,47.96,20.96,1.00,-1,-1,-1
155,24,299.82,175.04,49.42,21.18,1.00,-1,-1,-1
156,24,297.15,175.08,46.04,21.92,1.00,-1,-1,-1
157,24,291.93,175.18,54.07,21.73,1.00,-1,-1,-1
158,24,292.23,174.87,66.14,21.53,1.00,-1,-1,-1
159,24,287.94,175.05,46.20,21.68,1.00,-1,-1,-1
160,24,283.09,175.41,49.88,22.33,1.00,-1,-1,-1
161,24,275.01,175.85,53.41,23.97,1.00,-1,-1,-1
162,24,273.47,175.94,51.34,24.63,1.00,-1,-1,-1
163,24,274.58,176.60,50.94,24.34,1.00,-1,-1,-1
164,24,275.69,177.25,50.53,24.06,1.00,-1,-1,-1
165,24,276.80,177.91,50.13,23.77,1.00,-1,-1,-1
166,24,277.91,178.56,49.73,23.49,1.00,-1,-1,-1
167,24,279.02,179.22,49.32,23.21,1.00,-1,-1,-1
168,24,280.13,179.88,48.92,22.92,1.00,-1,-1,-1
169,24,281.24,180.53,48.51,22.64,1.00,-1,-1,-1
170,24,282.35,181.19,48.11,22.35,1.00,-1,-1,-1
171,24,280.68,180.99,45.85,22.44,1.00,-1,-1,-1
172,24,273.90,179.76,49.17,23.13,1.00,-1,-1,-1
173,24,266.32,179.44,50.04,23.89,1.00,-1,-1,-1
174,24,264.70,179.28,49.64,24.41,1.00,-1,-1,-1
175,24,254.88,178.27,57.21,25.96,1.00,-1,-1,-1
176,24,255.35,179.06,55.55,27.07,1.00,-1,-1,-1
177,24,248.77,181.01,52.09,25.06,1.00,-1,-1,-1
178,24,235.47,180.91,59.27,25.77,1.00,-1,-1,-1
179,24,229.76,180.24,57.68,26.34,1.00,-1,-1,-1
180,24,219.39,177.66,62.77,28.52,1.00,-1,-1,-1
181,24,209.76,177.08,64.21,28.63,1.00,-1,-1,-1
182,24,200.23,177.32,65.03,28.71,1.00,-1,-1,-1
183,24,185.37,178.44,71.36,29.65,1.00,-1,-1,-1
184,24,178.28,179.27,71.12,30.67,1.00,-1,-1,-1
185,24,162.44,178.52,77.76,31.47,1.00,-1,-1,-1
186,24,150.07,178.55,81.06,32.68,1.00,-1,-1,-1
187,24,135.89,179.71,84.91,33.45,1.00,-1,-1,-1
188,24,120.18,180.44,90.73,34.20,1.00,-1,-1,-1
189,24,105.01,181.05,93.74,35.82,1.00,-1,-1,-1
190,24,86.07,183.13,99.11,37.47,1.00,-1,-1,-1
191,24,66.57,183.80,106.13,39.73,1.00,-1,-1,-1
192,24,32.63,183.26,129.46,58.41,1.00,-1,-1,-1
193,24,21.14,183.90,120.02,43.21,1.00,-1,-1,-1
194,24,0.51,184.06,123.40,45.70,1.00,-1,-1,-1
195,24,0.48,184.23,104.22,46.58,1.00,-1,-1,-1
196,24,0.88,182.92,82.89,48.42,1.00,-1,-1,-1
197,24,0.25,182.34,59.23,48.02,1.00,-1,-1,-1
198,24,0.07,185.86,32.28,42.63,1.00,-1,-1,-1
158,25,878.13,187.79,55.57,19.89,1.00,-1,-1,-1
159,25,883.78,188.03,65.16,20.92,1.00,-1,-1,-1
160,25,889.57,189.44,63.80,21.70,1.00,-1,-1,-1
161,25,895.73,189.61,68.26,23.50,1.00,-1,-1,-1
162,25,900.48,190.67,75.86,21.84,1.00,-1,-1,-1
163,25,907.76,191.49,76.64,22.46,1.00,-1,-1,-1
164,25,915.36,192.18,76.62,23.61,1.00,-1,-1,-1
165,25,921.12,192.25,80.13,24.77,1.00,-1,-1,-1
166,25,929.36,193.19,80.31,24.62,1.00,-1,-1,-1
167,25,935.26,192.66,85.02,25.95,1.00,-1,-1,-1
168,25,941.99,192.99,86.85,26.80,1.00,-1,-1,-1
169,25,953.44,194.25,86.90,27.07,1.00,-1,-1,-1
170,25,963.05,194.24,92.88,28.21,1.00,-1,-1,-1
171,25,974.93,194.75,89.56,29.35,1.00,-1,-1,-1
172,25,990.36,195.31,86.38,29.64,1.00,-1,-1,-1
173,25,1005.83,195.52,85.18,29.94,1.00,-1,-1,-1
174,25,1006.31,196.62,98.53,30.45,1.00,-1,-1,-1
175,25,1045.86,198.39,78.07,30.13,1.00,-1,-1,-1
176,25,1031.29,198.00,104.79,31.61,1.00,-1,-1,-1
177,25,1045.33,198.59,107.39,32.55,1.00,-1,-1,-1
178,25,1056.93,197.67,109.12,35.72,1.00,-1,-1,-1
179,25,1072.53,198.90,115.08,34.69,1.00,-1,-1,-1
180,25,1088.81,197.71,110.48,35.25,1.00,-1,-1,-1
181,25,1106.86,197.82,124.54,37.59,1.00,-1,-1,-1
182,25,1125.94,199.45,113.36,38.99,1.00,-1,-1,-1
183,25,1147.65,200.09,91.12,40.48,1.00,-1,-1,-1
184,25,1169.55,201.53,69.92,41.95,1.00,-1,-1,-1
185,25,1195.26,203.95,43.82,39.17,1.00,-1,-1,-1
166,27,537.28,179.38,17.15,16.49,1.00,-1,-1,-1
167,27,536.52,179.85,17.24,17.04,1.00,-1,-1,-1
168,27,536.10,181.24,17.30,16.49,1.00,-1,-1,-1
169,27,534.43,181.61,18.90,17.29,1.00,-1,-1,-1
170,27,533.03,181.39,19.66,18.07,1.00,-1,-1,-1
171,27,531.49,181.16,22.09,19.29,1.00,-1,-1,-1
172,27,529.83,179.40,22.66,21.39,1.00,-1,-1,-1
173,27,527.62,179.13,23.58,22.31,1.00,-1,-1,-1
174,27,525.24,180.01,24.42,22.41,1.00,-1,-1,-1
175,27,522.25,180.16,26.88,23.36,1.00,-1,-1,-1
176,27,519.78,180.40,28.70,24.64,1.00,-1,-1,-1
177,27,514.95,180.60,30.57,26.65,1.00,-1,-1,-1
178,27,510.64,181.23,32.03,28.07,1.00,-1,-1,-1
179,27,505.50,180.26,34.95,30.29,1.00,-1,-1,-1
180,27,497.61,178.68,38.19,32.55,1.00,-1,-1,-1
181,27,490.53,177.66,42.28,35.54,1.00,-1,-1,-1
182,27,480.86,178.41,46.46,38.57,1.00,-1,-1,-1
183,27,470.12,179.46,51.75,41.75,1.00,-1,-1,-1
184,27,458.56,179.38,56.62,45.99,1.00,-1,-1,-1
185,27,442.64,178.94,64.72,51.83,1.00,-1,-1,-1
186,27,422.96,179.17,73.45,58.94,1.00,-1,-1,-1
187,27,395.86,180.59,88.19,69.14,1.00,-1,-1,-1
188,27,361.00,181.54,105.50,79.83,1.00,-1,-1,-1
189,27,304.57,183.67,143.14,98.38,1.00,-1,-1,-1
190,27,219.28,185.25,195.16,128.41,1.00,-1,-1,-1
191,27,68.62,192.17,297.05,180.42,1.00,-1,-1,-1
192,27,1.02,193.69,279.37,179.43,1.00,-1,-1,-1
170,28,1043.98,196.74,65.82,27.09,1.00,-1,-1,-1
171,28,1058.72,197.04,75.27,28.10,1.00,-1,-1,-1
172,28,1071.25,198.03,80.97,27.18,1.00,-1,-1,-1
173,28,1083.96,197.84,87.97,28.75,1.00,-1,-1,-1
174,28,1098.39,198.62,89.13,29.96,1.00,-1,-1,-1
175,28,1114.46,199.44,89.65,31.53,1.00,-1,-1,-1
176,28,1129.06,199.99,94.53,32.28,1.00,-1,-1,-1
177,28,1146.48,200.05,93.32,34.02,1.00,-1,-1,-1
178,28,1162.35,201.79,77.63,33.18,1.00,-1,-1,-1
179,28,1163.00,201.39,76.00,34.44,1.00,-1,-1,-1
170,30,243.05,178.89,53.15,27.37,1.00,-1,-1,-1
171,30,238.13,178.07,53.21,28.89,1.00,-1,-1,-1
172,30,228.94,177.36,57.50,28.82,1.00,-1,-1,-1
173,30,215.41,176.67,67.07,30.33,1.00,-1,-1,-1
174,30,210.34,177.02,65.40,30.16,1.00,-1,-1,-1
175,30,201.13,176.73,68.57,30.94,1.00,-1,-1,-1
176,30,195.02,176.89,71.83,31.51,1.00,-1,-1,-1
177,30,184.67,177.08,70.56,32.78,1.00,-1,-1,-1
178,30,172.39,176.92,74.58,33.49,1.00,-1,-1,-1
179,30,161.94,176.45,76.54,34.71,1.00,-1,-1,-1
180,30,145.76,175.23,84.77,34.85,1.00,-1,-1,-1
181,30,134.19,174.51,84.53,35.92,1.00,-1,-1,-1
182,30,118.69,174.25,91.19,37.08,1.00,-1,-1,-1
183,30,102.84,174.76,105.17,38.39,1.00,-1,-1,-1
184,30,86.02,175.13,102.05,40.23,1.00,-1,-1,-1
185,30,66.94,174.36,106.03,42.50,1.00,-1,-1,-1
186,30,47.23,174.27,109.89,44.25,1.00,-1,-1,-1
187,30,26.46,175.66,116.48,44.29,1.00,-1,-1,-1
188,30,1.93,175.59,126.08,47.21,1.00,-1,-1,-1
189,30,1.99,177.83,107.90,47.57,1.00,-1,-1,-1
190,30,1.04,179.02,87.05,51.77,1.00,-1,-1,-1
191,30,0.20,181.16,66.36,51.62,1.00,-1,-1,-1
179,31,540.85,179.69,24.20,17.21,1.00,-1,-1,-1
180,31,540.01,177.17,24.26,19.14,1.00,-1,-1,-1
181,31,537.70,176.89,25.13,19.60,1.00,-1,-1,-1
182,31,535.35,177.08,26.47,20.17,1.00,-1,-1,-1
183,31,533.07,177.63,28.70,22.09,1.00,-1,-1,-1
184,31,530.40,177.97,28.56,22.42,1.00,-1,-1,-1
185,31,526.63,177.59,30.66,23.77,1.00,-1,-1,-1
186,31,522.87,177.83,32.64,25.01,1.00,-1,-1,-1
187,31,518.22,179.34,35.52,25.87,1.00,-1,-1,-1
188,31,512.86,179.21,38.48,28.41,1.00,-1,-1,-1
189,31,506.05,179.75,42.73,30.79,1.00,-1,-1,-1
190,31,498.51,181.35,46.91,33.46,1.00,-1,-1,-1
191,31,490.59,182.49,50.57,37.00,1.00,-1,-1,-1
192,31,479.13,183.23,57.52,40.05,1.00,-1,-1,-1
193,31,467.17,182.97,63.75,44.75,1.00,-1,-1,-1
194,31,451.07,184.09,73.05,50.52,1.00,-1,-1,-1
195,31,428.55,183.98,86.24,58.20,1.00,-1,-1,-1
196,31,401.15,183.20,103.58,69.49,1.00,-1,-1,-1
197,31,360.13,184.36,129.43,81.70,1.00,-1,-1,-1
198,31,298.59,184.50,171.38,100.90,1.00,-1,-1,-1
199,31,195.23,187.96,246.50,132.51,1.00,-1,-1,-1
200,31,2.81,190.11,395.56,183.66,1.00,-1,-1,-1
201,31,0.92,199.20,327.03,174.74,1.00,-1,-1,-1
202,31,0.69,174.62,171.97,199.47,1.00,-1,-1,-1
188,32,552.02,175.96,19.86,16.28,1.00,-1,-1,-1
189,32,551.49,176.41,19.81,16.64,1.00,-1,-1,-1
190,32,550.45,178.17,20.31,17.02,1.00,-1,-1,-1
191,32,549.81,179.31,20.71,17.10,1.00,-1,-1,-1
192,32,548.01,178.73,21.82,18.35,1.00,-1,-1,-1
193,32,546.99,177.90,21.92,19.42,1.00,-1,-1,-1
194,32,544.25,178.70,24.80,20.39,1.00,-1,-1,-1
195,32,542.84,178.82,24.95,21.21,1.00,-1,-1,-1
196,32,539.75,177.49,26.95,22.39,1.00,-1,-1,-1
197,32,536.53,176.91,28.52,23.63,1.00,-1,-1,-1
198,32,533.47,176.36,30.08,24.55,1.00,-1,-1,-1
199,32,529.26,177.52,31.41,26.38,1.00,-1,-1,-1
200,32,524.29,178.54,33.80,27.77,1.00,-1,-1,-1
201,32,518.10,177.76,37.34,30.12,1.00,-1,-1,-1
202,32,512.07,176.54,39.35,32.34,1.00,-1,-1,-1
203,32,503.70,176.09,44.29,34.33,1.00,-1,-1,-1
204,32,494.86,175.98,48.65,37.67,1.00,-1,-1,-1
205,32,484.14,176.34,54.93,41.02,1.00,-1,-1,-1
206,32,469.88,175.24,63.54,46.43,1.00,-1,-1,-1
207,32,454.26,172.88,72.08,53.51,1.00,-1,-1,-1
208,32,433.05,172.90,82.63,62.87,1.00,-1,-1,-1
209,32,405.83,176.84,99.06,71.89,1.00,-1,-1,-1
210,32,365.06,178.35,123.03,83.77,1.00,-1,-1,-1
211,32,302.93,178.75,163.67,106.22,1.00,-1,-1,-1
212,32,205.10,176.57,232.15,143.68,1.00,-1,-1,-1
213,32,5.43,174.84,378.36,199.03,1.00,-1,-1,-1
214,32,1.04,175.33,288.05,198.77,1.00,-1,-1,-1
200,34,553.31,180.70,22.39,16.20,1.00,-1,-1,-1
201,34,552.17,179.57,21.38,17.41,1.00,-1,-1,-1
202,34,550.18,178.16,21.78,18.69,1.00,-1,-1,-1
203,34,545.73,177.83,24.81,19.19,1.00,-1,-1,-1
204,34,542.88,177.60,26.18,20.95,1.00,-1,-1,-1
205,34,540.65,177.00,26.84,23.54,1.00,-1,-1,-1
206,34,537.23,175.89,28.14,24.05,1.00,-1,-1,-1
207,34,532.97,174.41,30.80,25.58,1.00,-1,-1,-1
208,34,528.65,175.34,32.09,27.86,1.00,-1,-1,-1
209,34,523.15,178.22,34.27,29.61,1.00,-1,-1,-1
210,34,516.31,180.56,38.34,31.44,1.00,-1,-1,-1
211,34,508.94,180.85,41.98,33.32,1.00,-1,-1,-1
212,34,499.51,179.33,47.20,36.88,1.00,-1,-1,-1
213,34,488.94,178.00,52.17,40.71,1.00,-1,-1,-1
214,34,475.91,177.59,58.56,46.08,1.00,-1,-1,-1
215,34,459.23,177.33,67.50,52.40,1.00,-1,-1,-1
216,34,437.81,177.86,80.03,60.66,1.00,-1,-1,-1
217,34,408.28,179.17,96.17,71.96,1.00,-1,-1,-1
218,34,363.35,180.21,123.02,85.89,1.00,-1,-1,-1
219,34,295.94,182.27,167.99,110.67,1.00,-1,-1,-1
220,34,177.57,185.64,249.64,156.21,1.00,-1,-1,-1
221,34,1.14,183.51,364.03,189.90,1.00,-1,-1,-1
222,34,0.62,186.81,237.75,187.00,1.00,-1,-1,-1
208,37,555.83,175.77,20.94,16.14,1.00,-1,-1,-1
209,37,548.68,179.10,26.78,16.56,1.00,-1,-1,-1
210,37,552.27,181.18,22.17,16.64,1.00,-1,-1,-1
211,37,550.04,181.31,22.82,17.87,1.00,-1,-1,-1
212,37,548.62,179.53,22.40,18.79,1.00,-1,-1,-1
213,37,546.39,178.18,24.95,19.96,1.00,-1,-1,-1
214,37,543.76,177.51,25.78,21.79,1.00,-1,-1,-1
215,37,540.50,177.70,27.43,22.77,1.00,-1,-1,-1
216,37,536.91,179.15,28.61,23.20,1.00,-1,-1,-1
217,37,533.02,180.07,31.54,24.53,1.00,-1,-1,-1
218,37,528.84,181.27,33.40,25.98,1.00,-1,-1,-1
219,37,523.52,182.28,36.67,28.86,1.00,-1,-1,-1
220,37,516.78,184.16,40.23,30.83,1.00,-1,-1,-1
221,37,510.76,184.40,43.62,33.40,1.00,-1,-1,-1
222,37,500.99,184.33,49.24,37.28,1.00,-1,-1,-1
223,37,491.37,183.45,53.75,40.76,1.00,-1,-1,-1
224,37,477.67,183.56,62.50,45.93,1.00,-1,-1,-1
225,37,461.74,183.60,71.43,52.45,1.00,-1,-1,-1
226,37,440.68,183.75,83.07,61.26,1.00,-1,-1,-1
227,37,412.23,183.75,99.26,71.87,1.00,-1,-1,-1
228,37,367.50,185.80,128.65,87.66,1.00,-1,-1,-1
229,37,296.13,188.14,176.78,113.36,1.00,-1,-1,-1
230,37,170.07,191.16,267.82,164.34,1.00,-1,-1,-1
231,37,0.66,191.77,373.66,181.56,1.00,-1,-1,-1
232,37,0.50,209.31,236.23,164.02,1.00,-1,-1,-1
214,38,384.59,174.19,29.34,20.29,1.00,-1,-1,-1
215,38,380.69,174.37,30.78,21.05,1.00,-1,-1,-1
216,38,376.12,174.89,31.88,20.88,1.00,-1,-1,-1
217,38,372.48,175.11,31.93,21.21,1.00,-1,-1,-1
218,38,367.54,175.33,33.88,21.70,1.00,-1,-1,-1
219,38,362.75,176.65,34.17,22.00,1.00,-1,-1,-1
220,38,357.97,177.98,34.45,22.30,1.00,-1,-1,-1
221,38,353.18,179.30,34.74,22.60,1.00,-1,-1,-1
222,38,347.44,178.48,36.11,23.38,1.00,-1,-1,-1
223,38,341.69,177.66,37.49,24.17,1.00,-1,-1,-1
224,38,335.95,176.84,38.86,24.95,1.00,-1,-1,-1
225,38,327.58,176.55,40.72,25.61,1.00,-1,-1,-1
226,38,319.20,176.25,42.57,26.27,1.00,-1,-1,-1
227,38,310.83,175.95,44.43,26.93,1.00,-1,-1,-1
228,38,302.46,175.66,46.29,27.59,1.00,-1,-1,-1
229,38,294.08,175.37,48.14,28.25,1.00,-1,-1,-1
230,38,285.71,175.07,50.00,28.91,1.00,-1,-1,-1
231,38,273.95,174.95,52.41,29.29,1.00,-1,-1,-1
232,38,263.28,176.02,54.60,30.48,1.00,-1,-1,-1
233,38,250.61,176.15,57.13,31.55,1.00,-1,-1,-1
234,38,236.27,174.29,60.76,32.37,1.00,-1,-1,-1
235,38,221.56,173.23,64.33,33.65,1.00,-1,-1,-1
236,38,207.05,173.54,67.78,35.18,1.00,-1,-1,-1
237,38,191.20,174.45,72.14,36.22,1.00,-1,-1,-1
238,38,174.03,174.03,76.80,37.99,1.00,-1,-1,-1
239,38,155.50,173.75,80.08,40.00,1.00,-1,-1,-1
240,38,134.65,172.89,88.50,42.36,1.00,-1,-1,-1
241,38,111.63,173.38,95.87,45.01,1.00,-1,-1,-1
242,38,88.38,174.72,100.42,46.71,1.00,-1,-1,-1
217,39,565.16,178.24,17.00,14.86,1.00,-1,-1,-1
218,39,564.37,179.09,17.84,15.19,1.00,-1,-1,-1
219,39,562.35,180.65,19.71,15.94,1.00,-1,-1,-1
220,39,561.21,182.21,19.59,16.09,1.00,-1,-1,-1
221,39,558.62,181.91,21.31,17.09,1.00,-1,-1,-1
222,39,557.71,180.58,21.79,18.63,1.00,-1,-1,-1
223,39,555.55,179.41,23.07,19.28,1.00,-1,-1,-1
224,39,552.78,179.12,24.79,20.14,1.00,-1,-1,-1
225,39,551.08,179.57,25.42,20.26,1.00,-1,-1,-1
226,39,548.44,177.93,26.38,22.16,1.00,-1,-1,-1
227,39,544.83,177.69,27.03,22.51,1.00,-1,-1,-1
228,39,540.44,177.66,29.44,23.94,1.00,-1,-1,-1
229,39,534.59,178.71,31.84,25.94,1.00,-1,-1,-1
230,39,529.01,177.97,34.67,27.77,1.00,-1,-1,-1
231,39,522.17,177.44,37.62,30.61,1.00,-1,-1,-1
232,39,514.34,179.26,41.48,33.78,1.00,-1,-1,-1
233,39,505.47,179.29,44.84,36.05,1.00,-1,-1,-1
234,39,493.72,178.27,51.16,38.96,1.00,-1,-1,-1
235,39,481.00,177.00,56.93,44.65,1.00,-1,-1,-1
236,39,463.66,177.99,67.12,48.58,1.00,-1,-1,-1
237,39,444.32,178.35,76.95,57.24,1.00,-1,-1,-1
238,39,419.28,178.14,90.91,68.24,1.00,-1,-1,-1
239,39,382.85,178.66,111.71,78.97,1.00,-1,-1,-1
240,39,328.85,179.35,147.84,100.33,1.00,-1,-1,-1
241,39,238.28,181.89,208.23,132.79,1.00,-1,-1,-1
242,39,67.56,186.02,331.62,188.98,1.00,-1,-1,-1
243,39,0.80,190.63,317.48,182.63,1.00,-1,-1,-1
244,39,0.50,192.72,94.31,182.12,1.00,-1,-1,-1
234,40,424.94,177.52,20.14,14.53,1.00,-1,-1,-1
235,40,420.82,176.93,21.73,14.27,1.00,-1,-1,-1
236,40,416.60,177.50,22.68,15.03,1.00,-1,-1,-1
237,40,412.91,177.84,22.12,15.56,1.00,-1,-1,-1
238,40,408.24,177.48,23.38,15.68,1.00,-1,-1,-1
239,40,404.39,177.90,23.87,15.69,1.00,-1,-1,-1
240,40,400.55,178.32,24.35,15.70,1.00,-1,-1,-1
241,40,396.70,178.75,24.84,15.70,1.00,-1,-1,-1
242,40,392.85,179.17,25.33,15.71,1.00,-1,-1,-1
243,40,388.35,180.09,25.45,16.07,1.00,-1,-1,-1
244,40,384.08,180.04,26.62,16.50,1.00,-1,-1,-1
245,40,378.80,180.36,27.48,16.80,1.00,-1,-1,-1
246,40,373.39,178.56,28.55,18.11,1.00,-1,-1,-1
247,40,367.97,179.19,29.60,18.50,1.00,-1,-1,-1
248,40,361.63,181.33,29.98,18.34,1.00,-1,-1,-1
249,40,355.35,182.85,31.84,19.07,1.00,-1,-1,-1
250,40,349.30,182.82,33.13,19.51,1.00,-1,-1,-1
251,40,342.61,182.37,27.85,19.52,1.00,-1,-1,-1
245,43,553.68,177.62,20.05,17.24,1.00,-1,-1,-1
246,43,551.02,177.38,21.71,16.89,1.00,-1,-1,-1
247,43,548.29,177.30,22.97,19.31,1.00,-1,-1,-1
248,43,546.44,179.76,23.63,19.56,1.00,-1,-1,-1
249,43,543.34,180.45,25.06,20.75,1.00,-1,-1,-1
250,43,540.26,180.33,26.40,21.38,1.00,-1,-1,-1
251,43,537.10,179.86,28.03,21.91,1.00,-1,-1,-1
252,43,533.37,180.39,30.03,22.75,1.00,-1,-1,-1
253,43,529.28,180.40,31.50,23.73,1.00,-1,-1,-1
254,43,524.68,179.50,33.49,26.06,1.00,-1,-1,-1
255,43,519.37,180.29,37.00,27.54,1.00,-1,-1,-1
256,43,513.64,181.38,39.59,29.89,1.00,-1,-1,-1
257,43,507.06,181.74,42.99,31.99,1.00,-1,-1,-1
258,43,498.26,178.49,48.14,35.41,1.00,-1,-1,-1
259,43,489.04,176.85,53.35,38.97,1.00,-1,-1,-1
260,43,475.97,179.68,60.55,42.94,1.00,-1,-1,-1
261,43,460.00,181.76,69.29,48.04,1.00,-1,-1,-1
262,43,440.82,178.71,79.45,57.44,1.00,-1,-1,-1
263,43,415.95,178.09,93.70,66.51,1.00,-1,-1,-1
264,43,380.64,177.73,115.36,77.47,1.00,-1,-1,-1
265,43,326.07,180.40,151.10,95.18,1.00,-1,-1,-1
266,43,233.64,179.77,216.20,128.79,1.00,-1,-1,-1
267,43,69.03,181.41,339.76,192.52,1.00,-1,-1,-1
268,43,1.07,187.31,340.10,185.72,1.00,-1,-1,-1
269,43,0.51,201.01,196.76,172.47,1.00,-1,-1,-1
254,45,546.56,179.01,22.27,17.39,1.00,-1,-1,-1
255,45,544.08,179.68,24.00,17.28,1.00,-1,-1,-1
256,45,542.13,180.36,24.51,19.14,1.00,-1,-1,-1
257,45,539.07,180.18,25.31,19.95,1.00,-1,-1,-1
258,45,534.85,177.07,29.01,20.01,1.00,-1,-1,-1
259,45,529.89,174.71,32.45,22.13,1.00,-1,-1,-1
260,45,527.42,178.14,30.67,22.61,1.00,-1,-1,-1
261,45,523.76,180.03,33.26,24.21,1.00,-1,-1,-1
262,45,517.26,178.51,36.83,26.11,1.00,-1,-1,-1
263,45,511.83,176.91,39.33,28.39,1.00,-1,-1,-1
264,45,503.87,175.40,43.16,30.41,1.00,-1,-1,-1
265,45,493.78,176.18,47.95,33.81,1.00,-1,-1,-1
266,45,483.47,177.23,52.19,36.47,1.00,-1,-1,-1
267,45,470.05,178.10,59.33,40.72,1.00,-1,-1,-1
268,45,454.33,178.81,67.93,45.20,1.00,-1,-1,-1
269,45,437.14,178.49,76.38,53.13,1.00,-1,-1,-1
270,45,410.81,178.57,92.71,60.66,1.00,-1,-1,-1
271,45,379.15,180.09,110.71,73.31,1.00,-1,-1,-1
272,45,328.72,181.49,142.60,87.48,1.00,-1,-1,-1
273,45,250.63,181.51,195.10,116.15,1.00,-1,-1,-1
274,45,116.77,183.97,291.74,166.24,1.00,-1,-1,-1
275,45,1.47,185.64,346.17,187.46,1.00,-1,-1,-1
276,45,0.36,198.43,229.88,175.18,1.00,-1,-1,-1
257,46,292.64,184.65,43.62,22.42,1.00,-1,-1,-1
258,46,283.64,181.26,44.44,23.37,1.00,-1,-1,-1
259,46,271.56,179.15,48.22,25.00,1.00,-1,-1,-1
260,46,260.18,182.29,50.80,24.83,1.00,-1,-1,-1
261,46,246.71,182.89,53.31,26.35,1.00,-1,-1,-1
262,46,232.96,180.40,55.84,27.13,1.00,-1,-1,-1
263,46,218.66,178.14,59.97,28.47,1.00,-1,-1,-1
264,46,202.32,176.91,63.13,29.60,1.00,-1,-1,-1
265,46,182.94,177.05,67.75,30.93,1.00,-1,-1,-1
266,46,163.71,177.08,72.11,32.78,1.00,-1,-1,-1
267,46,141.44,178.33,77.35,34.65,1.00,-1,-1,-1
257,47,377.25,181.52,28.64,17.17,1.00,-1,-1,-1
258,47,372.26,178.79,28.79,16.47,1.00,-1,-1,-1
259,47,367.98,177.30,30.54,16.87,1.00,-1,-1,-1
260,47,360.95,179.22,31.38,18.02,1.00,-1,-1,-1
261,47,354.75,180.23,33.75,18.48,1.00,-1,-1,-1
262,47,348.83,177.49,34.08,19.18,1.00,-1,-1,-1
263,47,341.34,175.85,34.92,19.21,1.00,-1,-1,-1
264,47,333.94,175.30,35.75,19.23,1.00,-1,-1,-1
265,47,325.07,175.00,37.20,20.48,1.00,-1,-1,-1
266,47,315.59,175.64,38.81,21.01,1.00,-1,-1,-1
267,47,306.12,176.27,40.41,21.55,1.00,-1,-1,-1
268,47,296.64,176.91,42.02,22.08,1.00,-1,-1,-1
269,47,287.38,177.02,43.83,22.87,1.00,-1,-1,-1
270,47,277.19,176.69,46.81,24.02,1.00,-1,-1,-1
271,47,267.47,177.08,48.54,24.95,1.00,-1,-1,-1
272,47,255.15,177.07,51.59,25.76,1.00,-1,-1,-1
273,47,243.54,177.27,53.27,26.88,1.00,-1,-1,-1
274,47,229.57,177.20,59.42,27.51,1.00,-1,-1,-1
275,47,213.78,177.86,62.88,31.37,1.00,-1,-1,-1
276,47,197.98,177.91,64.50,29.59,1.00,-1,-1,-1
277,47,179.50,177.92,69.53,31.94,1.00,-1,-1,-1
278,47,159.82,178.04,73.94,33.04,1.00,-1,-1,-1
279,47,139.10,178.08,78.59,34.16,1.00,-1,-1,-1
280,47,114.88,179.07,84.17,35.67,1.00,-1,-1,-1
281,47,88.51,180.15,92.16,37.45,1.00,-1,-1,-1
259,48,552.58,170.50,20.77,18.75,1.00,-1,-1,-1
260,48,550.04,174.66,22.36,19.10,1.00,-1,-1,-1
261,48,548.86,175.62,22.35,20.39,1.00,-1,-1,-1
262,48,546.36,174.91,23.44,20.30,1.00,-1,-1,-1
263,48,541.99,172.55,26.79,22.25,1.00,-1,-1,-1
264,48,538.81,171.06,27.30,23.63,1.00,-1,-1,-1
265,48,533.30,171.12,30.66,24.60,1.00,-1,-1,-1
266,48,532.46,171.43,28.25,25.54,1.00,-1,-1,-1
267,48,526.85,171.49,30.71,28.32,1.00,-1,-1,-1
268,48,520.74,172.02,34.01,29.34,1.00,-1,-1,-1
269,48,515.56,171.52,37.25,32.67,1.00,-1,-1,-1
270,48,510.27,171.41,39.94,34.38,1.00,-1,-1,-1
271,48,503.30,171.92,43.84,36.58,1.00,-1,-1,-1
272,48,495.77,171.07,47.59,40.20,1.00,-1,-1,-1
273,48,485.70,170.60,53.21,44.66,1.00,-1,-1,-1
274,48,474.99,169.84,58.97,49.94,1.00,-1,-1,-1
275,48,459.87,170.18,67.48,55.41,1.00,-1,-1,-1
276,48,440.25,170.60,78.61,62.64,1.00,-1,-1,-1
277,48,416.37,169.55,92.35,71.99,1.00,-1,-1,-1
278,48,380.74,168.71,113.81,84.92,1.00,-1,-1,-1
279,48,330.24,167.47,148.18,103.98,1.00,-1,-1,-1
280,48,248.45,166.82,201.36,134.09,1.00,-1,-1,-1
281,48,96.47,162.14,314.75,198.79,1.00,-1,-1,-1
282,48,1.03,155.64,343.92,218.89,1.00,-1,-1,-1
283,48,0.84,146.83,197.62,227.20,1.00,-1,-1,-1
262,50,368.62,177.94,35.40,17.07,1.00,-1,-1,-1
263,50,366.85,175.77,29.90,17.78,1.00,-1,-1,-1
264,50,359.92,174.49,31.34,17.82,1.00,-1,-1,-1
266,51,554.09,174.47,21.96,15.25,1.00,-1,-1,-1
267,51,550.46,175.16,22.82,15.15,1.00,-1,-1,-1
268,51,331.20,176.50,34.84,19.42,1.00,-1,-1,-1
269,51,319.66,176.61,44.77,19.70,1.00,-1,-1,-1
270,51,315.78,176.18,42.76,21.04,1.00,-1,-1,-1
271,51,306.86,176.78,45.29,21.62,1.00,-1,-1,-1
272,51,296.29,176.85,49.10,22.44,1.00,-1,-1,-1
273,51,284.48,176.56,54.93,23.79,1.00,-1,-1,-1
269,54,91.95,180.28,89.89,36.82,1.00,-1,-1,-1
270,54,66.11,180.52,96.12,39.26,1.00,-1,-1,-1
271,54,34.57,181.19,105.63,41.73,1.00,-1,-1,-1
272,54,0.81,181.22,114.29,44.52,1.00,-1,-1,-1
273,54,1.12,182.94,86.07,47.90,1.00,-1,-1,-1
274,54,0.37,184.15,54.27,46.76,1.00,-1,-1,-1
269,55,549.33,175.59,21.87,16.52,1.00,-1,-1,-1
270,55,547.48,175.94,22.36,16.68,1.00,-1,-1,-1
271,55,544.13,175.92,24.85,18.08,1.00,-1,-1,-1
272,55,542.76,176.08,25.49,18.20,1.00,-1,-1,-1
273,55,540.38,175.90,26.41,20.05,1.00,-1,-1,-1
274,55,537.03,176.09,28.26,20.98,1.00,-1,-1,-1
275,55,533.39,177.05,30.00,22.31,1.00,-1,-1,-1
276,55,528.61,177.10,32.43,24.10,1.00,-1,-1,-1
277,55,523.63,177.04,34.37,26.00,1.00,-1,-1,-1
278,55,517.72,177.16,37.79,27.93,1.00,-1,-1,-1
279,55,510.99,177.39,40.95,30.08,1.00,-1,-1,-1
280,55,501.75,178.59,46.52,32.23,1.00,-1,-1,-1
281,55,491.81,179.70,51.55,34.69,1.00,-1,-1,-1
282,55,482.08,180.13,55.58,38.96,1.00,-1,-1,-1
283,55,467.79,180.35,63.40,43.09,1.00,-1,-1,-1
284,55,449.23,179.76,74.55,49.98,1.00,-1,-1,-1
285,55,425.99,180.98,86.77,57.56,1.00,-1,-1,-1
286,55,394.70,182.23,105.03,68.25,1.00,-1,-1,-1
287,55,350.52,182.52,132.26,82.15,1.00,-1,-1,-1
288,55,282.69,183.31,178.46,103.16,1.00,-1,-1,-1
289,55,165.03,184.33,263.99,146.99,1.00,-1,-1,-1
290,55,1.19,184.90,376.88,189.02,1.00,-1,-1,-1
291,55,1.03,194.68,283.89,179.22,1.00,-1,-1,-1
275,56,263.21,176.76,59.12,25.00,1.00,-1,-1,-1
276,56,249.99,176.80,63.80,26.87,1.00,-1,-1,-1
277,56,236.33,176.80,67.20,27.50,1.00,-1,-1,-1
278,56,222.01,176.90,71.43,28.54,1.00,-1,-1,-1
279,56,204.21,176.75,76.38,29.68,1.00,-1,-1,-1
280,56,185.22,177.13,83.64,31.14,1.00,-1,-1,-1
283,57,131.67,178.66,93.61,35.87,1.00,-1,-1,-1
284,57,92.48,179.13,114.33,37.47,1.00,-1,-1,-1
285,57,64.93,178.46,120.27,40.80,1.00,-1,-1,-1
286,57,34.29,178.34,124.42,43.22,1.00,-1,-1,-1
287,57,0.85,178.53,123.32,45.55,1.00,-1,-1,-1
288,57,0.85,178.72,110.17,47.76,1.00,-1,-1,-1
289,57,0.00,179.34,85.16,46.10,1.00,-1,-1,-1
290,57,3.02,177.90,48.79,53.11,1.00,-1,-1,-1
284,58,1.20,180.92,105.52,45.64,1.00,-1,-1,-1
285,58,0.27,181.56,76.89,49.18,1.00,-1,-1,-1
286,58,0.18,184.15,39.26,45.11,1.00,-1,-1,-1