101 6 178.999524 166.000125 54.999486000000005 22.999875 1 1 1
102 6 169.999992 168.0 56.000538 24.0 1 1 1
103 6 161.00046 169.000125 58.999967999999996 24.0 1 1 1
104 6 148.000446 169.999875 64.00026 24.0 1 1 1
105 6 131.99976 169.000125 71.000172 25.000125 1 1 1
106 6 124.999848 168.0 71.000172 25.000125 1 1 1
107 6 115.00050599999999 166.999875 71.999982 25.000125 1 1 1
108 6 104.000112 166.999875 74.999412 25.999875000000003 1 1 1
109 6 89.000478 166.999875 83.000376 25.999875000000003 1 1 1
110 6 72.999792 166.000125 86.999616 26.999999999999996 1 1 1
111 6 58.999967999999996 166.000125 91.000098 28.000125 1 1 1
112 6 48.999384 166.000125 90.000288 28.000125 1 1 1
113 6 34.99956 166.000125 82.00056599999999 28.000125 1 1 1
114 6 15.999443999999999 163.999875 100.99944 30.0 1 1 1
115 6 12.000204 165.0 93.999528 31.000125 1 1 1
116 6 0.0 165.0 87.999426 31.999875000000003 1 1 1
117 6 0.0 166.000125 91.000098 31.999875000000003 1 1 1
118 6 0.0 165.0 78.999894 34.999875 1 1 1
119 6 0.0 166.000125 70.000362 34.000125 1 1 1
120 6 0.0 165.0 58.000158 33.0 1 1 1
170 25 329.9994 184.000125 19.000116000000002 18.0 1 1 1
171 25 325.00034999999997 184.000125 33.99975 18.0 1 1 1
172 25 321.999678 183.0 33.99975 18.0 1 1 1
173 25 324.00054 181.999875 30.00051 19.000124999999997 1 1 1
174 25 312.000336 183.0 39.000042 19.000124999999997 1 1 1
175 25 318.00043800000003 181.999875 30.00051 21.0 1 1 1
176 25 306.00023400000003 181.999875 38.000232000000004 21.0 1 1 1
177 25 298.000512 183.0 41.999472 22.000125 1 1 1
178 25 292.00041 183.0 41.999472 22.000125 1 1 1
179 25 285.000498 183.0 47.999574 22.000125 1 1 1
180 21 499.999392 180.0 39.000042 31.999875000000003 1 1 1
180 25 278.000586 181.000125 45.999954 22.999875 1 1 1
180 23 541.0002959999999 178.999875 25.000218 19.000124999999997 1 1 1
181 21 491.99967000000004 178.999875 43.000524 34.999875 1 1 1
181 25 272.00048400000003 180.0 46.999764 22.999875 1 1 1
181 23 538.999434 178.000125 26.000028 19.999875 1 1 1
182 21 483.99994799999996 181.000125 46.999764 37.000125000000004 1 1 1
182 25 265.000572 181.000125 48.999384 22.999875 1 1 1
182 23 536.000004 178.000125 28.999458 21.0 1 1 1
183 21 472.999554 181.000125 51.000246000000004 40.999875 1 1 1
183 25 257.999418 181.000125 50.000436 24.0 1 1 1
183 23 533.000574 178.999875 31.00032 22.000125 1 1 1
184 21 461.000592 181.999875 56.000538 45.0 1 1 1
184 25 248.000076 181.999875 53.999676 24.0 1 1 1
184 23 529.999902 180.0 32.99994 22.000125 1 1 1
185 21 444.99990599999995 181.999875 63.00045 49.999875 1 1 1
185 25 240.000354 181.999875 54.999486000000005 25.000125 1 1 1
185 23 525.99942 178.999875 33.99975 22.999875 1 1 1
186 21 425.99979 181.999875 71.999982 57.0 1 1 1
186 25 229.99976999999998 181.000125 58.000158 25.999875000000003 1 1 1
186 23 522.99999 178.999875 36.000612000000004 25.000125 1 1 1
187 21 399.999762 184.000125 84.999996 66.0 1 1 1
187 25 220.00042800000003 181.999875 59.999778 26.999999999999996 1 1 1
187 23 518.999508 180.0 38.000232000000004 25.999875000000003 1 1 1
188 21 365.000202 184.999875 103.000302 79.000125 1 1 1
188 25 209.99984400000002 183.0 61.999398 26.999999999999996 1 1 1
188 23 514.000458 181.000125 39.999852 28.000125 1 1 1
189 21 313.000146 187.000125 131.99976 97.000125 1 1 1
189 25 196.99983 184.000125 65.99988 28.000125 1 1 1
189 23 508.000356 181.999875 44.000334 28.999875 1 1 1
190 21 231.99938999999998 189.0 177.999714 124.000125 1 1 1
190 25 185.999436 186.0 69.000552 28.000125 1 1 1
190 23 501.000444 184.000125 46.999764 31.000125 1 1 1
191 21 80.99951399999999 195.0 276.999534 169.000125 1 1 1
191 25 171.99961199999998 187.999875 69.000552 28.999875 1 1 1
191 23 492.99948 184.999875 52.000056 34.000125 1 1 1
192 21 0.0 204.00000000000003 268.000002 171.0 1 1 1
192 25 163.99989 187.999875 69.000552 26.999999999999996 1 1 1
192 23 482.00032799999997 184.999875 57.000347999999995 39.0 1 1 1
193 21 0.0 244.99987500000003 72.999792 130.000125 1 1 1
193 25 142.000344 187.999875 80.99951399999999 31.000125 1 1 1
193 23 470.00012399999997 186.0 63.00045 42.0 1 1 1
194 25 124.999848 187.999875 85.99980599999999 31.999875000000003 1 1 1
194 23 452.99962800000003 187.000125 71.999982 48.0 1 1 1
195 25 105.99973200000001 187.999875 91.000098 34.000125 1 1 1
195 23 432.999702 187.000125 83.000376 55.999874999999996 1 1 1
196 25 85.99980599999999 186.0 97.0002 34.999875 1 1 1
196 23 405.00005400000003 187.000125 100.99944 64.99987499999999 1 1 1
197 25 63.00045 184.999875 104.000112 37.000125000000004 1 1 1
197 23 366.000012 187.999875 124.000038 78.0 1 1 1
198 25 38.000232000000004 184.000125 111.000024 37.999875 1 1 1
198 23 307.000044 189.0 162.00027 94.99987499999999 1 1 1
199 25 11.000394 184.999875 118.99974599999999 40.999875 1 1 1
199 23 208.000224 192.0 230.99957999999998 124.999875 1 1 1
200 25 0.0 186.0 109.000404 43.000125000000004 1 1 1
200 23 14.999633999999999 196.99987500000003 379.000026 178.000125 1 1 1
200 22 524.99961 181.000125 34.99956 26.999999999999996 1 1 1
201 25 0.0 187.000125 84.000186 36.0 1 1 1
201 23 0.0 207.00000000000003 318.00043800000003 168.0 1 1 1
201 22 520.00056 180.0 38.000232000000004 30.0 1 1 1
202 25 0.0 186.0 58.999967999999996 42.0 1 1 1
202 23 0.0 274.00012499999997 152.999496 100.999875 1 1 1
202 22 512.999406 178.999875 40.999662 31.000125 1 1 1
203 25 0.0 189.0 30.00051 43.000125000000004 1 1 1
203 22 505.999494 178.000125 45.000144 34.000125 1 1 1
204 22 496.999962 178.000125 48.999384 37.999875 1 1 1
205 22 487.00062 178.999875 54.999486000000005 40.999875 1 1 1
206 22 472.999554 178.000125 61.999398 45.0 1 1 1
207 22 457.99992 175.999875 70.000362 52.000125000000004 1 1 1
208 22 437.000184 177.0 80.99951399999999 60.0 1 1 1
209 22 409.000536 180.0 97.0002 69.0 1 1 1
210 22 370.00049399999995 181.999875 118.99974599999999 82.000125 1 1 1
211 22 311.000526 183.0 155.000358 103.000125 1 1 1
212 22 214.000326 183.0 219.000618 130.999875 1 1 1
213 22 18.000306000000002 181.999875 359.99990999999994 193.000125 1 1 1
214 22 0.0 187.999875 275.999724 187.000125 1 1 1
215 24 462.000402 180.0 65.99988 51.00000000000001 1 1 1
216 24 440.999424 181.000125 76.00046400000001 58.999875 1 1 1
217 24 411.999966 181.000125 91.999908 70.999875 1 1 1
218 24 370.00049399999995 183.0 116.000316 85.000125 1 1 1
219 24 306.00023400000003 186.0 155.000358 106.000125 1 1 1
220 24 190.999728 189.0 231.99938999999998 142.999875 1 1 1
221 24 0.0 192.0 357.00048 183.0 1 1 1
222 24 0.0 204.00000000000003 220.00042800000003 171.0 1 1 1
