20 115 1011.00042 162.0 11.000394 19.000124999999997 1 1 1
21 115 1018.000332 163.000125 11.000394 16.999875 1 1 1
22 115 1025.0002439999998 163.000125 11.000394 16.999875 1 1 1
23 115 1031.000346 163.999875 12.000204 18.0 1 1 1
23 116 992.000304 169.000125 10.000584 13.000125 1 1 1
24 115 1037.000448 163.000125 13.000014 19.000124999999997 1 1 1
24 116 997.000596 171.0 10.000584 13.999875 1 1 1
25 115 1044.00036 163.999875 13.000014 19.999875 1 1 1
25 116 1000.000026 171.0 12.000204 16.000124999999997 1 1 1
26 115 1051.000272 163.999875 13.000014 22.000125 1 1 1
26 116 1005.000318 171.0 12.000204 16.000124999999997 1 1 1
27 115 1061.999424 165.0 8.999532 22.000125 1 1 1
27 116 1008.999558 172.000125 10.000584 31.000125 1 1 1
28 115 1064.000286 163.000125 13.999824 26.999999999999996 1 1 1
28 116 1013.00004 172.000125 11.000394 34.000125 1 1 1
29 115 1071.000198 165.0 13.000014 31.999875000000003 1 1 1
29 116 1015.99947 172.000125 12.000204 34.999875 1 1 1
30 115 1078.99992 166.000125 13.999824 53.99999999999999 1 1 1
30 116 1020.999762 172.999875 8.999532 34.999875 1 1 1
31 115 1085.000022 166.000125 18.000306000000002 55.999874999999996 1 1 1
32 115 1091.999934 166.999875 14.999633999999999 28.000125 1 1 1
32 116 1028.999484 175.000125 6.000102 34.999875 1 1 1
33 115 1098.999846 166.999875 15.999443999999999 28.000125 1 1 1
33 116 1032.000156 175.000125 12.000204 37.000125000000004 1 1 1
34 115 1108.00062 168.0 17.000496000000002 28.000125 1 1 1
34 116 1032.999966 175.000125 15.999443999999999 37.999875 1 1 1
35 115 1116.000342 168.0 17.000496000000002 31.999875000000003 1 1 1
35 116 1040.999688 175.000125 13.000014 37.999875 1 1 1
36 115 1124.000064 168.0 19.999926 61.000125000000004 1 1 1
36 116 1044.00036 175.999875 14.999633999999999 37.999875 1 1 1
37 115 1130.999976 166.999875 20.999736 61.999875 1 1 1
37 116 1047.9996 175.999875 14.999633999999999 39.0 1 1 1
38 115 1154.000574 168.0 12.000204 64.00012500000001 1 1 1
38 116 1052.999892 177.0 15.999443999999999 39.0 1 1 1
39 115 1154.000574 177.0 5.000292 55.000125 1 1 1
39 116 1058.000184 175.999875 15.999443999999999 40.000125 1 1 1
40 115 1163.000106 168.0 21.999546 69.0 1 1 1
40 116 1064.000286 175.999875 14.999633999999999 40.999875 1 1 1
41 115 1175.00031 169.000125 26.000028 70.999875 1 1 1
41 116 1069.000578 175.999875 15.999443999999999 42.0 1 1 1
42 115 1188.000324 166.999875 26.999838 73.999875 1 1 1
42 116 1074.9994379999998 175.999875 17.000496000000002 40.999875 1 1 1
43 115 1202.000148 166.000125 26.999838 76.99987499999999 1 1 1
43 116 1080.99954 175.999875 17.000496000000002 42.0 1 1 1
44 115 1215.999972 162.0 26.000028 79.999875 1 1 1
44 116 1087.999452 175.000125 17.000496000000002 43.000125000000004 1 1 1
45 115 1233.000468 162.0 8.999532 78.0 1 1 1
45 116 1093.999554 175.000125 18.000306000000002 43.000125000000004 1 1 1
46 116 1103.000328 174.0 17.000496000000002 45.0 1 1 1
47 116 1111.00005 174.0 18.000306000000002 43.999875 1 1 1
48 116 1118.9997720000001 171.0 19.999926 46.999875 1 1 1
49 116 1129.000356 171.0 20.999736 48.0 1 1 1
50 116 1143.00018 171.0 19.000116000000002 49.000125000000004 1 1 1
51 116 1156.000194 171.0 19.000116000000002 37.000125000000004 1 1 1
53 116 1180.0006019999998 169.999875 24.000408 52.000125000000004 1 1 1
54 116 1202.9999579999999 171.0 18.000306000000002 52.999874999999996 1 1 1
55 116 1222.000074 169.999875 10.000584 4.000125 1 1 1
