0 34 570.999564 175.000125 39.000042 34.999875 1 1 1
1 34 572.000616 174.0 38.000232000000004 34.999875 1 1 1
2 34 572.000616 174.0 39.000042 34.999875 1 1 1
3 34 572.000616 172.999875 39.000042 36.0 1 1 1
4 34 572.000616 172.000125 39.000042 36.0 1 1 1
5 34 573.0004260000001 172.000125 38.000232000000004 36.0 1 1 1
6 34 573.0004260000001 172.000125 39.000042 37.000125000000004 1 1 1
7 34 572.000616 172.999875 40.999662 36.0 1 1 1
8 34 572.000616 174.0 40.999662 37.000125000000004 1 1 1
9 34 573.0004260000001 175.999875 40.999662 36.0 1 1 1
10 34 574.000236 177.0 39.999852 36.0 1 1 1
11 34 574.000236 177.0 40.999662 37.000125000000004 1 1 1
12 34 574.000236 177.0 40.999662 37.000125000000004 1 1 1
13 34 575.000046 177.0 40.999662 37.000125000000004 1 1 1
14 34 575.000046 175.999875 39.999852 37.000125000000004 1 1 1
15 34 574.000236 175.000125 41.999472 37.999875 1 1 1
16 34 574.000236 175.000125 41.999472 37.000125000000004 1 1 1
17 34 574.000236 174.0 41.999472 37.999875 1 1 1
18 34 573.0004260000001 174.0 41.999472 37.999875 1 1 1
19 34 573.0004260000001 174.0 43.000524 37.999875 1 1 1
20 34 572.000616 175.000125 43.000524 39.0 1 1 1
21 34 573.0004260000001 175.000125 43.000524 39.0 1 1 1
22 34 572.000616 174.0 43.000524 39.0 1 1 1
23 34 572.000616 172.000125 44.000334 40.000125 1 1 1
24 34 570.999564 172.000125 45.000144 40.000125 1 1 1
25 34 570.999564 172.000125 45.000144 40.000125 1 1 1
26 34 570.999564 172.000125 45.000144 40.999875 1 1 1
27 34 568.000134 172.000125 48.999384 40.999875 1 1 1
28 14 359.99990999999994 174.0 30.00051 15.0 1 1 1
28 34 568.000134 172.000125 47.999574 42.0 1 1 1
29 14 354.999618 172.999875 30.00051 15.0 1 1 1
29 34 569.9997539999999 171.0 45.999954 42.0 1 1 1
30 14 348.999516 172.000125 31.00032 16.000124999999997 1 1 1
30 34 569.9997539999999 171.0 45.999954 40.999875 1 1 1
31 14 344.000466 172.000125 31.00032 15.0 1 1 1
31 34 569.9997539999999 169.000125 46.999764 42.0 1 1 1
32 14 337.00055399999997 171.0 32.00013 16.999875 1 1 1
32 34 569.9997539999999 169.000125 45.999954 43.000125000000004 1 1 1
33 14 331.00045200000005 172.999875 32.99994 16.000124999999997 1 1 1
33 34 569.9997539999999 171.0 45.999954 43.000125000000004 1 1 1
34 14 325.00034999999997 172.999875 33.99975 18.0 1 1 1
34 34 569.9997539999999 171.0 45.999954 43.000125000000004 1 1 1
35 14 318.00043800000003 174.0 34.99956 18.0 1 1 1
35 34 568.999944 172.000125 47.999574 43.000125000000004 1 1 1
36 14 312.000336 174.0 36.000612000000004 18.0 1 1 1
36 34 568.999944 171.0 47.999574 43.999875 1 1 1
37 14 304.00061400000004 172.000125 38.000232000000004 19.000124999999997 1 1 1
37 34 569.9997539999999 169.999875 46.999764 43.999875 1 1 1
38 14 295.99965000000003 172.999875 39.999852 19.000124999999997 1 1 1
38 34 569.9997539999999 169.999875 46.999764 43.999875 1 1 1
39 14 289.999548 172.999875 39.999852 19.999875 1 1 1
39 34 569.9997539999999 171.0 47.999574 43.999875 1 1 1
40 14 280.000206 172.999875 43.000524 19.999875 1 1 1
40 34 570.999564 171.0 47.999574 45.0 1 1 1
41 14 273.000294 175.000125 44.000334 19.999875 1 1 1
41 34 570.999564 172.000125 46.999764 45.0 1 1 1
42 14 263.99952 175.999875 46.999764 19.999875 1 1 1
42 34 570.999564 172.000125 47.999574 46.000125 1 1 1
43 14 255.999798 177.0 45.999954 19.999875 1 1 1
43 34 570.999564 172.000125 47.999574 46.000125 1 1 1
44 14 242.99978399999998 177.0 51.000246000000004 19.999875 1 1 1
44 34 570.999564 172.000125 48.999384 46.000125 1 1 1
45 14 236.99968199999998 178.000125 50.000436 21.0 1 1 1
45 34 572.000616 172.999875 47.999574 46.000125 1 1 1
46 14 222.000048 178.999875 56.000538 22.000125 1 1 1
46 34 572.000616 174.0 50.000436 46.000125 1 1 1
47 14 210.99965400000002 181.000125 58.000158 22.000125 1 1 1
47 34 572.000616 175.000125 50.000436 46.000125 1 1 1
48 14 197.99964 181.000125 60.999587999999996 22.999875 1 1 1
48 34 572.000616 175.000125 51.000246000000004 46.999875 1 1 1
49 14 183.999816 181.000125 65.00007 22.999875 1 1 1
49 34 572.000616 172.999875 51.000246000000004 48.0 1 1 1
50 14 169.000182 180.0 67.9995 24.0 1 1 1
50 34 573.0004260000001 172.999875 52.000056 48.0 1 1 1
51 14 152.999496 181.000125 71.999982 25.000125 1 1 1
51 34 573.0004260000001 172.999875 52.999866000000004 48.0 1 1 1
52 14 135.000432 181.000125 72.999792 25.999875000000003 1 1 1
52 34 574.000236 172.999875 52.000056 49.000125000000004 1 1 1
53 14 117.000126 180.0 77.00027399999999 28.000125 1 1 1
53 34 574.000236 172.999875 52.000056 49.000125000000004 1 1 1
54 14 98.00001 180.0 86.999616 30.0 1 1 1
54 34 574.000236 172.999875 53.999676 49.999875 1 1 1
55 14 74.999412 181.000125 92.999718 30.0 1 1 1
55 34 575.000046 172.999875 54.999486000000005 49.999875 1 1 1
56 14 54.999486000000005 180.0 98.00001 34.000125 1 1 1
56 34 575.000046 172.000125 53.999676 49.999875 1 1 1
57 14 40.999662 181.000125 95.00058 34.000125 1 1 1
57 34 575.000046 172.000125 53.999676 49.999875 1 1 1
58 14 1.9996200000000002 181.000125 115.00050599999999 37.000125000000004 1 1 1
58 34 575.999856 172.000125 53.999676 51.00000000000001 1 1 1
59 14 0.0 180.0 98.00001 39.0 1 1 1
59 34 575.999856 172.000125 54.999486000000005 49.999875 1 1 1
60 14 0.0 183.0 77.00027399999999 39.0 1 1 1
60 34 576.999666 169.999875 53.999676 52.000125000000004 1 1 1
61 14 0.0 186.0 52.000056 31.999875000000003 1 1 1
61 34 577.9994760000001 169.999875 53.999676 52.000125000000004 1 1 1
62 14 0.0 196.99987500000003 26.000028 22.999875 1 1 1
62 34 576.999666 169.999875 56.000538 52.000125000000004 1 1 1
63 34 577.9994760000001 169.999875 56.000538 52.000125000000004 1 1 1
64 34 577.9994760000001 171.0 56.000538 52.999874999999996 1 1 1
65 34 579.000528 172.000125 56.000538 52.999874999999996 1 1 1
66 34 579.000528 172.000125 56.000538 52.999874999999996 1 1 1
67 34 579.000528 172.000125 56.000538 52.999874999999996 1 1 1
68 4 366.000012 174.0 19.999926 13.999875 1 1 1
68 34 580.0003379999999 172.000125 56.000538 52.999874999999996 1 1 1
69 4 357.00048 172.999875 27.999648 15.0 1 1 1
69 34 580.0003379999999 172.000125 56.000538 52.999874999999996 1 1 1
70 4 358.00028999999995 174.0 25.000218 15.0 1 1 1
70 34 581.000148 172.000125 56.000538 52.999874999999996 1 1 1
71 4 352.000188 172.999875 28.999458 16.000124999999997 1 1 1
71 34 581.000148 172.000125 57.000347999999995 52.999874999999996 1 1 1
72 4 347.999706 172.999875 28.999458 16.000124999999997 1 1 1
72 34 581.999958 172.000125 56.000538 52.999874999999996 1 1 1
73 4 346.000086 172.999875 28.999458 16.999875 1 1 1
73 34 579.000528 172.000125 58.999967999999996 53.99999999999999 1 1 1
74 4 345.00027600000004 172.999875 26.999838 16.999875 1 1 1
74 34 579.000528 172.000125 58.999967999999996 53.99999999999999 1 1 1
75 4 339.999984 172.999875 27.999648 16.999875 1 1 1
75 34 581.000148 172.000125 58.000158 53.99999999999999 1 1 1
76 4 333.999882 172.999875 31.00032 18.0 1 1 1
76 34 582.999768 172.000125 56.000538 52.999874999999996 1 1 1
77 4 329.9994 172.999875 32.00013 18.0 1 1 1
77 34 581.000148 172.000125 58.000158 52.999874999999996 1 1 1
78 4 326.00016 172.999875 32.99994 19.000124999999997 1 1 1
78 34 582.999768 172.999875 57.000347999999995 52.999874999999996 1 1 1
79 4 320.99986800000005 172.999875 33.99975 19.999875 1 1 1
79 34 583.9995779999999 172.999875 54.999486000000005 53.99999999999999 1 1 1
80 4 316.99938599999996 174.0 33.99975 19.000124999999997 1 1 1
80 34 583.9995779999999 172.999875 56.000538 53.99999999999999 1 1 1
81 4 309.999474 172.999875 37.000422 19.999875 1 1 1
81 34 583.9995779999999 172.999875 56.000538 52.999874999999996 1 1 1
82 4 307.000044 172.999875 36.000612000000004 21.0 1 1 1
82 34 582.999768 172.999875 57.000347999999995 52.999874999999996 1 1 1
83 4 301.999752 172.999875 38.000232000000004 21.0 1 1 1
83 34 582.999768 172.999875 57.000347999999995 52.999874999999996 1 1 1
84 4 295.99965000000003 172.999875 37.000422 21.0 1 1 1
84 34 582.999768 172.999875 57.000347999999995 52.999874999999996 1 1 1
85 4 288.99973800000004 174.0 40.999662 19.999875 1 1 1
85 34 582.999768 172.999875 56.000538 52.999874999999996 1 1 1
86 4 283.99944600000003 174.0 40.999662 19.999875 1 1 1
86 34 582.999768 172.000125 56.000538 52.999874999999996 1 1 1
87 4 276.999534 172.000125 43.000524 22.999875 1 1 1
87 34 582.999768 171.0 56.000538 53.99999999999999 1 1 1
88 4 270.999432 172.999875 44.000334 22.000125 1 1 1
88 34 582.999768 171.0 56.000538 53.99999999999999 1 1 1
89 4 266.000382 172.999875 44.000334 22.999875 1 1 1
89 34 582.999768 171.0 56.000538 53.99999999999999 1 1 1
90 4 256.999608 172.000125 46.999764 24.0 1 1 1
90 34 582.999768 171.0 56.000538 53.99999999999999 1 1 1
91 4 252.00055799999998 172.000125 45.999954 24.0 1 1 1
91 34 581.999958 169.999875 57.000347999999995 55.000125 1 1 1
92 4 243.999594 171.0 46.999764 25.000125 1 1 1
92 34 581.999958 169.999875 57.000347999999995 55.000125 1 1 1
93 4 234.000252 172.000125 51.000246000000004 25.000125 1 1 1
93 34 581.000148 171.0 57.000347999999995 55.000125 1 1 1
94 4 224.99947799999998 172.999875 52.999866000000004 25.999875000000003 1 1 1
94 34 580.0003379999999 171.0 57.000347999999995 55.000125 1 1 1
95 4 215.99994600000002 172.999875 54.999486000000005 25.999875000000003 1 1 1
95 34 579.000528 171.0 58.000158 55.000125 1 1 1
96 4 207.000414 172.999875 57.000347999999995 26.999999999999996 1 1 1
96 34 577.9994760000001 171.0 59.999778 55.999874999999996 1 1 1
97 4 196.00002 172.999875 60.999587999999996 28.000125 1 1 1
97 34 576.999666 171.0 58.999967999999996 55.000125 1 1 1
98 4 188.00029800000002 174.0 60.999587999999996 28.000125 1 1 1
98 34 575.999856 169.999875 59.999778 57.0 1 1 1
99 4 176.999904 174.0 64.00026 28.000125 1 1 1
99 34 573.0004260000001 169.999875 61.999398 55.999874999999996 1 1 1
100 4 165.99951 175.000125 65.99988 28.000125 1 1 1
100 34 575.000046 169.999875 59.999778 57.0 1 1 1
101 4 156.000168 175.999875 66.99969 28.999875 1 1 1
101 34 574.000236 172.000125 59.999778 55.999874999999996 1 1 1
102 4 145.999584 177.0 69.000552 30.0 1 1 1
102 34 573.0004260000001 172.000125 58.999967999999996 58.000125 1 1 1
103 4 133.99938 178.000125 71.000172 31.000125 1 1 1
103 34 572.000616 172.999875 59.999778 58.000125 1 1 1
104 4 122.000418 178.000125 73.999602 33.0 1 1 1
104 34 570.999564 174.0 60.999587999999996 58.000125 1 1 1
105 4 109.000404 178.000125 77.00027399999999 33.0 1 1 1
105 34 570.999564 172.999875 59.999778 58.000125 1 1 1
106 4 95.00058 177.0 80.99951399999999 34.000125 1 1 1
106 34 568.999944 172.000125 61.999398 58.999875 1 1 1
107 4 82.00056599999999 175.999875 83.000376 34.999875 1 1 1
107 34 567.000324 172.000125 64.00026 58.999875 1 1 1
108 4 67.9995 175.999875 85.99980599999999 36.0 1 1 1
108 34 567.000324 172.000125 61.999398 58.999875 1 1 1
109 4 51.000246000000004 177.0 91.000098 37.000125000000004 1 1 1
109 34 563.999652 172.999875 63.00045 58.999875 1 1 1
110 4 31.00032 175.999875 97.0002 37.999875 1 1 1
110 34 562.9998420000001 174.0 63.00045 58.000125 1 1 1
111 4 17.000496000000002 175.999875 98.99982 39.0 1 1 1
111 34 562.000032 172.999875 63.00045 60.0 1 1 1
112 4 0.0 175.999875 102.00049200000001 40.000125 1 1 1
112 34 559.000602 172.000125 65.00007 60.0 1 1 1
113 4 0.0 175.999875 89.000478 42.0 1 1 1
113 34 556.99974 172.999875 65.00007 60.0 1 1 1
114 4 0.0 175.999875 71.999982 42.0 1 1 1
114 34 555.0001199999999 174.0 64.00026 58.999875 1 1 1
115 4 0.0 177.0 58.999967999999996 39.0 1 1 1
115 34 553.0005 174.0 65.00007 58.999875 1 1 1
116 4 0.0 178.000125 43.000524 39.0 1 1 1
116 34 551.999448 174.0 65.00007 58.999875 1 1 1
117 34 549.999828 174.0 65.99988 58.999875 1 1 1
118 34 549.000018 172.999875 65.99988 61.000125000000004 1 1 1
119 34 548.000208 174.0 65.99988 58.999875 1 1 1
120 34 548.000208 172.999875 65.99988 60.0 1 1 1
121 34 548.000208 172.999875 65.99988 60.0 1 1 1
122 34 549.000018 172.999875 65.99988 60.0 1 1 1
123 34 550.999638 172.999875 65.00007 58.999875 1 1 1
124 34 551.999448 172.999875 65.99988 60.0 1 1 1
125 34 553.0005 172.999875 65.99988 60.0 1 1 1
126 34 553.0005 174.0 66.99969 60.0 1 1 1
127 34 554.00031 175.000125 66.99969 60.0 1 1 1
128 34 553.0005 175.000125 66.99969 60.0 1 1 1
129 34 554.00031 175.999875 66.99969 60.0 1 1 1
130 34 554.00031 175.999875 66.99969 60.0 1 1 1
131 34 554.00031 175.999875 66.99969 60.0 1 1 1
132 34 554.00031 175.999875 66.99969 60.0 1 1 1
133 34 553.0005 175.999875 67.9995 60.0 1 1 1
134 34 553.0005 175.999875 66.99969 60.0 1 1 1
135 34 553.0005 175.999875 66.99969 61.000125000000004 1 1 1
136 34 553.0005 177.0 65.99988 58.999875 1 1 1
137 34 551.999448 175.999875 65.99988 60.0 1 1 1
138 34 550.999638 175.999875 66.99969 60.0 1 1 1
139 34 549.000018 175.999875 69.000552 58.999875 1 1 1
140 34 549.999828 177.0 66.99969 58.999875 1 1 1
141 34 549.000018 177.0 66.99969 60.0 1 1 1
142 34 548.000208 177.0 66.99969 58.999875 1 1 1
143 34 548.000208 177.0 65.99988 58.999875 1 1 1
144 34 546.000588 175.999875 67.9995 60.0 1 1 1
145 34 546.000588 175.999875 66.99969 58.999875 1 1 1
146 34 546.000588 175.999875 66.99969 58.999875 1 1 1
147 34 544.9995359999999 175.999875 66.99969 58.999875 1 1 1
148 34 543.999726 175.999875 67.9995 58.999875 1 1 1
149 34 542.999916 177.0 67.9995 58.000125 1 1 1
150 34 543.999726 175.999875 65.99988 58.999875 1 1 1
151 34 544.9995359999999 175.999875 65.00007 58.000125 1 1 1
152 34 544.9995359999999 177.0 65.00007 58.000125 1 1 1
153 34 544.9995359999999 177.0 65.99988 57.0 1 1 1
154 34 547.000398 177.0 64.00026 58.000125 1 1 1
155 34 548.000208 177.0 64.00026 58.000125 1 1 1
156 34 549.000018 178.000125 64.00026 57.0 1 1 1
157 34 549.999828 178.000125 63.00045 55.999874999999996 1 1 1
158 34 550.999638 177.0 63.00045 55.999874999999996 1 1 1
159 34 551.999448 178.000125 61.999398 55.000125 1 1 1
160 34 553.0005 178.000125 60.999587999999996 55.000125 1 1 1
161 34 554.00031 178.000125 60.999587999999996 55.000125 1 1 1
162 34 554.00031 178.999875 59.999778 53.99999999999999 1 1 1
163 34 555.0001199999999 178.999875 58.999967999999996 52.999874999999996 1 1 1
164 34 555.99993 180.0 58.999967999999996 52.999874999999996 1 1 1
165 34 556.99974 180.0 58.000158 52.999874999999996 1 1 1
166 34 557.99955 181.000125 56.000538 51.00000000000001 1 1 1
167 34 559.000602 180.0 57.000347999999995 52.000125000000004 1 1 1
168 34 559.000602 181.000125 57.000347999999995 51.00000000000001 1 1 1
169 34 560.000412 181.000125 56.000538 51.00000000000001 1 1 1
170 34 560.000412 181.000125 57.000347999999995 51.00000000000001 1 1 1
171 34 561.000222 180.0 57.000347999999995 51.00000000000001 1 1 1
172 34 562.000032 180.0 57.000347999999995 49.999875 1 1 1
173 34 562.9998420000001 178.999875 56.000538 49.999875 1 1 1
174 34 563.999652 180.0 57.000347999999995 49.000125000000004 1 1 1
175 34 564.999462 180.0 56.000538 49.000125000000004 1 1 1
176 34 568.000134 180.0 53.999676 48.0 1 1 1
177 34 568.999944 180.0 52.999866000000004 49.000125000000004 1 1 1
178 34 568.999944 181.000125 53.999676 48.0 1 1 1
179 34 569.9997539999999 180.0 53.999676 48.0 1 1 1
180 34 570.999564 178.000125 52.999866000000004 48.0 1 1 1
181 34 570.999564 177.0 53.999676 48.0 1 1 1
182 34 572.000616 177.0 52.999866000000004 48.0 1 1 1
183 34 572.000616 178.000125 53.999676 48.0 1 1 1
184 34 574.000236 178.000125 52.000056 46.999875 1 1 1
185 34 575.000046 177.0 52.000056 46.999875 1 1 1
186 34 575.000046 177.0 52.999866000000004 46.999875 1 1 1
187 34 576.999666 178.000125 52.000056 46.000125 1 1 1
188 34 577.9994760000001 178.000125 51.000246000000004 46.000125 1 1 1
189 34 577.9994760000001 178.000125 52.000056 46.000125 1 1 1
190 34 580.0003379999999 178.999875 51.000246000000004 46.000125 1 1 1
191 34 581.000148 180.0 50.000436 45.0 1 1 1
192 34 581.999958 180.0 50.000436 45.0 1 1 1
193 34 583.9995779999999 180.0 47.999574 43.999875 1 1 1
194 34 583.9995779999999 180.0 48.999384 43.999875 1 1 1
195 34 584.999388 180.0 47.999574 45.0 1 1 1
196 34 586.00044 180.0 47.999574 43.999875 1 1 1
197 34 587.00025 178.999875 46.999764 43.999875 1 1 1
198 34 587.00025 178.999875 46.999764 43.999875 1 1 1
199 34 587.00025 180.0 46.999764 43.000125000000004 1 1 1
200 34 587.00025 180.0 46.999764 43.000125000000004 1 1 1
201 34 588.0000600000001 180.0 45.999954 43.000125000000004 1 1 1
202 34 588.0000600000001 178.000125 45.999954 43.000125000000004 1 1 1
203 34 588.0000600000001 177.0 45.999954 43.000125000000004 1 1 1
204 34 588.0000600000001 177.0 45.999954 42.0 1 1 1
205 34 588.0000600000001 177.0 45.999954 42.0 1 1 1
206 34 588.0000600000001 175.999875 45.999954 42.0 1 1 1
207 34 588.0000600000001 174.0 45.999954 42.0 1 1 1
208 34 588.0000600000001 175.000125 45.999954 42.0 1 1 1
209 34 588.99987 178.000125 45.000144 40.999875 1 1 1
210 34 588.99987 180.0 45.000144 40.999875 1 1 1
211 34 588.99987 180.0 44.000334 40.000125 1 1 1
212 34 588.0000600000001 178.000125 45.000144 40.999875 1 1 1
213 34 588.99987 177.0 44.000334 40.999875 1 1 1
214 34 588.0000600000001 177.0 45.000144 40.999875 1 1 1
215 34 588.99987 177.0 43.000524 40.999875 1 1 1
216 34 588.99987 178.000125 43.000524 40.000125 1 1 1
217 34 588.99987 178.000125 43.000524 40.000125 1 1 1
218 34 588.0000600000001 178.999875 45.000144 40.000125 1 1 1
219 34 588.99987 181.000125 44.000334 39.0 1 1 1
220 34 588.99987 183.0 44.000334 39.0 1 1 1
221 34 588.99987 181.000125 44.000334 40.999875 1 1 1
222 34 589.99968 181.000125 43.000524 40.000125 1 1 1
223 34 589.99968 180.0 43.000524 39.0 1 1 1
224 34 589.99968 180.0 43.000524 39.0 1 1 1
225 34 589.99968 178.999875 43.000524 39.0 1 1 1
226 34 590.99949 178.999875 43.000524 37.999875 1 1 1
227 34 590.99949 178.000125 43.000524 39.0 1 1 1
228 34 589.99968 178.999875 41.999472 37.999875 1 1 1
229 34 588.99987 178.999875 43.000524 37.999875 1 1 1
230 34 588.99987 178.000125 41.999472 37.999875 1 1 1
231 34 588.99987 178.000125 40.999662 39.0 1 1 1
232 34 587.00025 180.0 41.999472 37.999875 1 1 1
233 34 586.00044 180.0 41.999472 37.999875 1 1 1
234 34 586.00044 178.000125 41.999472 37.999875 1 1 1
235 34 584.999388 177.0 41.999472 37.999875 1 1 1
236 34 584.999388 178.000125 39.999852 37.000125000000004 1 1 1
237 34 583.9995779999999 178.000125 40.999662 37.999875 1 1 1
238 34 583.9995779999999 178.000125 39.999852 37.000125000000004 1 1 1
239 34 583.9995779999999 178.000125 39.999852 37.000125000000004 1 1 1
240 34 583.9995779999999 178.000125 39.999852 37.000125000000004 1 1 1
241 34 583.9995779999999 178.000125 39.000042 37.000125000000004 1 1 1
242 34 583.9995779999999 178.000125 39.000042 37.000125000000004 1 1 1
243 34 583.9995779999999 178.000125 39.000042 37.000125000000004 1 1 1
244 34 583.9995779999999 178.000125 39.000042 37.000125000000004 1 1 1
245 34 582.999768 178.999875 39.999852 36.0 1 1 1
246 34 583.9995779999999 178.000125 39.000042 36.0 1 1 1
247 34 582.999768 178.000125 39.999852 36.0 1 1 1
248 34 582.999768 180.0 39.999852 36.0 1 1 1
249 34 582.999768 181.000125 39.000042 36.0 1 1 1
250 34 582.999768 180.0 39.000042 36.0 1 1 1
251 34 583.9995779999999 180.0 38.000232000000004 36.0 1 1 1
252 34 582.999768 178.999875 39.000042 36.0 1 1 1
253 34 583.9995779999999 178.999875 38.000232000000004 36.0 1 1 1
254 34 583.9995779999999 178.999875 38.000232000000004 36.0 1 1 1
255 34 583.9995779999999 178.999875 38.000232000000004 36.0 1 1 1
256 34 583.9995779999999 180.0 38.000232000000004 36.0 1 1 1
257 34 583.9995779999999 178.999875 38.000232000000004 36.0 1 1 1
258 34 584.999388 175.000125 38.000232000000004 36.0 1 1 1
259 34 584.999388 174.0 39.000042 34.999875 1 1 1
260 34 584.999388 177.0 39.000042 34.999875 1 1 1
261 34 584.999388 178.000125 39.999852 36.0 1 1 1
262 34 586.00044 177.0 39.000042 36.0 1 1 1
263 34 586.00044 175.000125 38.000232000000004 36.0 1 1 1
264 34 584.999388 174.0 39.000042 36.0 1 1 1
265 34 583.9995779999999 175.000125 39.000042 34.999875 1 1 1
266 34 583.9995779999999 175.000125 39.000042 36.0 1 1 1
267 34 582.999768 175.000125 39.999852 37.000125000000004 1 1 1
268 34 582.999768 175.000125 39.999852 37.000125000000004 1 1 1
269 34 583.9995779999999 175.000125 39.000042 37.000125000000004 1 1 1
270 34 584.999388 175.000125 38.000232000000004 36.0 1 1 1
271 34 584.999388 175.000125 39.000042 37.000125000000004 1 1 1
272 34 584.999388 175.000125 39.000042 36.0 1 1 1
273 34 584.999388 175.999875 40.999662 36.0 1 1 1
274 34 584.999388 175.000125 40.999662 37.000125000000004 1 1 1
275 34 587.00025 175.999875 39.000042 36.0 1 1 1
276 34 587.00025 175.999875 39.999852 36.0 1 1 1
277 34 586.00044 175.999875 40.999662 36.0 1 1 1
278 34 586.00044 175.999875 40.999662 36.0 1 1 1
279 34 586.00044 175.999875 41.999472 36.0 1 1 1
280 34 587.00025 175.999875 39.999852 36.0 1 1 1
281 34 588.0000600000001 175.999875 39.999852 37.000125000000004 1 1 1
282 34 588.0000600000001 175.999875 40.999662 37.000125000000004 1 1 1
283 34 588.0000600000001 175.999875 40.999662 37.000125000000004 1 1 1
284 34 588.0000600000001 175.999875 41.999472 37.000125000000004 1 1 1
285 34 588.0000600000001 177.0 41.999472 36.0 1 1 1
286 34 588.0000600000001 175.999875 41.999472 37.000125000000004 1 1 1
287 34 588.99987 175.999875 40.999662 37.000125000000004 1 1 1
288 34 588.99987 175.000125 41.999472 37.999875 1 1 1
289 34 589.99968 175.000125 40.999662 37.000125000000004 1 1 1
290 34 589.99968 175.000125 40.999662 37.000125000000004 1 1 1
291 34 588.99987 174.0 43.000524 37.999875 1 1 1
292 34 588.99987 174.0 43.000524 37.999875 1 1 1
293 34 589.99968 175.000125 41.999472 37.999875 1 1 1
294 34 590.99949 175.999875 41.999472 37.999875 1 1 1
295 34 589.99968 175.999875 43.000524 39.0 1 1 1
296 34 588.99987 175.000125 44.000334 39.0 1 1 1
