0 11 254.999988 175.000125 50.000436 26.999999999999996 1 1 1
0 12 322.99948800000004 175.000125 34.99956 21.0 1 1 1
0 34 570.999564 175.000125 39.000042 34.999875 1 1 1
1 11 241.00016399999998 172.999875 52.999866000000004 28.999875 1 1 1
1 12 313.999956 175.000125 37.000422 21.0 1 1 1
1 34 572.000616 174.0 38.000232000000004 34.999875 1 1 1
2 11 226.00053 172.999875 58.000158 28.999875 1 1 1
2 12 305.000424 174.0 39.000042 21.0 1 1 1
2 34 572.000616 174.0 39.000042 34.999875 1 1 1
3 11 209.99984400000002 172.000125 60.999587999999996 30.0 1 1 1
3 12 294.99984 172.999875 39.999852 22.000125 1 1 1
3 34 572.000616 172.999875 39.000042 36.0 1 1 1
4 11 191.999538 169.999875 64.00026 31.999875000000003 1 1 1
4 12 285.000498 172.000125 41.999472 22.999875 1 1 1
4 34 572.000616 172.000125 39.000042 36.0 1 1 1
5 11 171.99961199999998 169.000125 69.000552 34.000125 1 1 1
5 12 273.000294 171.0 44.000334 24.0 1 1 1
5 34 573.0004260000001 172.000125 38.000232000000004 36.0 1 1 1
6 11 150.000066 168.0 74.999412 36.0 1 1 1
6 12 260.00028 171.0 45.999954 25.000125 1 1 1
6 34 573.0004260000001 172.000125 39.000042 37.000125000000004 1 1 1
7 11 125.999658 169.000125 80.99951399999999 37.000125000000004 1 1 1
7 12 247.00026599999998 172.000125 48.999384 25.000125 1 1 1
7 34 572.000616 172.999875 40.999662 36.0 1 1 1
8 11 98.99982 169.999875 87.999426 40.000125 1 1 1
8 12 231.99938999999998 172.999875 53.999676 26.999999999999996 1 1 1
8 34 572.000616 174.0 40.999662 37.000125000000004 1 1 1
9 11 67.9995 169.999875 97.0002 42.0 1 1 1
9 12 217.99956600000002 174.0 54.999486000000005 28.000125 1 1 1
9 34 573.0004260000001 175.999875 40.999662 36.0 1 1 1
10 11 33.99975 171.0 105.99973200000001 46.000125 1 1 1
10 12 200.000502 175.999875 59.999778 28.999875 1 1 1
10 34 574.000236 177.0 39.999852 36.0 1 1 1
11 11 0.0 169.999875 111.99983399999999 49.999875 1 1 1
11 12 181.000386 175.999875 64.00026 30.0 1 1 1
11 34 574.000236 177.0 40.999662 37.000125000000004 1 1 1
12 11 0.0 172.999875 80.99951399999999 51.00000000000001 1 1 1
12 12 159.999408 177.0 69.000552 31.000125 1 1 1
12 34 574.000236 177.0 40.999662 37.000125000000004 1 1 1
13 11 0.0 175.999875 45.000144 45.0 1 1 1
13 12 136.00024200000001 175.999875 74.999412 34.000125 1 1 1
13 34 575.000046 177.0 40.999662 37.000125000000004 1 1 1
14 12 110.00021400000001 175.000125 82.00056599999999 36.0 1 1 1
14 34 575.000046 175.999875 39.999852 37.000125000000004 1 1 1
15 12 79.999704 174.0 89.000478 37.999875 1 1 1
15 34 574.000236 175.000125 41.999472 37.999875 1 1 1
16 12 45.999954 174.0 98.00001 39.0 1 1 1
16 34 574.000236 175.000125 41.999472 37.000125000000004 1 1 1
17 12 7.999721999999999 172.999875 108.000594 42.0 1 1 1
17 34 574.000236 174.0 41.999472 37.999875 1 1 1
18 12 0.0 174.0 84.000186 46.000125 1 1 1
18 34 573.0004260000001 174.0 41.999472 37.999875 1 1 1
19 12 0.0 177.0 46.999764 40.999875 1 1 1
19 34 573.0004260000001 174.0 43.000524 37.999875 1 1 1
20 34 572.000616 175.000125 43.000524 39.0 1 1 1
21 34 573.0004260000001 175.000125 43.000524 39.0 1 1 1
22 34 572.000616 174.0 43.000524 39.0 1 1 1
23 34 572.000616 172.000125 44.000334 40.000125 1 1 1
24 34 570.999564 172.000125 45.000144 40.000125 1 1 1
25 34 570.999564 172.000125 45.000144 40.000125 1 1 1
26 34 570.999564 172.000125 45.000144 40.999875 1 1 1
27 34 568.000134 172.000125 48.999384 40.999875 1 1 1
28 14 359.99990999999994 174.0 30.00051 15.0 1 1 1
28 34 568.000134 172.000125 47.999574 42.0 1 1 1
29 14 354.999618 172.999875 30.00051 15.0 1 1 1
29 34 569.9997539999999 171.0 45.999954 42.0 1 1 1
30 14 348.999516 172.000125 31.00032 16.000124999999997 1 1 1
30 34 569.9997539999999 171.0 45.999954 40.999875 1 1 1
31 14 344.000466 172.000125 31.00032 15.0 1 1 1
31 34 569.9997539999999 169.000125 46.999764 42.0 1 1 1
32 14 337.00055399999997 171.0 32.00013 16.999875 1 1 1
32 34 569.9997539999999 169.000125 45.999954 43.000125000000004 1 1 1
33 14 331.00045200000005 172.999875 32.99994 16.000124999999997 1 1 1
33 34 569.9997539999999 171.0 45.999954 43.000125000000004 1 1 1
34 14 325.00034999999997 172.999875 33.99975 18.0 1 1 1
34 34 569.9997539999999 171.0 45.999954 43.000125000000004 1 1 1
35 14 318.00043800000003 174.0 34.99956 18.0 1 1 1
35 34 568.999944 172.000125 47.999574 43.000125000000004 1 1 1
36 14 312.000336 174.0 36.000612000000004 18.0 1 1 1
36 34 568.999944 171.0 47.999574 43.999875 1 1 1
37 14 304.00061400000004 172.000125 38.000232000000004 19.000124999999997 1 1 1
37 34 569.9997539999999 169.999875 46.999764 43.999875 1 1 1
38 14 295.99965000000003 172.999875 39.999852 19.000124999999997 1 1 1
38 34 569.9997539999999 169.999875 46.999764 43.999875 1 1 1
39 14 289.999548 172.999875 39.999852 19.999875 1 1 1
39 34 569.9997539999999 171.0 47.999574 43.999875 1 1 1
40 14 280.000206 172.999875 43.000524 19.999875 1 1 1
40 34 570.999564 171.0 47.999574 45.0 1 1 1
41 14 273.000294 175.000125 44.000334 19.999875 1 1 1
41 34 570.999564 172.000125 46.999764 45.0 1 1 1
42 14 263.99952 175.999875 46.999764 19.999875 1 1 1
42 34 570.999564 172.000125 47.999574 46.000125 1 1 1
43 14 255.999798 177.0 45.999954 19.999875 1 1 1
43 34 570.999564 172.000125 47.999574 46.000125 1 1 1
44 14 242.99978399999998 177.0 51.000246000000004 19.999875 1 1 1
44 34 570.999564 172.000125 48.999384 46.000125 1 1 1
45 14 236.99968199999998 178.000125 50.000436 21.0 1 1 1
45 34 572.000616 172.999875 47.999574 46.000125 1 1 1
46 14 222.000048 178.999875 56.000538 22.000125 1 1 1
46 34 572.000616 174.0 50.000436 46.000125 1 1 1
47 14 210.99965400000002 181.000125 58.000158 22.000125 1 1 1
47 34 572.000616 175.000125 50.000436 46.000125 1 1 1
48 14 197.99964 181.000125 60.999587999999996 22.999875 1 1 1
48 34 572.000616 175.000125 51.000246000000004 46.999875 1 1 1
49 14 183.999816 181.000125 65.00007 22.999875 1 1 1
49 34 572.000616 172.999875 51.000246000000004 48.0 1 1 1
50 14 169.000182 180.0 67.9995 24.0 1 1 1
50 34 573.0004260000001 172.999875 52.000056 48.0 1 1 1
51 14 152.999496 181.000125 71.999982 25.000125 1 1 1
51 34 573.0004260000001 172.999875 52.999866000000004 48.0 1 1 1
52 14 135.000432 181.000125 72.999792 25.999875000000003 1 1 1
52 34 574.000236 172.999875 52.000056 49.000125000000004 1 1 1
53 14 117.000126 180.0 77.00027399999999 28.000125 1 1 1
53 34 574.000236 172.999875 52.000056 49.000125000000004 1 1 1
54 14 98.00001 180.0 86.999616 30.0 1 1 1
54 34 574.000236 172.999875 53.999676 49.999875 1 1 1
55 14 74.999412 181.000125 92.999718 30.0 1 1 1
55 5 385.00012799999996 172.999875 20.999736 15.0 1 1 1
55 34 575.000046 172.999875 54.999486000000005 49.999875 1 1 1
56 14 54.999486000000005 180.0 98.00001 34.000125 1 1 1
56 5 381.999456 172.000125 21.999546 15.0 1 1 1
56 34 575.000046 172.000125 53.999676 49.999875 1 1 1
57 14 40.999662 181.000125 95.00058 34.000125 1 1 1
57 5 379.000026 172.000125 20.999736 15.0 1 1 1
57 34 575.000046 172.000125 53.999676 49.999875 1 1 1
58 14 1.9996200000000002 181.000125 115.00050599999999 37.000125000000004 1 1 1
58 5 376.00059600000003 172.999875 20.999736 15.0 1 1 1
58 34 575.999856 172.000125 53.999676 51.00000000000001 1 1 1
59 14 0.0 180.0 98.00001 39.0 1 1 1
59 5 372.000114 172.000125 23.000598 16.000124999999997 1 1 1
59 34 575.999856 172.000125 54.999486000000005 49.999875 1 1 1
60 14 0.0 183.0 77.00027399999999 39.0 1 1 1
60 5 367.999632 171.0 24.000408 16.000124999999997 1 1 1
60 34 576.999666 169.999875 53.999676 52.000125000000004 1 1 1
61 14 0.0 186.0 52.000056 31.999875000000003 1 1 1
61 5 365.000202 171.0 24.000408 16.000124999999997 1 1 1
61 34 577.9994760000001 169.999875 53.999676 52.000125000000004 1 1 1
62 14 0.0 196.99987500000003 26.000028 22.999875 1 1 1
62 5 359.99990999999994 169.999875 26.000028 16.999875 1 1 1
62 34 576.999666 169.999875 56.000538 52.000125000000004 1 1 1
63 5 357.00048 169.999875 26.000028 16.999875 1 1 1
63 34 577.9994760000001 169.999875 56.000538 52.000125000000004 1 1 1
64 5 352.999998 171.0 27.999648 18.0 1 1 1
64 34 577.9994760000001 171.0 56.000538 52.999874999999996 1 1 1
65 5 348.999516 172.000125 28.999458 18.0 1 1 1
65 34 579.000528 172.000125 56.000538 52.999874999999996 1 1 1
66 5 345.00027600000004 172.000125 28.999458 18.0 1 1 1
66 34 579.000528 172.000125 56.000538 52.999874999999996 1 1 1
67 5 340.999794 172.000125 27.999648 18.0 1 1 1
67 34 579.000528 172.000125 56.000538 52.999874999999996 1 1 1
68 5 337.00055399999997 171.0 26.999838 18.0 1 1 1
68 4 366.000012 174.0 19.999926 13.999875 1 1 1
68 34 580.0003379999999 172.000125 56.000538 52.999874999999996 1 1 1
69 5 333.00007200000005 171.0 26.999838 19.999875 1 1 1
69 4 357.00048 172.999875 27.999648 15.0 1 1 1
69 34 580.0003379999999 172.000125 56.000538 52.999874999999996 1 1 1
70 5 327.99978 171.0 26.999838 19.999875 1 1 1
70 4 358.00028999999995 174.0 25.000218 15.0 1 1 1
70 34 581.000148 172.000125 56.000538 52.999874999999996 1 1 1
71 5 322.99948800000004 171.0 33.99975 19.000124999999997 1 1 1
71 4 352.000188 172.999875 28.999458 16.000124999999997 1 1 1
71 34 581.000148 172.000125 57.000347999999995 52.999874999999996 1 1 1
72 5 318.00043800000003 171.0 33.99975 21.0 1 1 1
72 4 347.999706 172.999875 28.999458 16.000124999999997 1 1 1
72 34 581.999958 172.000125 56.000538 52.999874999999996 1 1 1
73 5 316.99938599999996 171.0 31.00032 19.999875 1 1 1
73 4 346.000086 172.999875 28.999458 16.999875 1 1 1
73 34 579.000528 172.000125 58.999967999999996 53.99999999999999 1 1 1
74 5 307.000044 171.0 36.000612000000004 19.999875 1 1 1
74 4 345.00027600000004 172.999875 26.999838 16.999875 1 1 1
74 34 579.000528 172.000125 58.999967999999996 53.99999999999999 1 1 1
75 5 300.99994200000003 169.999875 36.000612000000004 21.0 1 1 1
75 4 339.999984 172.999875 27.999648 16.999875 1 1 1
75 34 581.000148 172.000125 58.000158 53.99999999999999 1 1 1
76 5 296.99946 169.999875 34.99956 21.0 1 1 1
76 4 333.999882 172.999875 31.00032 18.0 1 1 1
76 34 582.999768 172.000125 56.000538 52.999874999999996 1 1 1
77 5 291.0006 171.0 40.999662 22.000125 1 1 1
77 4 329.9994 172.999875 32.00013 18.0 1 1 1
77 34 581.000148 172.000125 58.000158 52.999874999999996 1 1 1
78 5 285.000498 171.0 43.000524 22.999875 1 1 1
78 4 326.00016 172.999875 32.99994 19.000124999999997 1 1 1
78 34 582.999768 172.999875 57.000347999999995 52.999874999999996 1 1 1
79 5 279.000396 171.0 44.000334 24.0 1 1 1
79 4 320.99986800000005 172.999875 33.99975 19.999875 1 1 1
79 34 583.9995779999999 172.999875 54.999486000000005 53.99999999999999 1 1 1
80 5 272.00048400000003 172.000125 45.999954 24.0 1 1 1
80 4 316.99938599999996 174.0 33.99975 19.000124999999997 1 1 1
80 34 583.9995779999999 172.999875 56.000538 53.99999999999999 1 1 1
81 5 263.99952 172.000125 48.999384 25.000125 1 1 1
81 4 309.999474 172.999875 37.000422 19.999875 1 1 1
81 34 583.9995779999999 172.999875 56.000538 52.999874999999996 1 1 1
82 5 257.999418 172.000125 48.999384 24.0 1 1 1
82 4 307.000044 172.999875 36.000612000000004 21.0 1 1 1
82 34 582.999768 172.999875 57.000347999999995 52.999874999999996 1 1 1
83 5 249.999696 171.0 52.000056 25.999875000000003 1 1 1
83 4 301.999752 172.999875 38.000232000000004 21.0 1 1 1
83 34 582.999768 172.999875 57.000347999999995 52.999874999999996 1 1 1
84 5 241.00016399999998 171.0 54.999486000000005 25.999875000000003 1 1 1
84 4 295.99965000000003 172.999875 37.000422 21.0 1 1 1
84 34 582.999768 172.999875 57.000347999999995 52.999874999999996 1 1 1
85 5 234.000252 171.0 56.000538 26.999999999999996 1 1 1
85 4 288.99973800000004 174.0 40.999662 19.999875 1 1 1
85 34 582.999768 172.999875 56.000538 52.999874999999996 1 1 1
86 5 230.99957999999998 169.999875 52.999866000000004 28.000125 1 1 1
86 4 283.99944600000003 174.0 40.999662 19.999875 1 1 1
86 34 582.999768 172.000125 56.000538 52.999874999999996 1 1 1
87 5 220.00042800000003 169.999875 51.000246000000004 28.999875 1 1 1
87 4 276.999534 172.000125 43.000524 22.999875 1 1 1
87 34 582.999768 171.0 56.000538 53.99999999999999 1 1 1
88 5 209.000034 169.000125 60.999587999999996 28.000125 1 1 1
88 4 270.999432 172.999875 44.000334 22.000125 1 1 1
88 34 582.999768 171.0 56.000538 53.99999999999999 1 1 1
89 5 197.99964 169.999875 65.99988 30.0 1 1 1
89 4 266.000382 172.999875 44.000334 22.999875 1 1 1
89 34 582.999768 171.0 56.000538 53.99999999999999 1 1 1
90 5 189.000108 169.999875 67.9995 31.000125 1 1 1
90 4 256.999608 172.000125 46.999764 24.0 1 1 1
90 34 582.999768 171.0 56.000538 53.99999999999999 1 1 1
91 5 177.999714 169.999875 71.999982 31.000125 1 1 1
91 4 252.00055799999998 172.000125 45.999954 24.0 1 1 1
91 34 581.999958 169.999875 57.000347999999995 55.000125 1 1 1
92 5 167.000562 169.999875 73.999602 31.999875000000003 1 1 1
92 4 243.999594 171.0 46.999764 25.000125 1 1 1
92 34 581.999958 169.999875 57.000347999999995 55.000125 1 1 1
93 5 154.00054799999998 171.0 78.999894 31.999875000000003 1 1 1
93 4 234.000252 172.000125 51.000246000000004 25.000125 1 1 1
93 34 581.000148 171.0 57.000347999999995 55.000125 1 1 1
94 5 146.999394 171.0 77.00027399999999 34.000125 1 1 1
94 4 224.99947799999998 172.999875 52.999866000000004 25.999875000000003 1 1 1
94 34 580.0003379999999 171.0 57.000347999999995 55.000125 1 1 1
95 5 130.99995 171.0 80.99951399999999 34.999875 1 1 1
95 4 215.99994600000002 172.999875 54.999486000000005 25.999875000000003 1 1 1
95 34 579.000528 171.0 58.000158 55.000125 1 1 1
96 5 115.00050599999999 171.0 86.999616 36.0 1 1 1
96 4 207.000414 172.999875 57.000347999999995 26.999999999999996 1 1 1
96 34 577.9994760000001 171.0 59.999778 55.999874999999996 1 1 1
97 5 99.99963000000001 171.0 91.000098 37.000125000000004 1 1 1
97 4 196.00002 172.999875 60.999587999999996 28.000125 1 1 1
97 34 576.999666 171.0 58.999967999999996 55.000125 1 1 1
98 5 85.99980599999999 172.000125 93.999528 37.999875 1 1 1
98 4 188.00029800000002 174.0 60.999587999999996 28.000125 1 1 1
98 34 575.999856 169.999875 59.999778 57.0 1 1 1
99 5 71.000172 172.000125 98.00001 39.0 1 1 1
99 4 176.999904 174.0 64.00026 28.000125 1 1 1
99 34 573.0004260000001 169.999875 61.999398 55.999874999999996 1 1 1
100 5 53.999676 172.999875 104.99992200000001 40.000125 1 1 1
100 4 165.99951 175.000125 65.99988 28.000125 1 1 1
100 34 575.000046 169.999875 59.999778 57.0 1 1 1
101 5 38.000232000000004 172.999875 108.000594 42.0 1 1 1
101 4 156.000168 175.999875 66.99969 28.999875 1 1 1
101 34 574.000236 172.000125 59.999778 55.999874999999996 1 1 1
102 5 19.999926 174.0 112.99964399999999 43.000125000000004 1 1 1
102 4 145.999584 177.0 69.000552 30.0 1 1 1
102 34 573.0004260000001 172.000125 58.999967999999996 58.000125 1 1 1
103 5 0.9998100000000001 175.999875 118.99974599999999 45.0 1 1 1
103 4 133.99938 178.000125 71.000172 31.000125 1 1 1
103 34 572.000616 172.999875 59.999778 58.000125 1 1 1
104 5 0.0 175.999875 104.99992200000001 46.999875 1 1 1
104 4 122.000418 178.000125 73.999602 33.0 1 1 1
104 34 570.999564 174.0 60.999587999999996 58.000125 1 1 1
105 5 0.0 175.999875 90.000288 48.0 1 1 1
105 4 109.000404 178.000125 77.00027399999999 33.0 1 1 1
105 34 570.999564 172.999875 59.999778 58.000125 1 1 1
106 5 0.0 175.000125 74.999412 49.000125000000004 1 1 1
106 4 95.00058 177.0 80.99951399999999 34.000125 1 1 1
106 34 568.999944 172.000125 61.999398 58.999875 1 1 1
107 5 0.0 175.000125 58.000158 43.999875 1 1 1
107 4 82.00056599999999 175.999875 83.000376 34.999875 1 1 1
107 34 567.000324 172.000125 64.00026 58.999875 1 1 1
108 5 0.0 178.999875 40.999662 40.999875 1 1 1
108 4 67.9995 175.999875 85.99980599999999 36.0 1 1 1
108 34 567.000324 172.000125 61.999398 58.999875 1 1 1
109 4 51.000246000000004 177.0 91.000098 37.000125000000004 1 1 1
109 34 563.999652 172.999875 63.00045 58.999875 1 1 1
110 4 31.00032 175.999875 97.0002 37.999875 1 1 1
110 34 562.9998420000001 174.0 63.00045 58.000125 1 1 1
111 4 17.000496000000002 175.999875 98.99982 39.0 1 1 1
111 34 562.000032 172.999875 63.00045 60.0 1 1 1
112 4 0.0 175.999875 102.00049200000001 40.000125 1 1 1
112 34 559.000602 172.000125 65.00007 60.0 1 1 1
113 4 0.0 175.999875 89.000478 42.0 1 1 1
113 34 556.99974 172.999875 65.00007 60.0 1 1 1
114 4 0.0 175.999875 71.999982 42.0 1 1 1
114 34 555.0001199999999 174.0 64.00026 58.999875 1 1 1
115 4 0.0 177.0 58.999967999999996 39.0 1 1 1
115 34 553.0005 174.0 65.00007 58.999875 1 1 1
116 4 0.0 178.000125 43.000524 39.0 1 1 1
116 34 551.999448 174.0 65.00007 58.999875 1 1 1
117 34 549.999828 174.0 65.99988 58.999875 1 1 1
118 34 549.000018 172.999875 65.99988 61.000125000000004 1 1 1
119 34 548.000208 174.0 65.99988 58.999875 1 1 1
120 34 548.000208 172.999875 65.99988 60.0 1 1 1
121 34 548.000208 172.999875 65.99988 60.0 1 1 1
122 34 549.000018 172.999875 65.99988 60.0 1 1 1
123 34 550.999638 172.999875 65.00007 58.999875 1 1 1
124 34 551.999448 172.999875 65.99988 60.0 1 1 1
125 34 553.0005 172.999875 65.99988 60.0 1 1 1
126 34 553.0005 174.0 66.99969 60.0 1 1 1
127 34 554.00031 175.000125 66.99969 60.0 1 1 1
128 34 553.0005 175.000125 66.99969 60.0 1 1 1
129 34 554.00031 175.999875 66.99969 60.0 1 1 1
130 34 554.00031 175.999875 66.99969 60.0 1 1 1
131 34 554.00031 175.999875 66.99969 60.0 1 1 1
132 34 554.00031 175.999875 66.99969 60.0 1 1 1
133 34 553.0005 175.999875 67.9995 60.0 1 1 1
134 34 553.0005 175.999875 66.99969 60.0 1 1 1
135 34 553.0005 175.999875 66.99969 61.000125000000004 1 1 1
136 34 553.0005 177.0 65.99988 58.999875 1 1 1
137 34 551.999448 175.999875 65.99988 60.0 1 1 1
138 34 550.999638 175.999875 66.99969 60.0 1 1 1
139 34 549.000018 175.999875 69.000552 58.999875 1 1 1
140 34 549.999828 177.0 66.99969 58.999875 1 1 1
141 34 549.000018 177.0 66.99969 60.0 1 1 1
142 34 548.000208 177.0 66.99969 58.999875 1 1 1
143 34 548.000208 177.0 65.99988 58.999875 1 1 1
144 34 546.000588 175.999875 67.9995 60.0 1 1 1
145 34 546.000588 175.999875 66.99969 58.999875 1 1 1
146 34 546.000588 175.999875 66.99969 58.999875 1 1 1
147 34 544.9995359999999 175.999875 66.99969 58.999875 1 1 1
148 34 543.999726 175.999875 67.9995 58.999875 1 1 1
149 34 542.999916 177.0 67.9995 58.000125 1 1 1
150 34 543.999726 175.999875 65.99988 58.999875 1 1 1
151 34 544.9995359999999 175.999875 65.00007 58.000125 1 1 1
152 34 544.9995359999999 177.0 65.00007 58.000125 1 1 1
153 34 544.9995359999999 177.0 65.99988 57.0 1 1 1
154 34 547.000398 177.0 64.00026 58.000125 1 1 1
155 34 548.000208 177.0 64.00026 58.000125 1 1 1
156 34 549.000018 178.000125 64.00026 57.0 1 1 1
157 34 549.999828 178.000125 63.00045 55.999874999999996 1 1 1
158 34 550.999638 177.0 63.00045 55.999874999999996 1 1 1
159 34 551.999448 178.000125 61.999398 55.000125 1 1 1
160 34 553.0005 178.000125 60.999587999999996 55.000125 1 1 1
161 34 554.00031 178.000125 60.999587999999996 55.000125 1 1 1
162 34 554.00031 178.999875 59.999778 53.99999999999999 1 1 1
163 34 555.0001199999999 178.999875 58.999967999999996 52.999874999999996 1 1 1
164 34 555.99993 180.0 58.999967999999996 52.999874999999996 1 1 1
165 34 556.99974 180.0 58.000158 52.999874999999996 1 1 1
166 34 557.99955 181.000125 56.000538 51.00000000000001 1 1 1
167 34 559.000602 180.0 57.000347999999995 52.000125000000004 1 1 1
168 34 559.000602 181.000125 57.000347999999995 51.00000000000001 1 1 1
169 34 560.000412 181.000125 56.000538 51.00000000000001 1 1 1
170 34 560.000412 181.000125 57.000347999999995 51.00000000000001 1 1 1
171 34 561.000222 180.0 57.000347999999995 51.00000000000001 1 1 1
172 34 562.000032 180.0 57.000347999999995 49.999875 1 1 1
173 34 562.9998420000001 178.999875 56.000538 49.999875 1 1 1
174 34 563.999652 180.0 57.000347999999995 49.000125000000004 1 1 1
175 34 564.999462 180.0 56.000538 49.000125000000004 1 1 1
176 34 568.000134 180.0 53.999676 48.0 1 1 1
177 34 568.999944 180.0 52.999866000000004 49.000125000000004 1 1 1
178 34 568.999944 181.000125 53.999676 48.0 1 1 1
179 34 569.9997539999999 180.0 53.999676 48.0 1 1 1
180 34 570.999564 178.000125 52.999866000000004 48.0 1 1 1
181 34 570.999564 177.0 53.999676 48.0 1 1 1
182 34 572.000616 177.0 52.999866000000004 48.0 1 1 1
183 34 572.000616 178.000125 53.999676 48.0 1 1 1
184 34 574.000236 178.000125 52.000056 46.999875 1 1 1
185 34 575.000046 177.0 52.000056 46.999875 1 1 1
186 34 575.000046 177.0 52.999866000000004 46.999875 1 1 1
187 34 576.999666 178.000125 52.000056 46.000125 1 1 1
188 34 577.9994760000001 178.000125 51.000246000000004 46.000125 1 1 1
189 34 577.9994760000001 178.000125 52.000056 46.000125 1 1 1
190 34 580.0003379999999 178.999875 51.000246000000004 46.000125 1 1 1
191 34 581.000148 180.0 50.000436 45.0 1 1 1
192 34 581.999958 180.0 50.000436 45.0 1 1 1
193 34 583.9995779999999 180.0 47.999574 43.999875 1 1 1
194 34 583.9995779999999 180.0 48.999384 43.999875 1 1 1
195 34 584.999388 180.0 47.999574 45.0 1 1 1
196 34 586.00044 180.0 47.999574 43.999875 1 1 1
197 34 587.00025 178.999875 46.999764 43.999875 1 1 1
198 34 587.00025 178.999875 46.999764 43.999875 1 1 1
199 34 587.00025 180.0 46.999764 43.000125000000004 1 1 1
200 34 587.00025 180.0 46.999764 43.000125000000004 1 1 1
201 34 588.0000600000001 180.0 45.999954 43.000125000000004 1 1 1
202 34 588.0000600000001 178.000125 45.999954 43.000125000000004 1 1 1
203 34 588.0000600000001 177.0 45.999954 43.000125000000004 1 1 1
204 34 588.0000600000001 177.0 45.999954 42.0 1 1 1
205 34 588.0000600000001 177.0 45.999954 42.0 1 1 1
206 34 588.0000600000001 175.999875 45.999954 42.0 1 1 1
207 34 588.0000600000001 174.0 45.999954 42.0 1 1 1
208 34 588.0000600000001 175.000125 45.999954 42.0 1 1 1
209 34 588.99987 178.000125 45.000144 40.999875 1 1 1
210 34 588.99987 180.0 45.000144 40.999875 1 1 1
211 34 588.99987 180.0 44.000334 40.000125 1 1 1
212 34 588.0000600000001 178.000125 45.000144 40.999875 1 1 1
213 34 588.99987 177.0 44.000334 40.999875 1 1 1
214 34 588.0000600000001 177.0 45.000144 40.999875 1 1 1
215 34 588.99987 177.0 43.000524 40.999875 1 1 1
216 34 588.99987 178.000125 43.000524 40.000125 1 1 1
217 34 588.99987 178.000125 43.000524 40.000125 1 1 1
218 34 588.0000600000001 178.999875 45.000144 40.000125 1 1 1
219 34 588.99987 181.000125 44.000334 39.0 1 1 1
220 34 588.99987 183.0 44.000334 39.0 1 1 1
221 34 588.99987 181.000125 44.000334 40.999875 1 1 1
222 34 589.99968 181.000125 43.000524 40.000125 1 1 1
223 34 589.99968 180.0 43.000524 39.0 1 1 1
224 34 589.99968 180.0 43.000524 39.0 1 1 1
225 34 589.99968 178.999875 43.000524 39.0 1 1 1
226 34 590.99949 178.999875 43.000524 37.999875 1 1 1
227 34 590.99949 178.000125 43.000524 39.0 1 1 1
228 34 589.99968 178.999875 41.999472 37.999875 1 1 1
229 34 588.99987 178.999875 43.000524 37.999875 1 1 1
230 34 588.99987 178.000125 41.999472 37.999875 1 1 1
231 34 588.99987 178.000125 40.999662 39.0 1 1 1
232 34 587.00025 180.0 41.999472 37.999875 1 1 1
233 34 586.00044 180.0 41.999472 37.999875 1 1 1
234 34 586.00044 178.000125 41.999472 37.999875 1 1 1
235 34 584.999388 177.0 41.999472 37.999875 1 1 1
236 34 584.999388 178.000125 39.999852 37.000125000000004 1 1 1
237 34 583.9995779999999 178.000125 40.999662 37.999875 1 1 1
238 34 583.9995779999999 178.000125 39.999852 37.000125000000004 1 1 1
239 34 583.9995779999999 178.000125 39.999852 37.000125000000004 1 1 1
240 34 583.9995779999999 178.000125 39.999852 37.000125000000004 1 1 1
241 34 583.9995779999999 178.000125 39.000042 37.000125000000004 1 1 1
242 34 583.9995779999999 178.000125 39.000042 37.000125000000004 1 1 1
243 34 583.9995779999999 178.000125 39.000042 37.000125000000004 1 1 1
244 34 583.9995779999999 178.000125 39.000042 37.000125000000004 1 1 1
245 34 582.999768 178.999875 39.999852 36.0 1 1 1
246 34 583.9995779999999 178.000125 39.000042 36.0 1 1 1
247 34 582.999768 178.000125 39.999852 36.0 1 1 1
248 34 582.999768 180.0 39.999852 36.0 1 1 1
249 34 582.999768 181.000125 39.000042 36.0 1 1 1
250 34 582.999768 180.0 39.000042 36.0 1 1 1
251 34 583.9995779999999 180.0 38.000232000000004 36.0 1 1 1
252 34 582.999768 178.999875 39.000042 36.0 1 1 1
253 34 583.9995779999999 178.999875 38.000232000000004 36.0 1 1 1
254 34 583.9995779999999 178.999875 38.000232000000004 36.0 1 1 1
255 34 583.9995779999999 178.999875 38.000232000000004 36.0 1 1 1
256 34 583.9995779999999 180.0 38.000232000000004 36.0 1 1 1
257 38 295.99965000000003 184.999875 41.999472 24.0 1 1 1
257 27 379.000026 183.0 27.999648 16.000124999999997 1 1 1
257 34 583.9995779999999 178.999875 38.000232000000004 36.0 1 1 1
258 38 285.000498 181.999875 45.000144 24.0 1 1 1
258 27 373.999734 180.0 28.999458 16.000124999999997 1 1 1
258 34 584.999388 175.000125 38.000232000000004 36.0 1 1 1
259 38 274.000104 181.000125 46.999764 24.0 1 1 1
259 27 368.999442 178.000125 30.00051 16.999875 1 1 1
259 34 584.999388 174.0 39.000042 34.999875 1 1 1
260 38 261.9999 183.0 50.000436 25.000125 1 1 1
260 27 363.000582 181.000125 31.00032 16.999875 1 1 1
260 34 584.999388 177.0 39.000042 34.999875 1 1 1
261 38 248.999886 184.000125 52.000056 25.999875000000003 1 1 1
261 27 357.00048 181.999875 31.00032 16.999875 1 1 1
261 34 584.999388 178.000125 39.999852 36.0 1 1 1
262 38 235.99987199999998 181.000125 53.999676 28.000125 1 1 1
262 27 351.000378 178.999875 32.99994 18.0 1 1 1
262 34 586.00044 177.0 39.000042 36.0 1 1 1
263 38 221.00023800000002 180.0 58.000158 28.000125 1 1 1
263 27 344.000466 177.0 33.99975 19.000124999999997 1 1 1
263 34 586.00044 175.000125 38.000232000000004 36.0 1 1 1
264 38 203.999742 178.000125 60.999587999999996 28.999875 1 1 1
264 27 335.999502 175.999875 36.000612000000004 19.000124999999997 1 1 1
264 34 584.999388 174.0 39.000042 36.0 1 1 1
265 38 184.999626 178.999875 65.99988 30.0 1 1 1
265 27 326.99996999999996 177.0 37.000422 19.000124999999997 1 1 1
265 34 583.9995779999999 175.000125 39.000042 34.999875 1 1 1
266 38 164.9997 178.999875 70.000362 31.999875000000003 1 1 1
266 27 319.000248 178.000125 19.000116000000002 15.0 1 1 1
266 34 583.9995779999999 175.000125 39.000042 36.0 1 1 1
267 38 143.000154 180.0 76.00046400000001 34.000125 1 1 1
267 34 582.999768 175.000125 39.999852 37.000125000000004 1 1 1
268 27 300.000132 178.000125 41.999472 22.000125 1 1 1
268 34 582.999768 175.000125 39.999852 37.000125000000004 1 1 1
269 38 95.00058 181.000125 85.99980599999999 37.000125000000004 1 1 1
269 27 289.999548 178.000125 43.000524 22.999875 1 1 1
269 34 583.9995779999999 175.000125 39.000042 37.000125000000004 1 1 1
270 38 66.99969 181.999875 93.999528 39.0 1 1 1
270 27 281.000016 178.999875 45.000144 22.999875 1 1 1
270 34 584.999388 175.000125 38.000232000000004 36.0 1 1 1
271 38 34.99956 181.999875 103.000302 40.999875 1 1 1
271 27 269.999622 178.999875 47.999574 24.0 1 1 1
271 34 584.999388 175.000125 39.000042 37.000125000000004 1 1 1
272 38 1.9996200000000002 183.0 110.00021400000001 43.999875 1 1 1
272 27 259.00047 178.999875 48.999384 25.000125 1 1 1
272 34 584.999388 175.000125 39.000042 36.0 1 1 1
273 38 0.0 184.999875 84.000186 46.999875 1 1 1
273 27 246.00045599999999 178.999875 52.000056 25.999875000000003 1 1 1
273 34 584.999388 175.999875 40.999662 36.0 1 1 1
274 38 0.0 186.0 52.000056 43.000125000000004 1 1 1
274 27 230.99957999999998 178.000125 54.999486000000005 25.999875000000003 1 1 1
274 34 584.999388 175.000125 40.999662 37.000125000000004 1 1 1
275 27 217.99956600000002 178.999875 54.999486000000005 21.0 1 1 1
275 34 587.00025 175.999875 39.000042 36.0 1 1 1
276 27 201.000312 180.0 61.999398 28.000125 1 1 1
276 34 587.00025 175.999875 39.999852 36.0 1 1 1
277 27 183.000006 180.0 65.99988 30.0 1 1 1
277 34 586.00044 175.999875 40.999662 36.0 1 1 1
278 27 163.00008 180.0 71.000172 31.000125 1 1 1
278 34 586.00044 175.999875 40.999662 36.0 1 1 1
279 27 141.00053400000002 180.0 77.00027399999999 33.0 1 1 1
279 34 586.00044 175.999875 41.999472 36.0 1 1 1
280 27 117.000126 181.000125 83.000376 34.000125 1 1 1
280 34 587.00025 175.999875 39.999852 36.0 1 1 1
281 27 91.000098 181.999875 87.999426 36.0 1 1 1
281 34 588.0000600000001 175.999875 39.999852 37.000125000000004 1 1 1
282 34 588.0000600000001 175.999875 40.999662 37.000125000000004 1 1 1
283 34 588.0000600000001 175.999875 40.999662 37.000125000000004 1 1 1
284 27 0.0 183.0 104.99992200000001 43.000125000000004 1 1 1
284 34 588.0000600000001 175.999875 41.999472 37.000125000000004 1 1 1
285 27 0.0 184.999875 74.999412 46.000125 1 1 1
285 34 588.0000600000001 177.0 41.999472 36.0 1 1 1
286 27 0.0 187.999875 38.000232000000004 39.0 1 1 1
286 34 588.0000600000001 175.999875 41.999472 37.000125000000004 1 1 1
287 34 588.99987 175.999875 40.999662 37.000125000000004 1 1 1
288 34 588.99987 175.000125 41.999472 37.999875 1 1 1
289 34 589.99968 175.000125 40.999662 37.000125000000004 1 1 1
290 34 589.99968 175.000125 40.999662 37.000125000000004 1 1 1
291 34 588.99987 174.0 43.000524 37.999875 1 1 1
292 34 588.99987 174.0 43.000524 37.999875 1 1 1
293 34 589.99968 175.000125 41.999472 37.999875 1 1 1
294 34 590.99949 175.999875 41.999472 37.999875 1 1 1
295 34 589.99968 175.999875 43.000524 39.0 1 1 1
296 34 588.99987 175.000125 44.000334 39.0 1 1 1
