308 58 647.999838 174.0 36.000612000000004 24.0 1 1 1
309 58 654.9997500000001 174.0 37.000422 24.0 1 1 1
310 58 660.9998519999999 172.999875 39.000042 24.0 1 1 1
311 58 667.999764 172.000125 40.999662 24.0 1 1 1
312 58 674.999676 172.000125 44.000334 24.0 1 1 1
313 58 682.999398 172.000125 46.999764 25.000125 1 1 1
314 58 692.999982 172.000125 50.000436 25.000125 1 1 1
315 58 704.000376 171.0 52.999866000000004 25.000125 1 1 1
316 58 717.00039 169.999875 53.999676 25.000125 1 1 1
317 58 730.000404 169.000125 56.000538 25.999875000000003 1 1 1
318 58 744.000228 168.0 58.000158 25.999875000000003 1 1 1
319 58 758.000052 166.999875 60.999587999999996 26.999999999999996 1 1 1
320 58 777.9999779999999 166.000125 58.999967999999996 26.999999999999996 1 1 1
321 58 789.000372 166.999875 69.000552 26.999999999999996 1 1 1
322 58 810.0001080000001 166.999875 66.99969 28.000125 1 1 1
323 58 827.000604 166.999875 71.000172 28.000125 1 1 1
324 58 847.00053 166.999875 73.999602 28.000125 1 1 1
325 58 868.000266 166.000125 76.00046400000001 28.000125 1 1 1
326 58 889.9998119999999 163.999875 78.999894 28.000125 1 1 1
327 58 910.999548 162.0 84.000186 28.999875 1 1 1
328 58 934.0001460000001 160.000125 86.999616 30.0 1 1 1
329 58 959.000364 159.0 90.000288 30.0 1 1 1
330 58 982.9995299999999 159.0 92.999718 31.999875000000003 1 1 1
331 58 1008.999558 160.000125 97.0002 31.999875000000003 1 1 1
332 58 1035.9993960000002 162.0 103.000302 31.999875000000003 1 1 1
333 58 1061.999424 162.0 110.00021400000001 34.000125 1 1 1
334 58 1091.999934 163.000125 115.00050599999999 34.000125 1 1 1
335 58 1123.000254 163.000125 118.99974599999999 36.0 1 1 1
336 58 1155.000384 162.0 86.999616 39.0 1 1 1
337 58 1189.999944 163.000125 52.000056 37.999875 1 1 1
