25 117 935.999766 172.000125 20.999736 34.999875 1 1 1
26 117 934.999956 172.999875 25.000218 34.999875 1 1 1
27 117 939.000438 174.0 24.000408 34.999875 1 1 1
28 117 941.000058 174.0 26.000028 34.999875 1 1 1
29 117 943.9994879999999 175.000125 25.000218 36.0 1 1 1
30 117 947.00016 175.000125 25.000218 36.0 1 1 1
31 117 948.9997800000001 177.0 26.999838 36.0 1 1 1
32 117 952.000452 178.000125 26.999838 37.000125000000004 1 1 1
33 117 954.000072 178.999875 27.999648 37.000125000000004 1 1 1
34 117 958.0005540000001 178.999875 27.999648 37.999875 1 1 1
35 117 958.0005540000001 177.0 32.99994 40.999875 1 1 1
36 117 966.000276 180.0 27.999648 45.0 1 1 1
37 117 967.9998959999999 180.0 31.00032 51.00000000000001 1 1 1
38 117 971.000568 181.000125 32.00013 52.999874999999996 1 1 1
39 117 974.999808 181.000125 32.00013 53.99999999999999 1 1 1
40 117 975.999618 180.0 34.99956 55.999874999999996 1 1 1
41 117 984.0005819999999 180.0 33.99975 58.000125 1 1 1
42 117 989.9994419999999 181.000125 33.99975 57.0 1 1 1
43 117 993.999924 181.999875 37.000422 58.000125 1 1 1
44 117 1015.99947 181.000125 23.000598 60.0 1 1 1
45 117 1024.000434 178.999875 25.000218 63.00000000000001 1 1 1
46 117 1032.000156 177.0 26.000028 67.999875 1 1 1
47 117 1022.9993820000001 180.0 45.000144 66.0 1 1 1
48 117 1039.000068 190.000125 17.000496000000002 10.999875000000001 1 1 1
49 117 1048.9994100000001 178.000125 43.000524 72.0 1 1 1
50 117 1063.000476 175.000125 48.999384 79.000125 1 1 1
51 117 1078.99992 175.999875 52.000056 81.0 1 1 1
52 117 1098.999846 177.0 58.000158 85.999875 1 1 1
53 117 1123.000254 178.000125 61.999398 91.000125 1 1 1
54 117 1148.000472 175.999875 70.000362 97.99987499999999 1 1 1
55 117 1181.000412 172.999875 60.999587999999996 103.999875 1 1 1
56 117 1215.000162 193.000125 26.999838 21.0 1 1 1
