5 118 752.99976 168.0 15.999443999999999 46.999875 1 1 1
6 118 756.000432 168.0 17.000496000000002 48.0 1 1 1
7 118 758.9998619999999 166.999875 17.000496000000002 49.999875 1 1 1
8 118 762.000534 166.999875 17.000496000000002 52.000125000000004 1 1 1
9 118 765.999774 166.000125 17.000496000000002 52.000125000000004 1 1 1
10 118 770.0002559999999 163.999875 18.000306000000002 55.999874999999996 1 1 1
11 118 775.0005480000001 163.000125 19.999926 57.0 1 1 1
12 118 780.999408 162.0 20.999736 60.0 1 1 1
13 118 789.000372 162.0 20.999736 63.00000000000001 1 1 1
14 118 797.000094 166.999875 21.999546 63.00000000000001 1 1 1
15 118 805.999626 168.0 24.000408 67.000125 1 1 1
16 118 811.999728 169.000125 27.999648 70.999875 1 1 1
17 118 825.999552 169.000125 26.999838 73.999875 1 1 1
18 118 838.999566 168.0 27.999648 78.0 1 1 1
19 118 854.000442 166.000125 31.00032 82.000125 1 1 1
20 118 869.000076 160.999875 31.00032 88.99987499999999 1 1 1
21 118 883.99971 157.000125 32.99994 94.000125 1 1 1
22 118 902.999826 156.0 34.99956 100.999875 1 1 1
23 118 916.99965 159.0 45.999954 107.99999999999999 1 1 1
24 118 936.9995759999999 163.000125 53.999676 115.00012500000001 1 1 1
25 118 962.999604 163.999875 60.999587999999996 124.000125 1 1 1
26 118 989.9994419999999 160.999875 70.000362 136.000125 1 1 1
27 118 1035.9993960000002 153.0 67.9995 150.0 1 1 1
28 118 1095.0006059999998 147.0 67.9995 166.000125 1 1 1
29 118 1157.000004 148.000125 84.999996 187.999875 1 1 1
77 99 805.999626 157.000125 37.000422 100.999875 1 1 1
78 99 819.9994499999999 157.999875 39.000042 103.999875 1 1 1
79 99 849.0001500000001 159.0 26.000028 115.00012500000001 1 1 1
80 99 864.999594 160.000125 27.999648 123.0 1 1 1
81 99 886.0005719999999 159.0 32.00013 130.000125 1 1 1
82 99 884.99952 154.000125 58.000158 142.000125 1 1 1
83 99 939.000438 151.999875 33.99975 145.000125 1 1 1
84 99 967.000086 147.0 45.000144 166.999875 1 1 1
85 99 1005.000318 145.999875 54.999486000000005 187.000125 1 1 1
86 99 1063.000476 192.0 57.000347999999995 181.000125 1 1 1
87 99 1079.99973 180.0 104.000112 190.000125 1 1 1
234 117 737.000316 172.000125 14.999633999999999 42.0 1 1 1
234 114 758.9998619999999 172.000125 15.999443999999999 42.0 1 1 1
235 117 736.0005060000001 172.000125 14.999633999999999 43.999875 1 1 1
235 114 758.000052 174.0 14.999633999999999 42.0 1 1 1
236 117 736.0005060000001 172.999875 15.999443999999999 43.999875 1 1 1
236 114 754.9993800000001 172.999875 17.000496000000002 43.000125000000004 1 1 1
237 117 733.999644 172.000125 15.999443999999999 45.0 1 1 1
237 114 752.99976 171.0 18.000306000000002 43.999875 1 1 1
238 117 732.999834 171.0 14.999633999999999 46.000125 1 1 1
238 114 751.0001400000001 171.0 17.000496000000002 43.999875 1 1 1
239 117 730.000404 169.000125 15.999443999999999 48.0 1 1 1
239 114 749.00052 172.000125 15.999443999999999 43.999875 1 1 1
240 117 726.999732 166.999875 14.999633999999999 51.00000000000001 1 1 1
240 114 745.000038 169.000125 17.000496000000002 46.999875 1 1 1
241 117 724.0003019999999 168.0 17.000496000000002 49.999875 1 1 1
241 114 740.999556 169.999875 19.000116000000002 48.0 1 1 1
242 117 720.99963 166.999875 17.000496000000002 53.99999999999999 1 1 1
242 114 738.9999359999999 169.999875 19.000116000000002 49.000125000000004 1 1 1
243 117 719.00001 169.000125 15.999443999999999 52.000125000000004 1 1 1
243 114 736.0005060000001 169.000125 21.999546 51.00000000000001 1 1 1
244 117 716.0005799999999 169.999875 15.999443999999999 52.999874999999996 1 1 1
244 114 732.999834 169.999875 23.000598 52.000125000000004 1 1 1
245 117 712.999908 169.999875 15.999443999999999 55.000125 1 1 1
245 114 731.0002139999999 171.0 21.999546 52.000125000000004 1 1 1
246 117 711.000288 169.999875 15.999443999999999 55.999874999999996 1 1 1
246 114 726.999732 171.0 23.000598 53.99999999999999 1 1 1
247 117 707.999616 169.000125 18.000306000000002 58.000125 1 1 1
247 114 724.0003019999999 171.0 23.000598 55.999874999999996 1 1 1
248 117 707.999616 169.000125 17.000496000000002 58.999875 1 1 1
248 114 723.000492 169.999875 21.999546 58.000125 1 1 1
249 117 705.0001860000001 168.0 19.000116000000002 63.00000000000001 1 1 1
249 114 723.000492 169.000125 21.999546 61.000125000000004 1 1 1
250 117 704.000376 168.0 19.999926 64.99987499999999 1 1 1
250 114 721.9994399999999 169.999875 23.000598 61.999875 1 1 1
251 117 704.000376 169.999875 19.999926 66.0 1 1 1
251 114 721.9994399999999 169.000125 24.000408 66.0 1 1 1
252 117 706.999806 171.0 20.999736 69.0 1 1 1
252 114 725.0001120000001 169.999875 23.000598 67.999875 1 1 1
253 117 710.000478 171.0 19.999926 72.0 1 1 1
253 114 729.000594 172.000125 26.000028 70.999875 1 1 1
254 117 712.999908 172.000125 21.999546 73.999875 1 1 1
254 114 733.999644 172.000125 27.999648 73.000125 1 1 1
255 117 718.0002 171.0 23.000598 78.0 1 1 1
255 114 739.9997460000001 172.000125 28.999458 76.00012500000001 1 1 1
256 117 724.0003019999999 172.000125 24.000408 81.0 1 1 1
256 114 746.9996580000001 171.0 31.00032 79.999875 1 1 1
257 117 732.000024 172.000125 28.999458 85.000125 1 1 1
257 114 754.9993800000001 171.0 32.99994 84.0 1 1 1
258 117 738.9999359999999 171.0 28.999458 90.0 1 1 1
258 114 766.999584 172.000125 33.99975 87.0 1 1 1
259 117 751.0001400000001 168.0 31.00032 94.99987499999999 1 1 1
259 114 778.9997880000001 169.000125 37.000422 91.999875 1 1 1
260 117 764.0001540000001 165.0 32.99994 99.0 1 1 1
260 114 795.000474 165.0 38.000232000000004 97.99987499999999 1 1 1
261 117 778.9997880000001 160.999875 32.00013 105.00000000000001 1 1 1
261 114 811.999728 160.999875 38.000232000000004 103.000125 1 1 1
262 117 793.9994220000001 160.999875 41.999472 111.0 1 1 1
262 114 830.9998439999999 160.000125 41.999472 109.999875 1 1 1
263 117 814.00059 162.0 47.999574 118.99987499999999 1 1 1
263 114 854.000442 160.000125 57.000347999999995 117.0 1 1 1
264 117 835.000326 160.999875 48.999384 129.0 1 1 1
264 114 880.0004700000001 160.999875 58.000158 124.999875 1 1 1
265 117 858.9994919999999 162.0 50.000436 136.999875 1 1 1
265 114 903.999636 160.000125 61.999398 135.0 1 1 1
266 117 883.99971 157.000125 51.000246000000004 150.0 1 1 1
266 114 934.0001460000001 157.999875 65.00007 145.999875 1 1 1
267 117 915.00003 151.000125 52.999866000000004 163.999875 1 1 1
267 114 973.999998 153.0 78.000084 159.0 1 1 1
268 117 947.99997 150.0 64.00026 178.999875 1 1 1
268 114 1013.00004 150.0 97.0002 175.999875 1 1 1
269 117 986.000202 145.999875 76.00046400000001 205.000125 1 1 1
269 114 1061.999424 147.0 113.99945399999999 196.99987500000003 1 1 1
270 117 1034.999586 142.000125 80.99951399999999 232.999875 1 1 1
270 114 1120.999392 144.0 121.000608 222.0 1 1 1
271 117 1098.999846 138.0 95.00058 237.0 1 1 1
271 114 1202.000148 151.999875 39.999852 217.999875 1 1 1
272 117 1181.000412 133.000125 60.999587999999996 241.999875 1 1 1
303 141 621.0 172.000125 13.000014 34.999875 1 1 1
303 142 632.000394 172.999875 14.999633999999999 36.0 1 1 1
304 141 622.99962 171.0 13.000014 37.999875 1 1 1
304 142 639.000306 172.000125 11.000394 37.000125000000004 1 1 1
305 141 625.000482 171.0 13.000014 36.0 1 1 1
305 142 640.999926 171.0 12.000204 40.000125 1 1 1
306 141 627.999912 169.999875 12.000204 40.000125 1 1 1
306 142 644.000598 169.999875 12.000204 40.999875 1 1 1
307 141 628.999722 169.999875 13.999824 40.999875 1 1 1
307 142 647.000028 171.0 12.000204 40.000125 1 1 1
308 141 633.0002039999999 169.999875 11.000394 39.0 1 1 1
308 142 649.9994579999999 171.0 12.000204 40.000125 1 1 1
309 141 634.000014 171.0 13.999824 42.0 1 1 1
309 142 654.9997500000001 172.000125 11.000394 36.0 1 1 1
310 141 638.000496 172.000125 13.999824 43.999875 1 1 1
310 142 659.000232 172.000125 12.000204 40.999875 1 1 1
311 141 640.000116 172.999875 15.999443999999999 43.999875 1 1 1
311 142 660.000042 169.999875 14.999633999999999 45.0 1 1 1
312 141 642.999546 172.000125 17.000496000000002 46.000125 1 1 1
312 142 665.000334 172.000125 14.999633999999999 42.0 1 1 1
313 141 646.0002179999999 169.999875 15.999443999999999 48.0 1 1 1
313 142 669.9993840000001 172.000125 14.999633999999999 46.000125 1 1 1
314 141 647.999838 166.999875 18.000306000000002 51.00000000000001 1 1 1
314 142 672.000246 171.0 15.999443999999999 46.999875 1 1 1
315 141 653.9999399999999 166.000125 14.999633999999999 51.00000000000001 1 1 1
315 142 679.000158 168.0 13.000014 45.0 1 1 1
316 141 655.99956 166.999875 15.999443999999999 49.999875 1 1 1
316 142 680.9997780000001 166.000125 15.999443999999999 48.0 1 1 1
317 141 659.000232 166.999875 17.000496000000002 52.999874999999996 1 1 1
317 142 685.0002599999999 166.999875 15.999443999999999 52.000125000000004 1 1 1
318 141 661.9996620000001 168.0 19.000116000000002 53.99999999999999 1 1 1
318 142 688.9995 168.0 15.999443999999999 55.000125 1 1 1
319 141 666.999954 169.000125 18.000306000000002 57.0 1 1 1
319 142 694.999602 169.999875 19.000116000000002 55.999874999999996 1 1 1
320 141 671.000436 169.000125 19.999926 60.0 1 1 1
320 142 700.9997040000001 171.0 18.000306000000002 58.000125 1 1 1
321 141 674.999676 168.0 20.999736 61.000125000000004 1 1 1
321 142 705.999996 166.999875 19.000116000000002 63.00000000000001 1 1 1
322 141 679.999968 166.999875 20.999736 61.999875 1 1 1
322 142 712.000098 163.999875 21.999546 66.0 1 1 1
323 141 686.00007 163.999875 24.000408 66.0 1 1 1
323 142 718.0002 163.000125 26.999838 67.000125 1 1 1
324 141 692.000172 165.0 24.000408 67.999875 1 1 1
324 142 725.0001120000001 163.999875 24.000408 70.000125 1 1 1
325 141 699.000084 163.999875 25.000218 70.999875 1 1 1
325 142 732.999834 163.999875 31.00032 73.000125 1 1 1
326 141 705.0001860000001 165.0 26.000028 73.999875 1 1 1
326 142 739.9997460000001 165.0 30.00051 76.00012500000001 1 1 1
327 141 711.000288 165.0 26.999838 76.99987499999999 1 1 1
327 142 746.9996580000001 163.999875 26.999838 79.000125 1 1 1
328 141 716.0005799999999 163.999875 31.00032 82.000125 1 1 1
328 142 754.9993800000001 163.000125 25.000218 82.999875 1 1 1
329 141 721.9994399999999 163.000125 32.00013 88.000125 1 1 1
329 142 762.000534 162.0 26.999838 85.000125 1 1 1
330 141 729.000594 162.0 32.99994 91.000125 1 1 1
330 142 769.000446 160.999875 28.999458 88.000125 1 1 1
331 141 733.999644 162.0 32.99994 96.0 1 1 1
331 142 777.000168 160.000125 39.000042 97.000125 1 1 1
332 141 739.9997460000001 163.000125 32.00013 99.0 1 1 1
332 142 785.9997000000001 160.000125 40.999662 100.999875 1 1 1
333 141 747.999468 162.0 34.99956 105.00000000000001 1 1 1
333 142 797.000094 160.999875 31.00032 106.000125 1 1 1
334 141 754.9993800000001 160.999875 38.000232000000004 111.0 1 1 1
334 142 808.000488 157.999875 32.99994 112.00012500000001 1 1 1
335 141 763.000344 160.000125 39.000042 115.999875 1 1 1
335 142 817.99983 156.0 40.999662 121.000125 1 1 1
336 141 772.999686 157.000125 45.999954 124.999875 1 1 1
336 142 835.000326 153.0 43.000524 130.000125 1 1 1
337 141 784.9998899999999 154.999875 53.999676 132.0 1 1 1
337 142 850.99977 151.999875 50.000436 127.000125 1 1 1
338 141 799.999524 153.0 51.000246000000004 142.999875 1 1 1
338 142 868.000266 148.000125 53.999676 145.999875 1 1 1
339 141 812.9995379999999 148.000125 58.999967999999996 156.0 1 1 1
339 142 887.000382 148.999875 58.000158 151.999875 1 1 1
