31 120 346.99989600000004 174.0 20.999736 43.999875 1 1 1
32 120 334.99969200000004 172.999875 19.999926 45.0 1 1 1
33 120 322.99948800000004 169.000125 21.999546 46.000125 1 1 1
34 120 313.999956 166.999875 20.999736 46.999875 1 1 1
35 120 304.00061400000004 166.999875 21.999546 49.000125000000004 1 1 1
36 120 294.00003000000004 166.999875 20.999736 52.000125000000004 1 1 1
37 120 282.999636 169.999875 18.000306000000002 52.000125000000004 1 1 1
38 120 268.999812 171.0 17.000496000000002 53.99999999999999 1 1 1
39 120 253.000368 169.000125 19.999926 55.999874999999996 1 1 1
40 120 234.000252 171.0 26.999838 55.000125 1 1 1
41 120 215.99994600000002 169.000125 31.00032 58.999875 1 1 1
42 120 197.99964 169.999875 27.999648 61.999875 1 1 1
43 120 176.000094 171.0 27.999648 64.00012500000001 1 1 1
44 120 156.999978 169.000125 30.00051 70.000125 1 1 1
45 120 128.00052 172.999875 39.000042 69.0 1 1 1
46 120 102.00049200000001 172.999875 43.000524 73.999875 1 1 1
47 120 71.999982 172.999875 44.000334 76.99987499999999 1 1 1
48 120 34.99956 169.999875 45.999954 82.000125 1 1 1
49 120 8.999532 168.0 37.000422 88.000125 1 1 1
234 117 737.000316 172.000125 14.999633999999999 42.0 1 1 1
235 117 736.0005060000001 172.000125 14.999633999999999 43.999875 1 1 1
236 117 736.0005060000001 172.999875 15.999443999999999 43.999875 1 1 1
237 117 733.999644 172.000125 15.999443999999999 45.0 1 1 1
238 117 732.999834 171.0 14.999633999999999 46.000125 1 1 1
239 117 730.000404 169.000125 15.999443999999999 48.0 1 1 1
240 117 726.999732 166.999875 14.999633999999999 51.00000000000001 1 1 1
241 117 724.0003019999999 168.0 17.000496000000002 49.999875 1 1 1
242 117 720.99963 166.999875 17.000496000000002 53.99999999999999 1 1 1
243 117 719.00001 169.000125 15.999443999999999 52.000125000000004 1 1 1
244 117 716.0005799999999 169.999875 15.999443999999999 52.999874999999996 1 1 1
245 117 712.999908 169.999875 15.999443999999999 55.000125 1 1 1
246 117 711.000288 169.999875 15.999443999999999 55.999874999999996 1 1 1
247 117 707.999616 169.000125 18.000306000000002 58.000125 1 1 1
248 117 707.999616 169.000125 17.000496000000002 58.999875 1 1 1
249 117 705.0001860000001 168.0 19.000116000000002 63.00000000000001 1 1 1
250 117 704.000376 168.0 19.999926 64.99987499999999 1 1 1
251 117 704.000376 169.999875 19.999926 66.0 1 1 1
252 117 706.999806 171.0 20.999736 69.0 1 1 1
253 117 710.000478 171.0 19.999926 72.0 1 1 1
254 117 712.999908 172.000125 21.999546 73.999875 1 1 1
255 117 718.0002 171.0 23.000598 78.0 1 1 1
256 117 724.0003019999999 172.000125 24.000408 81.0 1 1 1
257 117 732.000024 172.000125 28.999458 85.000125 1 1 1
258 117 738.9999359999999 171.0 28.999458 90.0 1 1 1
259 117 751.0001400000001 168.0 31.00032 94.99987499999999 1 1 1
260 117 764.0001540000001 165.0 32.99994 99.0 1 1 1
261 117 778.9997880000001 160.999875 32.00013 105.00000000000001 1 1 1
262 117 793.9994220000001 160.999875 41.999472 111.0 1 1 1
263 117 814.00059 162.0 47.999574 118.99987499999999 1 1 1
264 117 835.000326 160.999875 48.999384 129.0 1 1 1
265 117 858.9994919999999 162.0 50.000436 136.999875 1 1 1
266 117 883.99971 157.000125 51.000246000000004 150.0 1 1 1
267 117 915.00003 151.000125 52.999866000000004 163.999875 1 1 1
268 117 947.99997 150.0 64.00026 178.999875 1 1 1
269 117 986.000202 145.999875 76.00046400000001 205.000125 1 1 1
270 117 1034.999586 142.000125 80.99951399999999 232.999875 1 1 1
271 117 1098.999846 138.0 95.00058 237.0 1 1 1
272 117 1181.000412 133.000125 60.999587999999996 241.999875 1 1 1
