31 120 346.99989600000004 174.0 20.999736 43.999875 1 1 1
32 120 334.99969200000004 172.999875 19.999926 45.0 1 1 1
33 120 322.99948800000004 169.000125 21.999546 46.000125 1 1 1
34 120 313.999956 166.999875 20.999736 46.999875 1 1 1
35 120 304.00061400000004 166.999875 21.999546 49.000125000000004 1 1 1
36 120 294.00003000000004 166.999875 20.999736 52.000125000000004 1 1 1
37 120 282.999636 169.999875 18.000306000000002 52.000125000000004 1 1 1
38 120 268.999812 171.0 17.000496000000002 53.99999999999999 1 1 1
39 120 253.000368 169.000125 19.999926 55.999874999999996 1 1 1
40 120 234.000252 171.0 26.999838 55.000125 1 1 1
41 120 215.99994600000002 169.000125 31.00032 58.999875 1 1 1
41 121 456.0003 166.999875 12.000204 49.000125000000004 1 1 1
42 120 197.99964 169.999875 27.999648 61.999875 1 1 1
42 121 451.999818 168.0 10.000584 49.999875 1 1 1
43 120 176.000094 171.0 27.999648 64.00012500000001 1 1 1
43 121 444.99990599999995 168.0 15.999443999999999 52.000125000000004 1 1 1
44 120 156.999978 169.000125 30.00051 70.000125 1 1 1
44 121 439.999614 169.000125 13.999824 53.99999999999999 1 1 1
45 120 128.00052 172.999875 39.000042 69.0 1 1 1
45 121 433.99951200000004 169.000125 14.999633999999999 55.999874999999996 1 1 1
46 120 102.00049200000001 172.999875 43.000524 73.999875 1 1 1
46 121 427.99941 169.000125 14.999633999999999 57.0 1 1 1
47 120 71.999982 172.999875 44.000334 76.99987499999999 1 1 1
47 121 419.99968800000005 169.000125 15.999443999999999 58.999875 1 1 1
48 120 34.99956 169.999875 45.999954 82.000125 1 1 1
48 121 411.999966 168.0 14.999633999999999 61.000125000000004 1 1 1
49 120 8.999532 168.0 37.000422 88.000125 1 1 1
49 121 405.00005400000003 166.999875 14.999633999999999 63.00000000000001 1 1 1
50 121 396.000522 168.0 17.000496000000002 66.0 1 1 1
51 121 386.99974799999995 169.000125 17.000496000000002 67.999875 1 1 1
52 121 377.000406 168.0 19.000116000000002 70.999875 1 1 1
53 121 366.000012 168.0 20.999736 75.0 1 1 1
54 121 352.999998 166.999875 23.000598 78.0 1 1 1
55 121 341.999604 168.0 20.999736 81.0 1 1 1
56 121 326.00016 168.0 23.000598 84.0 1 1 1
57 121 309.999474 168.0 26.000028 88.000125 1 1 1
58 121 294.00003000000004 166.999875 25.000218 91.999875 1 1 1
59 121 273.000294 168.0 27.999648 96.0 1 1 1
60 121 248.000076 168.0 33.99975 100.999875 1 1 1
61 121 226.00053 166.000125 32.99994 109.000125 1 1 1
62 121 196.99983 166.999875 36.000612000000004 115.00012500000001 1 1 1
63 121 165.99951 165.0 38.000232000000004 124.000125 1 1 1
64 121 130.00014 162.0 41.999472 133.000125 1 1 1
65 121 89.000478 160.000125 50.000436 144.0 1 1 1
66 121 38.000232000000004 156.0 57.000347999999995 159.0 1 1 1
67 121 0.0 156.0 41.999472 174.0 1 1 1
69 112 379.999836 169.000125 20.999736 67.000125 1 1 1
70 112 370.00049399999995 171.0 19.999926 70.000125 1 1 1
71 112 357.00048 174.0 20.999736 70.000125 1 1 1
72 112 344.000466 172.999875 19.999926 73.000125 1 1 1
73 112 327.99978 172.000125 21.999546 76.99987499999999 1 1 1
74 112 311.000526 169.999875 24.000408 82.999875 1 1 1
75 112 295.99965000000003 168.0 24.000408 88.99987499999999 1 1 1
76 112 276.999534 166.000125 28.999458 93.0 1 1 1
77 112 256.999608 168.0 28.999458 97.000125 1 1 1
78 112 234.000252 168.0 32.00013 103.000125 1 1 1
79 112 209.000034 171.0 32.99994 107.99999999999999 1 1 1
80 112 181.000386 169.999875 39.999852 117.0 1 1 1
81 112 148.000446 168.0 48.999384 126.00000000000001 1 1 1
82 112 112.99964399999999 168.0 52.999866000000004 133.999875 1 1 1
83 112 69.000552 166.000125 61.999398 145.999875 1 1 1
84 112 20.999736 166.000125 70.000362 157.999875 1 1 1
