170 7 294.00003000000004 183.0 36.000612000000004 21.0 1 1 1
171 7 288.99973800000004 181.999875 37.000422 22.000125 1 1 1
172 7 282.999636 181.000125 39.999852 22.999875 1 1 1
173 7 278.000586 181.000125 39.000042 22.999875 1 1 1
174 7 273.000294 181.999875 41.999472 22.000125 1 1 1
175 7 266.000382 181.000125 44.000334 21.0 1 1 1
176 7 261.00009 181.999875 40.999662 21.0 1 1 1
177 7 248.999886 183.0 51.000246000000004 22.999875 1 1 1
178 7 244.999404 183.0 48.999384 24.0 1 1 1
179 7 235.99987199999998 181.999875 52.000056 25.000125 1 1 1
180 7 226.00053 180.0 54.999486000000005 25.000125 1 1 1
181 7 215.00013600000003 180.0 57.000347999999995 25.999875000000003 1 1 1
182 7 206.000604 180.0 58.000158 26.999999999999996 1 1 1
183 7 201.000312 181.000125 51.000246000000004 28.000125 1 1 1
184 7 181.000386 181.999875 67.9995 28.000125 1 1 1
185 7 168.000372 181.999875 71.999982 28.000125 1 1 1
186 7 154.00054799999998 181.999875 77.00027399999999 30.0 1 1 1
187 7 139.999482 183.0 79.999704 31.000125 1 1 1
188 7 124.999848 183.0 84.000186 31.999875000000003 1 1 1
189 7 108.000594 184.000125 89.000478 33.0 1 1 1
190 7 87.999426 186.0 96.00039000000001 34.999875 1 1 1
191 7 70.000362 187.999875 102.00049200000001 36.0 1 1 1
192 7 52.000056 187.999875 103.000302 18.0 1 1 1
193 7 25.000218 187.999875 117.000126 39.0 1 1 1
194 7 0.9998100000000001 187.000125 121.000608 40.999875 1 1 1
195 7 0.0 187.000125 103.000302 43.999875 1 1 1
196 7 0.0 186.0 80.99951399999999 45.0 1 1 1
197 7 0.0 186.0 58.000158 40.999875 1 1 1
198 7 0.0 190.000125 30.00051 37.999875 1 1 1
241 38 398.999952 181.000125 24.000408 13.999875 1 1 1
242 38 394.99947000000003 181.000125 25.000218 16.000124999999997 1 1 1
243 38 390.00042 181.000125 26.000028 16.000124999999997 1 1 1
244 38 385.999938 181.000125 26.000028 16.000124999999997 1 1 1
245 38 380.999646 181.000125 26.999838 16.999875 1 1 1
246 38 374.99954399999996 180.0 30.00051 16.999875 1 1 1
247 38 370.00049399999995 181.000125 30.00051 16.999875 1 1 1
248 38 363.000582 181.999875 31.00032 18.0 1 1 1
249 38 358.00028999999995 184.000125 32.00013 18.0 1 1 1
250 38 351.000378 184.000125 32.99994 19.000124999999997 1 1 1
251 38 344.000466 184.000125 26.999838 19.000124999999997 1 1 1
257 38 295.99965000000003 184.999875 41.999472 24.0 1 1 1
258 38 285.000498 181.999875 45.000144 24.0 1 1 1
259 38 274.000104 181.000125 46.999764 24.0 1 1 1
260 38 261.9999 183.0 50.000436 25.000125 1 1 1
261 38 248.999886 184.000125 52.000056 25.999875000000003 1 1 1
262 38 235.99987199999998 181.000125 53.999676 28.000125 1 1 1
263 38 221.00023800000002 180.0 58.000158 28.000125 1 1 1
264 38 203.999742 178.000125 60.999587999999996 28.999875 1 1 1
265 38 184.999626 178.999875 65.99988 30.0 1 1 1
266 38 164.9997 178.999875 70.000362 31.999875000000003 1 1 1
267 38 143.000154 180.0 76.00046400000001 34.000125 1 1 1
269 38 95.00058 181.000125 85.99980599999999 37.000125000000004 1 1 1
270 38 66.99969 181.999875 93.999528 39.0 1 1 1
271 38 34.99956 181.999875 103.000302 40.999875 1 1 1
272 38 1.9996200000000002 183.0 110.00021400000001 43.999875 1 1 1
273 38 0.0 184.999875 84.000186 46.999875 1 1 1
274 38 0.0 186.0 52.000056 43.000125000000004 1 1 1
