0 2 729.000594 165.0 135.000432 82.000125 1 1 1
1 2 734.9994539999999 166.000125 136.00024200000001 84.0 1 1 1
2 2 742.0006079999999 166.000125 142.000344 88.000125 1 1 1
3 2 747.999468 166.000125 150.000066 91.999875 1 1 1
4 2 754.9993800000001 166.000125 156.999978 97.000125 1 1 1
5 2 762.000534 166.000125 164.9997 100.999875 1 1 1
6 2 770.0002559999999 166.000125 171.99961199999998 105.00000000000001 1 1 1
7 2 777.9999779999999 163.999875 183.999816 109.999875 1 1 1
8 2 786.99951 162.0 189.000108 115.00012500000001 1 1 1
9 2 796.000284 160.999875 197.99964 126.00000000000001 1 1 1
10 2 806.999436 160.000125 215.00013600000003 136.000125 1 1 1
11 2 817.0000200000001 159.0 247.00026599999998 145.999875 1 1 1
12 2 828.000414 157.999875 263.99952 154.000125 1 1 1
13 2 838.999566 157.999875 281.999826 165.0 1 1 1
14 2 852.9993900000001 159.0 299.00032200000004 175.000125 1 1 1
15 2 867.000456 159.0 312.000336 186.0 1 1 1
16 2 881.00028 159.0 327.99978 199.000125 1 1 1
17 2 900.000396 157.000125 341.999604 212.99999999999997 1 1 1
18 2 919.0005120000001 156.0 322.99948800000004 219.0 1 1 1
19 2 941.999868 156.0 300.000132 211.000125 1 1 1
20 2 967.9998959999999 156.0 274.000104 219.0 1 1 1
21 2 997.000596 154.999875 244.999404 220.00012500000003 1 1 1
22 2 1031.000346 154.999875 210.99965400000002 220.00012500000003 1 1 1
23 2 1071.000198 157.999875 170.999802 217.00012500000003 1 1 1
24 2 1117.000152 163.000125 124.999848 211.999875 1 1 1
25 2 1174.0005 205.000125 67.9995 169.999875 1 1 1
