59 122 732.000024 166.000125 10.000584 55.999874999999996 1 1 1
60 122 733.999644 166.000125 10.000584 58.000125 1 1 1
61 122 734.9994539999999 166.000125 11.000394 58.999875 1 1 1
62 122 736.0005060000001 165.0 11.000394 61.999875 1 1 1
63 122 738.9999359999999 166.000125 11.000394 63.00000000000001 1 1 1
64 122 740.999556 163.999875 12.000204 66.0 1 1 1
65 122 743.000418 162.0 13.999824 69.0 1 1 1
65 123 889.9998119999999 169.000125 31.00032 73.000125 1 1 1
66 122 745.9998479999999 160.000125 13.999824 72.0 1 1 1
66 123 897.9995339999999 168.0 32.99994 75.0 1 1 1
67 122 745.9998479999999 157.999875 18.000306000000002 76.00012500000001 1 1 1
67 123 913.00041 165.0 27.999648 79.999875 1 1 1
68 122 750.00033 160.000125 19.000116000000002 76.99987499999999 1 1 1
68 123 929.999664 168.0 24.000408 82.000125 1 1 1
69 122 753.99957 162.0 19.999926 79.999875 1 1 1
69 123 941.999868 169.999875 23.000598 85.999875 1 1 1
69 125 914.0002199999999 166.000125 28.999458 82.000125 1 1 1
70 122 756.000432 163.999875 20.999736 84.0 1 1 1
70 123 956.999502 169.999875 25.000218 91.999875 1 1 1
70 125 928.9998539999999 168.0 31.00032 85.000125 1 1 1
71 122 760.999482 163.000125 21.999546 88.000125 1 1 1
71 123 972.000378 169.999875 27.999648 96.0 1 1 1
71 125 940.0002479999999 166.999875 39.000042 90.0 1 1 1
72 122 765.999774 162.0 23.000598 91.000125 1 1 1
72 123 992.000304 168.0 28.999458 103.000125 1 1 1
72 125 959.000364 166.999875 36.000612000000004 94.000125 1 1 1
73 122 771.999876 160.000125 23.000598 97.99987499999999 1 1 1
73 123 1011.00042 166.000125 32.00013 111.0 1 1 1
73 125 984.0005819999999 166.000125 30.00051 100.999875 1 1 1
74 122 777.000168 157.000125 26.000028 103.999875 1 1 1
74 123 1032.999966 165.0 37.000422 117.0 1 1 1
74 125 1011.00042 163.000125 24.000408 106.000125 1 1 1
75 122 784.00008 157.000125 31.00032 109.999875 1 1 1
75 123 1064.000286 165.0 37.000422 126.00000000000001 1 1 1
76 122 791.999802 157.999875 32.99994 115.00012500000001 1 1 1
76 123 1100.999466 163.000125 39.000042 136.000125 1 1 1
76 125 1052.000082 165.0 27.999648 106.999875 1 1 1
77 122 802.000386 157.999875 36.000612000000004 123.0 1 1 1
77 125 1078.99992 163.999875 40.999662 127.000125 1 1 1
78 122 812.9995379999999 157.000125 32.00013 132.0 1 1 1
78 125 1117.999962 160.999875 52.999866000000004 142.000125 1 1 1
79 122 818.99964 157.000125 39.999852 142.000125 1 1 1
79 125 1161.0004860000001 162.0 64.00026 148.000125 1 1 1
80 122 840.0006179999999 154.999875 40.999662 154.999875 1 1 1
80 125 1207.00044 163.999875 34.99956 166.999875 1 1 1
81 122 855.0002519999999 151.000125 47.999574 168.0 1 1 1
82 122 869.999886 147.0 57.000347999999995 183.0 1 1 1
83 122 895.0001040000001 144.0 65.00007 202.99987499999997 1 1 1
84 122 928.000044 141.0 74.999412 225.0 1 1 1
85 122 968.9997060000001 136.999875 77.00027399999999 238.000125 1 1 1
86 122 1007.9997480000001 132.0 112.99964399999999 243.0 1 1 1
87 122 1070.000388 126.00000000000001 143.999964 249.0 1 1 1
87 110 917.99946 174.0 17.000496000000002 48.0 1 1 1
88 122 1170.999828 112.999875 71.000172 262.000125 1 1 1
88 110 925.0006139999999 172.999875 18.000306000000002 49.999875 1 1 1
89 110 934.0001460000001 171.0 18.000306000000002 52.999874999999996 1 1 1
90 110 939.000438 178.000125 23.000598 49.000125000000004 1 1 1
91 110 949.99959 169.999875 20.999736 60.0 1 1 1
92 110 960.999984 166.999875 20.999736 64.99987499999999 1 1 1
93 110 971.000568 166.999875 20.999736 67.999875 1 1 1
94 110 982.9995299999999 168.0 21.999546 70.000125 1 1 1
95 110 994.999734 166.999875 24.000408 72.0 1 1 1
96 110 1008.999558 166.999875 23.000598 76.00012500000001 1 1 1
97 110 1022.9993820000001 168.0 26.999838 79.000125 1 1 1
98 110 1037.000448 168.0 30.00051 81.0 1 1 1
99 110 1052.999892 165.0 32.99994 85.999875 1 1 1
100 110 1071.000198 163.999875 34.99956 90.0 1 1 1
101 110 1087.999452 163.000125 39.999852 94.99987499999999 1 1 1
102 110 1111.99986 163.999875 40.999662 99.0 1 1 1
103 110 1139.9995079999999 160.999875 40.999662 105.00000000000001 1 1 1
104 110 1169.000208 157.999875 41.999472 109.000125 1 1 1
105 110 1193.000616 159.0 48.999384 115.00012500000001 1 1 1
106 110 1228.000176 166.999875 13.999824 49.000125000000004 1 1 1
207 130 751.99995 184.999875 26.999838 31.000125 1 1 1
208 130 757.000242 187.000125 31.00032 33.0 1 1 1
209 130 764.0001540000001 187.999875 31.00032 31.999875000000003 1 1 1
210 130 772.999686 190.000125 27.999648 31.000125 1 1 1
211 130 777.000168 186.0 24.000408 37.999875 1 1 1
212 130 784.00008 187.999875 30.00051 36.0 1 1 1
213 130 789.000372 187.999875 30.00051 37.999875 1 1 1
214 130 790.999992 181.000125 33.99975 46.999875 1 1 1
215 130 792.999612 175.999875 37.000422 52.999874999999996 1 1 1
216 130 798.999714 169.999875 37.000422 58.999875 1 1 1
217 130 804.000006 168.0 39.000042 61.999875 1 1 1
218 130 806.999436 169.999875 40.999662 70.999875 1 1 1
219 130 811.999728 165.0 44.000334 76.99987499999999 1 1 1
220 130 817.0000200000001 163.999875 44.000334 81.0 1 1 1
221 130 823.999932 163.999875 45.000144 84.0 1 1 1
222 130 822.000312 166.000125 56.000538 99.0 1 1 1
223 130 829.0002239999999 166.000125 59.999778 106.000125 1 1 1
224 130 836.000136 163.999875 65.99988 114.0 1 1 1
225 130 847.00053 163.999875 70.000362 121.99987499999999 1 1 1
226 130 857.999682 162.0 74.999412 129.0 1 1 1
227 130 870.999696 163.000125 85.99980599999999 135.0 1 1 1
228 130 886.0005719999999 162.0 87.999426 157.999875 1 1 1
229 130 902.999826 162.0 97.0002 156.0 1 1 1
230 130 921.000132 162.0 104.99992200000001 166.000125 1 1 1
231 130 941.000058 159.0 117.000126 196.000125 1 1 1
232 130 967.000086 159.0 128.00052 193.000125 1 1 1
233 130 995.999544 156.0 143.999964 208.000125 1 1 1
234 130 1031.000346 154.000125 163.99989 220.00012500000003 1 1 1
235 130 1077.0003 150.0 164.9997 225.0 1 1 1
236 130 1155.000384 148.000125 86.999616 226.999875 1 1 1
237 134 1065.999906 162.0 36.000612000000004 100.000125 1 1 1
237 135 1044.00036 172.999875 24.000408 84.0 1 1 1
238 134 1078.99992 162.0 38.000232000000004 103.000125 1 1 1
238 135 1056.0005640000002 169.999875 30.00051 88.99987499999999 1 1 1
239 134 1091.999934 160.000125 38.000232000000004 106.000125 1 1 1
239 135 1065.999906 166.999875 36.000612000000004 94.000125 1 1 1
240 134 1106.999568 159.0 41.999472 112.00012500000001 1 1 1
240 135 1080.99954 166.999875 34.99956 97.000125 1 1 1
241 134 1124.9998739999999 157.999875 43.000524 118.000125 1 1 1
241 135 1095.0006059999998 166.000125 38.000232000000004 102.00000000000001 1 1 1
242 134 1143.00018 156.0 52.000056 127.000125 1 1 1
242 135 1111.99986 168.0 38.000232000000004 106.999875 1 1 1
243 134 1163.999916 154.000125 51.000246000000004 135.0 1 1 1
243 135 1130.999976 169.000125 44.000334 112.00012500000001 1 1 1
244 134 1187.000514 159.0 54.999486000000005 136.999875 1 1 1
244 135 1151.999712 169.999875 45.000144 117.0 1 1 1
245 134 1215.000162 156.0 26.999838 145.999875 1 1 1
245 135 1176.99993 171.0 47.999574 123.0 1 1 1
246 135 1204.999578 175.999875 37.000422 124.999875 1 1 1
277 137 639.000306 178.000125 18.000306000000002 57.0 1 1 1
278 137 644.000598 174.0 18.000306000000002 58.999875 1 1 1
279 137 648.999648 172.999875 19.999926 61.000125000000004 1 1 1
280 137 654.9997500000001 174.0 19.000116000000002 63.00000000000001 1 1 1
281 137 660.000042 175.999875 19.999926 64.99987499999999 1 1 1
282 137 666.999954 177.0 19.999926 67.000125 1 1 1
283 137 672.000246 175.999875 21.999546 70.000125 1 1 1
284 137 679.000158 174.0 23.000598 73.999875 1 1 1
285 137 685.0002599999999 174.0 24.000408 76.99987499999999 1 1 1
286 137 692.000172 174.0 24.000408 81.0 1 1 1
287 137 698.000274 175.000125 26.999838 84.0 1 1 1
288 137 705.0001860000001 174.0 27.999648 88.000125 1 1 1
289 137 713.999718 172.000125 27.999648 93.0 1 1 1
290 137 721.9994399999999 169.999875 31.00032 99.0 1 1 1
291 137 730.000404 171.0 33.99975 102.00000000000001 1 1 1
292 137 740.999556 169.000125 36.000612000000004 111.0 1 1 1
293 137 753.99957 168.0 38.000232000000004 118.99987499999999 1 1 1
294 137 766.999584 166.000125 40.999662 129.0 1 1 1
295 137 783.00027 165.0 45.000144 139.000125 1 1 1
296 137 798.999714 163.999875 51.000246000000004 151.000125 1 1 1
297 137 821.0005020000001 163.000125 56.000538 166.000125 1 1 1
298 137 845.999478 162.0 61.999398 184.000125 1 1 1
299 137 875.0001780000001 162.0 71.000172 205.000125 1 1 1
300 137 910.999548 162.0 65.00007 212.99999999999997 1 1 1
301 137 959.000364 160.000125 78.000084 214.999875 1 1 1
302 137 1021.999572 156.0 99.99963000000001 219.0 1 1 1
303 137 1106.999568 151.000125 133.99938 223.999875 1 1 1
310 143 877.999608 169.999875 46.999764 79.000125 1 1 1
311 143 895.0001040000001 171.0 46.999764 82.999875 1 1 1
312 143 909.9997380000001 169.000125 52.000056 88.000125 1 1 1
313 143 928.000044 166.999875 56.000538 94.99987499999999 1 1 1
314 143 949.99959 166.000125 58.000158 100.000125 1 1 1
315 143 971.000568 163.000125 64.00026 106.000125 1 1 1
316 143 997.000596 160.999875 69.000552 112.999875 1 1 1
317 143 1026.999864 160.000125 72.999792 121.000125 1 1 1
318 143 1058.999994 159.0 80.99951399999999 133.000125 1 1 1
319 143 1097.0002259999999 159.0 89.000478 144.0 1 1 1
320 143 1145.99961 159.0 96.00039000000001 157.000125 1 1 1
321 143 1200.000528 175.000125 41.999472 153.0 1 1 1
