0 11 254.999988 175.000125 50.000436 26.999999999999996 1 1 1
0 12 322.99948800000004 175.000125 34.99956 21.0 1 1 1
1 11 241.00016399999998 172.999875 52.999866000000004 28.999875 1 1 1
1 12 313.999956 175.000125 37.000422 21.0 1 1 1
2 11 226.00053 172.999875 58.000158 28.999875 1 1 1
2 12 305.000424 174.0 39.000042 21.0 1 1 1
3 11 209.99984400000002 172.000125 60.999587999999996 30.0 1 1 1
3 12 294.99984 172.999875 39.999852 22.000125 1 1 1
4 11 191.999538 169.999875 64.00026 31.999875000000003 1 1 1
4 12 285.000498 172.000125 41.999472 22.999875 1 1 1
5 11 171.99961199999998 169.000125 69.000552 34.000125 1 1 1
5 12 273.000294 171.0 44.000334 24.0 1 1 1
6 11 150.000066 168.0 74.999412 36.0 1 1 1
6 12 260.00028 171.0 45.999954 25.000125 1 1 1
7 11 125.999658 169.000125 80.99951399999999 37.000125000000004 1 1 1
7 12 247.00026599999998 172.000125 48.999384 25.000125 1 1 1
8 11 98.99982 169.999875 87.999426 40.000125 1 1 1
8 12 231.99938999999998 172.999875 53.999676 26.999999999999996 1 1 1
9 11 67.9995 169.999875 97.0002 42.0 1 1 1
9 12 217.99956600000002 174.0 54.999486000000005 28.000125 1 1 1
10 11 33.99975 171.0 105.99973200000001 46.000125 1 1 1
10 12 200.000502 175.999875 59.999778 28.999875 1 1 1
10 13 372.99992399999996 177.0 27.999648 16.000124999999997 1 1 1
11 11 0.0 169.999875 111.99983399999999 49.999875 1 1 1
11 12 181.000386 175.999875 64.00026 30.0 1 1 1
11 13 366.999822 177.0 28.999458 16.999875 1 1 1
12 11 0.0 172.999875 80.99951399999999 51.00000000000001 1 1 1
12 12 159.999408 177.0 69.000552 31.000125 1 1 1
12 13 360.99971999999997 178.000125 30.00051 16.999875 1 1 1
13 11 0.0 175.999875 45.000144 45.0 1 1 1
13 12 136.00024200000001 175.999875 74.999412 34.000125 1 1 1
13 13 354.999618 177.0 31.00032 16.999875 1 1 1
14 12 110.00021400000001 175.000125 82.00056599999999 36.0 1 1 1
14 13 346.99989600000004 175.999875 33.99975 18.0 1 1 1
15 12 79.999704 174.0 89.000478 37.999875 1 1 1
15 13 339.000174 175.000125 34.99956 19.000124999999997 1 1 1
16 12 45.999954 174.0 98.00001 39.0 1 1 1
16 13 333.00007200000005 175.000125 34.99956 19.000124999999997 1 1 1
17 12 7.999721999999999 172.999875 108.000594 42.0 1 1 1
17 13 322.99948800000004 174.0 38.000232000000004 19.999875 1 1 1
18 12 0.0 174.0 84.000186 46.000125 1 1 1
18 13 313.999956 175.000125 39.000042 19.000124999999997 1 1 1
19 12 0.0 177.0 46.999764 40.999875 1 1 1
19 13 304.00061400000004 174.0 40.999662 19.999875 1 1 1
20 13 294.99984 177.0 41.999472 19.999875 1 1 1
21 13 283.99944600000003 175.999875 45.000144 22.000125 1 1 1
22 13 273.000294 175.999875 45.999954 22.000125 1 1 1
23 13 261.00009 174.0 47.999574 22.999875 1 1 1
24 13 247.00026599999998 174.0 52.000056 24.0 1 1 1
25 13 233.000442 175.000125 54.999486000000005 24.0 1 1 1
26 13 219.000618 175.999875 57.000347999999995 25.000125 1 1 1
27 13 202.000122 175.000125 61.999398 26.999999999999996 1 1 1
28 13 185.999436 175.999875 65.00007 28.000125 1 1 1
28 14 359.99990999999994 174.0 30.00051 15.0 1 1 1
29 13 167.000562 175.000125 70.000362 28.999875 1 1 1
29 14 354.999618 172.999875 30.00051 15.0 1 1 1
30 13 146.999394 174.0 74.999412 31.000125 1 1 1
30 14 348.999516 172.000125 31.00032 16.000124999999997 1 1 1
31 13 124.999848 172.999875 82.00056599999999 31.999875000000003 1 1 1
31 14 344.000466 172.000125 31.00032 15.0 1 1 1
32 13 100.99944 174.0 87.999426 33.0 1 1 1
32 14 337.00055399999997 171.0 32.00013 16.999875 1 1 1
33 13 73.999602 175.999875 95.00058 34.000125 1 1 1
33 14 331.00045200000005 172.999875 32.99994 16.000124999999997 1 1 1
34 13 46.999764 177.0 102.00049200000001 36.0 1 1 1
34 14 325.00034999999997 172.999875 33.99975 18.0 1 1 1
35 13 15.999443999999999 175.999875 111.000024 40.000125 1 1 1
35 14 318.00043800000003 174.0 34.99956 18.0 1 1 1
36 13 0.0 177.0 103.000302 42.0 1 1 1
36 14 312.000336 174.0 36.000612000000004 18.0 1 1 1
37 13 0.0 177.0 77.00027399999999 45.0 1 1 1
37 14 304.00061400000004 172.000125 38.000232000000004 19.000124999999997 1 1 1
38 13 0.0 178.000125 46.999764 40.000125 1 1 1
38 14 295.99965000000003 172.999875 39.999852 19.000124999999997 1 1 1
39 14 289.999548 172.999875 39.999852 19.999875 1 1 1
40 14 280.000206 172.999875 43.000524 19.999875 1 1 1
41 14 273.000294 175.000125 44.000334 19.999875 1 1 1
42 14 263.99952 175.999875 46.999764 19.999875 1 1 1
43 14 255.999798 177.0 45.999954 19.999875 1 1 1
44 14 242.99978399999998 177.0 51.000246000000004 19.999875 1 1 1
44 1 281.999826 172.999875 37.000422 22.999875 1 1 1
45 14 236.99968199999998 178.000125 50.000436 21.0 1 1 1
45 1 274.999914 172.999875 38.000232000000004 24.0 1 1 1
46 14 222.000048 178.999875 56.000538 22.000125 1 1 1
46 1 265.000572 174.0 39.999852 25.000125 1 1 1
47 14 210.99965400000002 181.000125 58.000158 22.000125 1 1 1
47 1 254.000178 175.999875 45.000144 25.000125 1 1 1
48 14 197.99964 181.000125 60.999587999999996 22.999875 1 1 1
48 1 242.99978399999998 175.999875 45.999954 26.999999999999996 1 1 1
49 14 183.999816 181.000125 65.00007 22.999875 1 1 1
49 1 233.000442 175.000125 47.999574 26.999999999999996 1 1 1
50 14 169.000182 180.0 67.9995 24.0 1 1 1
50 1 217.99956600000002 172.999875 54.999486000000005 28.999875 1 1 1
51 14 152.999496 181.000125 71.999982 25.000125 1 1 1
51 1 207.000414 174.0 57.000347999999995 28.000125 1 1 1
52 14 135.000432 181.000125 72.999792 25.999875000000003 1 1 1
52 1 193.00059000000002 174.0 61.999398 30.0 1 1 1
53 14 117.000126 180.0 77.00027399999999 28.000125 1 1 1
53 1 191.999538 174.0 52.999866000000004 31.999875000000003 1 1 1
53 3 372.99992399999996 174.0 23.000598 15.0 1 1 1
54 14 98.00001 180.0 86.999616 30.0 1 1 1
54 1 169.000182 174.0 65.99988 33.0 1 1 1
54 3 367.999632 174.0 24.000408 16.000124999999997 1 1 1
55 14 74.999412 181.000125 92.999718 30.0 1 1 1
55 1 154.00054799999998 174.0 69.000552 34.000125 1 1 1
55 3 363.000582 174.0 26.000028 16.000124999999997 1 1 1
55 5 385.00012799999996 172.999875 20.999736 15.0 1 1 1
56 14 54.999486000000005 180.0 98.00001 34.000125 1 1 1
56 1 133.99938 174.0 76.00046400000001 34.999875 1 1 1
56 3 358.00028999999995 172.999875 28.999458 16.999875 1 1 1
56 5 381.999456 172.000125 21.999546 15.0 1 1 1
57 14 40.999662 181.000125 95.00058 34.000125 1 1 1
57 1 113.99945399999999 174.0 83.000376 36.0 1 1 1
57 3 353.999808 172.999875 28.999458 16.999875 1 1 1
57 5 379.000026 172.000125 20.999736 15.0 1 1 1
58 14 1.9996200000000002 181.000125 115.00050599999999 37.000125000000004 1 1 1
58 1 92.999718 174.0 90.000288 37.999875 1 1 1
58 3 348.999516 172.999875 31.00032 18.0 1 1 1
58 5 376.00059600000003 172.999875 20.999736 15.0 1 1 1
59 14 0.0 180.0 98.00001 39.0 1 1 1
59 1 71.999982 174.0 97.0002 39.0 1 1 1
59 3 345.00027600000004 172.000125 31.00032 19.000124999999997 1 1 1
59 5 372.000114 172.000125 23.000598 16.000124999999997 1 1 1
60 14 0.0 183.0 77.00027399999999 39.0 1 1 1
60 1 50.000436 172.999875 103.000302 42.0 1 1 1
60 3 340.999794 172.000125 31.00032 18.0 1 1 1
60 5 367.999632 171.0 24.000408 16.000124999999997 1 1 1
61 14 0.0 186.0 52.000056 31.999875000000003 1 1 1
61 1 25.000218 172.000125 112.99964399999999 43.999875 1 1 1
61 3 335.999502 171.0 32.99994 19.000124999999997 1 1 1
61 5 365.000202 171.0 24.000408 16.000124999999997 1 1 1
62 14 0.0 196.99987500000003 26.000028 22.999875 1 1 1
62 1 2.9994300000000003 171.0 116.000316 45.0 1 1 1
62 3 331.00045200000005 171.0 33.99975 19.000124999999997 1 1 1
62 5 359.99990999999994 169.999875 26.000028 16.999875 1 1 1
63 1 0.0 171.0 99.99963000000001 48.0 1 1 1
63 3 326.00016 171.0 34.99956 19.999875 1 1 1
63 5 357.00048 169.999875 26.000028 16.999875 1 1 1
64 1 0.0 172.000125 80.99951399999999 49.999875 1 1 1
64 3 320.99986800000005 172.000125 36.000612000000004 19.999875 1 1 1
64 5 352.999998 171.0 27.999648 18.0 1 1 1
65 1 0.0 174.0 58.999967999999996 45.0 1 1 1
65 3 315.999576 172.000125 37.000422 21.0 1 1 1
65 5 348.999516 172.000125 28.999458 18.0 1 1 1
66 1 0.0 174.0 36.000612000000004 46.999875 1 1 1
66 3 311.000526 172.999875 37.000422 19.999875 1 1 1
66 5 345.00027600000004 172.000125 28.999458 18.0 1 1 1
67 3 306.00023400000003 172.999875 37.000422 21.0 1 1 1
67 5 340.999794 172.000125 27.999648 18.0 1 1 1
68 3 299.00032200000004 172.000125 39.000042 21.0 1 1 1
68 5 337.00055399999997 171.0 26.999838 18.0 1 1 1
68 4 366.000012 174.0 19.999926 13.999875 1 1 1
69 3 294.00003000000004 172.999875 39.999852 21.0 1 1 1
69 5 333.00007200000005 171.0 26.999838 19.999875 1 1 1
69 4 357.00048 172.999875 27.999648 15.0 1 1 1
70 3 287.000118 172.999875 41.999472 22.000125 1 1 1
70 5 327.99978 171.0 26.999838 19.999875 1 1 1
70 4 358.00028999999995 174.0 25.000218 15.0 1 1 1
71 3 281.000016 172.000125 44.000334 22.999875 1 1 1
71 5 322.99948800000004 171.0 33.99975 19.000124999999997 1 1 1
71 4 352.000188 172.999875 28.999458 16.000124999999997 1 1 1
72 3 274.999914 172.000125 45.000144 22.999875 1 1 1
72 5 318.00043800000003 171.0 33.99975 21.0 1 1 1
72 4 347.999706 172.999875 28.999458 16.000124999999997 1 1 1
73 3 268.000002 172.999875 46.999764 22.999875 1 1 1
73 5 316.99938599999996 171.0 31.00032 19.999875 1 1 1
73 4 346.000086 172.999875 28.999458 16.999875 1 1 1
74 3 261.00009 174.0 47.999574 22.999875 1 1 1
74 5 307.000044 171.0 36.000612000000004 19.999875 1 1 1
74 4 345.00027600000004 172.999875 26.999838 16.999875 1 1 1
75 3 254.000178 172.000125 48.999384 25.000125 1 1 1
75 5 300.99994200000003 169.999875 36.000612000000004 21.0 1 1 1
75 4 339.999984 172.999875 27.999648 16.999875 1 1 1
76 3 248.000076 172.999875 50.000436 25.000125 1 1 1
76 5 296.99946 169.999875 34.99956 21.0 1 1 1
76 4 333.999882 172.999875 31.00032 18.0 1 1 1
77 3 239.000544 172.999875 52.999866000000004 25.000125 1 1 1
77 5 291.0006 171.0 40.999662 22.000125 1 1 1
77 4 329.9994 172.999875 32.00013 18.0 1 1 1
78 3 231.99938999999998 174.0 54.999486000000005 25.999875000000003 1 1 1
78 5 285.000498 171.0 43.000524 22.999875 1 1 1
78 4 326.00016 172.999875 32.99994 19.000124999999997 1 1 1
79 3 222.999858 174.0 57.000347999999995 26.999999999999996 1 1 1
79 5 279.000396 171.0 44.000334 24.0 1 1 1
79 4 320.99986800000005 172.999875 33.99975 19.999875 1 1 1
80 3 213.000516 175.000125 59.999778 26.999999999999996 1 1 1
80 5 272.00048400000003 172.000125 45.999954 24.0 1 1 1
80 4 316.99938599999996 174.0 33.99975 19.000124999999997 1 1 1
81 3 202.999932 175.000125 63.00045 26.999999999999996 1 1 1
81 5 263.99952 172.000125 48.999384 25.000125 1 1 1
81 4 309.999474 172.999875 37.000422 19.999875 1 1 1
82 3 193.00059000000002 174.0 65.99988 28.999875 1 1 1
82 5 257.999418 172.000125 48.999384 24.0 1 1 1
82 4 307.000044 172.999875 36.000612000000004 21.0 1 1 1
83 3 183.000006 175.000125 69.000552 28.999875 1 1 1
83 5 249.999696 171.0 52.000056 25.999875000000003 1 1 1
83 4 301.999752 172.999875 38.000232000000004 21.0 1 1 1
84 3 170.999802 175.000125 72.999792 28.999875 1 1 1
84 5 241.00016399999998 171.0 54.999486000000005 25.999875000000003 1 1 1
84 4 295.99965000000003 172.999875 37.000422 21.0 1 1 1
85 3 159.999408 174.0 76.00046400000001 31.000125 1 1 1
85 5 234.000252 171.0 56.000538 26.999999999999996 1 1 1
85 4 288.99973800000004 174.0 40.999662 19.999875 1 1 1
86 3 146.999394 174.0 78.000084 31.000125 1 1 1
86 5 230.99957999999998 169.999875 52.999866000000004 28.000125 1 1 1
86 4 283.99944600000003 174.0 40.999662 19.999875 1 1 1
87 3 132.99957 174.0 80.99951399999999 31.999875000000003 1 1 1
87 5 220.00042800000003 169.999875 51.000246000000004 28.999875 1 1 1
87 4 276.999534 172.000125 43.000524 22.999875 1 1 1
88 3 119.999556 174.0 80.99951399999999 33.0 1 1 1
88 5 209.000034 169.000125 60.999587999999996 28.000125 1 1 1
88 4 270.999432 172.999875 44.000334 22.000125 1 1 1
89 3 105.99973200000001 175.000125 79.999704 33.0 1 1 1
89 5 197.99964 169.999875 65.99988 30.0 1 1 1
89 4 266.000382 172.999875 44.000334 22.999875 1 1 1
90 3 90.000288 174.0 82.00056599999999 34.999875 1 1 1
90 5 189.000108 169.999875 67.9995 31.000125 1 1 1
90 4 256.999608 172.000125 46.999764 24.0 1 1 1
91 3 72.999792 172.999875 98.00001 37.000125000000004 1 1 1
91 5 177.999714 169.999875 71.999982 31.000125 1 1 1
91 4 252.00055799999998 172.000125 45.999954 24.0 1 1 1
92 3 58.000158 174.0 98.00001 37.000125000000004 1 1 1
92 5 167.000562 169.999875 73.999602 31.999875000000003 1 1 1
92 4 243.999594 171.0 46.999764 25.000125 1 1 1
93 3 37.000422 174.0 105.99973200000001 39.0 1 1 1
93 5 154.00054799999998 171.0 78.999894 31.999875000000003 1 1 1
93 4 234.000252 172.000125 51.000246000000004 25.000125 1 1 1
94 3 17.000496000000002 175.000125 111.99983399999999 39.0 1 1 1
94 5 146.999394 171.0 77.00027399999999 34.000125 1 1 1
94 4 224.99947799999998 172.999875 52.999866000000004 25.999875000000003 1 1 1
95 3 0.9998100000000001 174.0 113.99945399999999 40.999875 1 1 1
95 5 130.99995 171.0 80.99951399999999 34.999875 1 1 1
95 4 215.99994600000002 172.999875 54.999486000000005 25.999875000000003 1 1 1
96 3 0.0 174.0 98.99982 45.0 1 1 1
96 5 115.00050599999999 171.0 86.999616 36.0 1 1 1
96 4 207.000414 172.999875 57.000347999999995 26.999999999999996 1 1 1
97 3 0.0 174.0 82.00056599999999 46.999875 1 1 1
97 5 99.99963000000001 171.0 91.000098 37.000125000000004 1 1 1
97 4 196.00002 172.999875 60.999587999999996 28.000125 1 1 1
98 3 0.0 175.999875 61.999398 42.0 1 1 1
98 5 85.99980599999999 172.000125 93.999528 37.999875 1 1 1
98 4 188.00029800000002 174.0 60.999587999999996 28.000125 1 1 1
99 3 0.0 177.0 45.999954 43.000125000000004 1 1 1
99 5 71.000172 172.000125 98.00001 39.0 1 1 1
99 4 176.999904 174.0 64.00026 28.000125 1 1 1
100 5 53.999676 172.999875 104.99992200000001 40.000125 1 1 1
100 4 165.99951 175.000125 65.99988 28.000125 1 1 1
101 5 38.000232000000004 172.999875 108.000594 42.0 1 1 1
101 4 156.000168 175.999875 66.99969 28.999875 1 1 1
101 6 178.999524 166.000125 54.999486000000005 22.999875 1 1 1
102 5 19.999926 174.0 112.99964399999999 43.000125000000004 1 1 1
102 4 145.999584 177.0 69.000552 30.0 1 1 1
102 6 169.999992 168.0 56.000538 24.0 1 1 1
103 5 0.9998100000000001 175.999875 118.99974599999999 45.0 1 1 1
103 4 133.99938 178.000125 71.000172 31.000125 1 1 1
103 6 161.00046 169.000125 58.999967999999996 24.0 1 1 1
104 5 0.0 175.999875 104.99992200000001 46.999875 1 1 1
104 4 122.000418 178.000125 73.999602 33.0 1 1 1
104 6 148.000446 169.999875 64.00026 24.0 1 1 1
105 5 0.0 175.999875 90.000288 48.0 1 1 1
105 4 109.000404 178.000125 77.00027399999999 33.0 1 1 1
105 6 131.99976 169.000125 71.000172 25.000125 1 1 1
106 5 0.0 175.000125 74.999412 49.000125000000004 1 1 1
106 4 95.00058 177.0 80.99951399999999 34.000125 1 1 1
106 6 124.999848 168.0 71.000172 25.000125 1 1 1
106 40 248.000076 169.000125 6.999912 22.000125 1 1 1
107 5 0.0 175.000125 58.000158 43.999875 1 1 1
107 4 82.00056599999999 175.999875 83.000376 34.999875 1 1 1
107 6 115.00050599999999 166.999875 71.999982 25.000125 1 1 1
107 40 235.99987199999998 168.0 13.999824 22.000125 1 1 1
108 5 0.0 178.999875 40.999662 40.999875 1 1 1
108 4 67.9995 175.999875 85.99980599999999 36.0 1 1 1
108 6 104.000112 166.999875 74.999412 25.999875000000003 1 1 1
108 40 220.00042800000003 168.0 32.00013 22.000125 1 1 1
109 4 51.000246000000004 177.0 91.000098 37.000125000000004 1 1 1
109 6 89.000478 166.999875 83.000376 25.999875000000003 1 1 1
109 40 209.000034 168.0 21.999546 21.0 1 1 1
110 4 31.00032 175.999875 97.0002 37.999875 1 1 1
110 6 72.999792 166.000125 86.999616 26.999999999999996 1 1 1
110 40 202.000122 168.0 41.999472 22.000125 1 1 1
111 4 17.000496000000002 175.999875 98.99982 39.0 1 1 1
111 6 58.999967999999996 166.000125 91.000098 28.000125 1 1 1
111 40 196.00002 168.0 26.000028 22.000125 1 1 1
112 4 0.0 175.999875 102.00049200000001 40.000125 1 1 1
112 6 48.999384 166.000125 90.000288 28.000125 1 1 1
112 40 188.00029800000002 166.000125 26.000028 24.0 1 1 1
113 4 0.0 175.999875 89.000478 42.0 1 1 1
113 6 34.99956 166.000125 82.00056599999999 28.000125 1 1 1
113 40 180.000576 166.999875 26.999838 22.999875 1 1 1
114 4 0.0 175.999875 71.999982 42.0 1 1 1
114 6 15.999443999999999 163.999875 100.99944 30.0 1 1 1
114 40 170.999802 166.000125 34.99956 24.0 1 1 1
115 4 0.0 177.0 58.999967999999996 39.0 1 1 1
115 6 12.000204 165.0 93.999528 31.000125 1 1 1
115 40 163.00008 166.000125 28.999458 25.000125 1 1 1
116 4 0.0 178.000125 43.000524 39.0 1 1 1
116 6 0.0 165.0 87.999426 31.999875000000003 1 1 1
116 40 155.000358 166.999875 30.00051 25.000125 1 1 1
117 6 0.0 166.000125 91.000098 31.999875000000003 1 1 1
117 40 146.999394 166.999875 31.00032 25.000125 1 1 1
118 6 0.0 165.0 78.999894 34.999875 1 1 1
118 40 138.999672 166.999875 32.00013 25.999875000000003 1 1 1
119 6 0.0 166.000125 70.000362 34.000125 1 1 1
119 40 130.99995 168.0 32.00013 25.999875000000003 1 1 1
120 6 0.0 165.0 58.000158 33.0 1 1 1
120 40 124.000038 168.0 32.00013 25.999875000000003 1 1 1
121 40 117.99993599999999 168.0 33.99975 25.999875000000003 1 1 1
122 40 112.99964399999999 168.0 32.99994 25.999875000000003 1 1 1
123 40 105.99973200000001 166.999875 37.000422 26.999999999999996 1 1 1
124 40 99.99963000000001 168.0 48.999384 26.999999999999996 1 1 1
125 40 93.999528 168.0 37.000422 28.000125 1 1 1
126 40 86.999616 169.000125 50.000436 28.000125 1 1 1
127 40 78.999894 169.999875 38.000232000000004 28.999875 1 1 1
128 40 69.000552 171.0 52.999866000000004 28.999875 1 1 1
129 40 59.999778 172.000125 53.999676 28.999875 1 1 1
130 40 50.000436 172.000125 56.000538 30.0 1 1 1
131 40 39.999852 172.000125 66.99969 30.0 1 1 1
132 40 26.999838 172.000125 71.000172 30.0 1 1 1
133 40 15.999443999999999 171.0 72.999792 31.000125 1 1 1
134 40 5.000292 171.0 77.00027399999999 33.0 1 1 1
135 40 0.0 169.999875 70.000362 34.000125 1 1 1
136 40 0.0 172.999875 60.999587999999996 33.0 1 1 1
137 40 0.0 171.0 51.000246000000004 36.0 1 1 1
138 40 0.0 169.999875 39.000042 26.999999999999996 1 1 1
139 40 0.0 169.999875 27.999648 26.999999999999996 1 1 1
141 41 318.00043800000003 178.999875 32.00013 16.999875 1 1 1
142 41 313.000146 178.999875 34.99956 16.999875 1 1 1
143 41 308.999664 178.000125 36.000612000000004 18.0 1 1 1
144 41 305.000424 178.000125 37.000422 18.0 1 1 1
145 41 300.000132 178.000125 37.000422 16.999875 1 1 1
146 41 296.99946 178.000125 38.000232000000004 18.0 1 1 1
147 41 294.00003000000004 178.000125 37.000422 18.0 1 1 1
148 41 289.999548 178.999875 39.999852 16.999875 1 1 1
149 41 287.000118 178.999875 39.999852 16.999875 1 1 1
150 41 282.999636 178.000125 39.000042 19.000124999999997 1 1 1
151 41 280.000206 178.000125 45.000144 19.999875 1 1 1
152 41 276.999534 178.999875 52.000056 19.000124999999997 1 1 1
153 41 273.000294 178.999875 47.999574 19.999875 1 1 1
154 41 269.999622 178.999875 50.000436 19.000124999999997 1 1 1
155 41 267.000192 178.999875 32.00013 19.999875 1 1 1
156 41 265.000572 178.999875 45.000144 21.0 1 1 1
157 41 261.9999 178.999875 45.000144 21.0 1 1 1
158 41 259.00047 178.999875 45.000144 21.0 1 1 1
159 41 254.999988 178.999875 46.999764 22.000125 1 1 1
160 41 247.00026599999998 178.999875 51.000246000000004 22.999875 1 1 1
161 41 243.999594 178.999875 51.000246000000004 22.999875 1 1 1
162 41 239.000544 178.999875 52.999866000000004 24.0 1 1 1
163 41 234.000252 180.0 54.999486000000005 24.0 1 1 1
164 41 228.00015 181.000125 53.999676 24.0 1 1 1
165 41 221.00023800000002 181.999875 54.999486000000005 24.0 1 1 1
170 9 250.999506 178.999875 45.000144 28.000125 1 1 1
170 7 294.00003000000004 183.0 36.000612000000004 21.0 1 1 1
170 25 329.9994 184.000125 19.000116000000002 18.0 1 1 1
170 41 183.000006 184.000125 61.999398 26.999999999999996 1 1 1
171 9 261.9999 180.0 28.999458 26.999999999999996 1 1 1
171 7 288.99973800000004 181.999875 37.000422 22.000125 1 1 1
171 25 325.00034999999997 184.000125 33.99975 18.0 1 1 1
171 41 174.000474 184.000125 61.999398 25.999875000000003 1 1 1
172 9 252.00055799999998 178.999875 33.99975 28.000125 1 1 1
172 7 282.999636 181.000125 39.999852 22.999875 1 1 1
172 25 321.999678 183.0 33.99975 18.0 1 1 1
172 41 176.999904 183.0 50.000436 28.999875 1 1 1
173 9 241.99997399999998 178.999875 38.000232000000004 28.000125 1 1 1
173 7 278.000586 181.000125 39.000042 22.999875 1 1 1
173 25 324.00054 181.999875 30.00051 19.000124999999997 1 1 1
173 41 156.000168 181.999875 64.00026 28.000125 1 1 1
174 9 231.99938999999998 178.999875 43.000524 28.999875 1 1 1
174 7 273.000294 181.999875 41.999472 22.000125 1 1 1
174 25 312.000336 183.0 39.000042 19.000124999999997 1 1 1
174 41 142.000344 183.0 70.000362 28.999875 1 1 1
175 9 219.000618 178.000125 48.999384 30.0 1 1 1
175 7 266.000382 181.000125 44.000334 21.0 1 1 1
175 25 318.00043800000003 181.999875 30.00051 21.0 1 1 1
175 41 129.00033 183.0 71.999982 30.0 1 1 1
176 9 206.000604 178.999875 56.000538 30.0 1 1 1
176 7 261.00009 181.999875 40.999662 21.0 1 1 1
176 25 306.00023400000003 181.999875 38.000232000000004 21.0 1 1 1
176 41 115.00050599999999 183.0 72.999792 31.999875000000003 1 1 1
177 9 191.999538 180.0 61.999398 31.000125 1 1 1
177 7 248.999886 183.0 51.000246000000004 22.999875 1 1 1
177 25 298.000512 183.0 41.999472 22.000125 1 1 1
177 41 100.99944 183.0 70.000362 33.0 1 1 1
178 9 175.000284 180.0 70.000362 31.000125 1 1 1
178 7 244.999404 183.0 48.999384 24.0 1 1 1
178 25 292.00041 183.0 41.999472 22.000125 1 1 1
178 41 84.000186 183.0 69.000552 34.000125 1 1 1
179 9 163.99989 178.000125 71.999982 31.999875000000003 1 1 1
179 7 235.99987199999998 181.999875 52.000056 25.000125 1 1 1
179 25 285.000498 183.0 47.999574 22.000125 1 1 1
179 41 66.99969 181.000125 98.99982 34.999875 1 1 1
180 21 499.999392 180.0 39.000042 31.999875000000003 1 1 1
180 9 156.000168 177.0 71.000172 34.000125 1 1 1
180 7 226.00053 180.0 54.999486000000005 25.000125 1 1 1
180 25 278.000586 181.000125 45.999954 22.999875 1 1 1
180 23 541.0002959999999 178.999875 25.000218 19.000124999999997 1 1 1
180 41 45.999954 180.0 66.99969 34.999875 1 1 1
181 21 491.99967000000004 178.999875 43.000524 34.999875 1 1 1
181 9 136.00024200000001 175.999875 79.999704 36.0 1 1 1
181 7 215.00013600000003 180.0 57.000347999999995 25.999875000000003 1 1 1
181 25 272.00048400000003 180.0 46.999764 22.999875 1 1 1
181 23 538.999434 178.000125 26.000028 19.999875 1 1 1
181 41 25.000218 184.000125 109.000404 31.999875000000003 1 1 1
182 21 483.99994799999996 181.000125 46.999764 37.000125000000004 1 1 1
182 9 121.000608 175.999875 85.99980599999999 37.000125000000004 1 1 1
182 7 206.000604 180.0 58.000158 26.999999999999996 1 1 1
182 25 265.000572 181.000125 48.999384 22.999875 1 1 1
182 23 536.000004 178.000125 28.999458 21.0 1 1 1
182 41 0.9998100000000001 181.000125 116.000316 37.999875 1 1 1
183 21 472.999554 181.000125 51.000246000000004 40.999875 1 1 1
183 9 105.99973200000001 177.0 85.99980599999999 37.999875 1 1 1
183 7 201.000312 181.000125 51.000246000000004 28.000125 1 1 1
183 25 257.999418 181.000125 50.000436 24.0 1 1 1
183 23 533.000574 178.999875 31.00032 22.000125 1 1 1
183 41 13.999824 183.0 85.99980599999999 36.0 1 1 1
184 21 461.000592 181.999875 56.000538 45.0 1 1 1
184 9 89.000478 178.000125 92.999718 37.999875 1 1 1
184 7 181.000386 181.999875 67.9995 28.000125 1 1 1
184 25 248.000076 181.999875 53.999676 24.0 1 1 1
184 23 529.999902 180.0 32.99994 22.000125 1 1 1
184 41 34.99956 184.000125 46.999764 37.000125000000004 1 1 1
185 21 444.99990599999995 181.999875 63.00045 49.999875 1 1 1
185 9 70.000362 177.0 99.99963000000001 40.000125 1 1 1
185 7 168.000372 181.999875 71.999982 28.000125 1 1 1
185 25 240.000354 181.999875 54.999486000000005 25.000125 1 1 1
185 23 525.99942 178.999875 33.99975 22.999875 1 1 1
185 41 0.0 183.0 59.999778 40.000125 1 1 1
186 21 425.99979 181.999875 71.999982 57.0 1 1 1
186 9 51.000246000000004 178.000125 106.999542 40.999875 1 1 1
186 7 154.00054799999998 181.999875 77.00027399999999 30.0 1 1 1
186 25 229.99976999999998 181.000125 58.000158 25.999875000000003 1 1 1
186 23 522.99999 178.999875 36.000612000000004 25.000125 1 1 1
186 41 0.0 184.999875 38.000232000000004 40.000125 1 1 1
187 21 399.999762 184.000125 84.999996 66.0 1 1 1
187 9 27.999648 178.000125 112.99964399999999 40.999875 1 1 1
187 7 139.999482 183.0 79.999704 31.000125 1 1 1
187 25 220.00042800000003 181.999875 59.999778 26.999999999999996 1 1 1
187 23 518.999508 180.0 38.000232000000004 25.999875000000003 1 1 1
187 41 0.0 192.0 11.000394 36.0 1 1 1
188 21 365.000202 184.999875 103.000302 79.000125 1 1 1
188 9 6.000102 178.999875 118.99974599999999 46.000125 1 1 1
188 7 124.999848 183.0 84.000186 31.999875000000003 1 1 1
188 25 209.99984400000002 183.0 61.999398 26.999999999999996 1 1 1
188 23 514.000458 181.000125 39.999852 28.000125 1 1 1
189 21 313.000146 187.000125 131.99976 97.000125 1 1 1
189 9 2.9994300000000003 180.0 103.000302 49.000125000000004 1 1 1
189 7 108.000594 184.000125 89.000478 33.0 1 1 1
189 25 196.99983 184.000125 65.99988 28.000125 1 1 1
189 23 508.000356 181.999875 44.000334 28.999875 1 1 1
190 21 231.99938999999998 189.0 177.999714 124.000125 1 1 1
190 9 0.0 181.999875 84.999996 49.999875 1 1 1
190 7 87.999426 186.0 96.00039000000001 34.999875 1 1 1
190 25 185.999436 186.0 69.000552 28.000125 1 1 1
190 23 501.000444 184.000125 46.999764 31.000125 1 1 1
191 21 80.99951399999999 195.0 276.999534 169.000125 1 1 1
191 9 0.0 184.000125 64.00026 48.0 1 1 1
191 7 70.000362 187.999875 102.00049200000001 36.0 1 1 1
191 25 171.99961199999998 187.999875 69.000552 28.999875 1 1 1
191 23 492.99948 184.999875 52.000056 34.000125 1 1 1
192 21 0.0 204.00000000000003 268.000002 171.0 1 1 1
192 9 0.0 186.0 39.999852 30.0 1 1 1
192 7 52.000056 187.999875 103.000302 18.0 1 1 1
192 25 163.99989 187.999875 69.000552 26.999999999999996 1 1 1
192 23 482.00032799999997 184.999875 57.000347999999995 39.0 1 1 1
193 21 0.0 244.99987500000003 72.999792 130.000125 1 1 1
193 7 25.000218 187.999875 117.000126 39.0 1 1 1
193 25 142.000344 187.999875 80.99951399999999 31.000125 1 1 1
193 23 470.00012399999997 186.0 63.00045 42.0 1 1 1
194 7 0.9998100000000001 187.000125 121.000608 40.999875 1 1 1
194 25 124.999848 187.999875 85.99980599999999 31.999875000000003 1 1 1
194 23 452.99962800000003 187.000125 71.999982 48.0 1 1 1
195 7 0.0 187.000125 103.000302 43.999875 1 1 1
195 25 105.99973200000001 187.999875 91.000098 34.000125 1 1 1
195 23 432.999702 187.000125 83.000376 55.999874999999996 1 1 1
196 7 0.0 186.0 80.99951399999999 45.0 1 1 1
196 25 85.99980599999999 186.0 97.0002 34.999875 1 1 1
196 23 405.00005400000003 187.000125 100.99944 64.99987499999999 1 1 1
197 7 0.0 186.0 58.000158 40.999875 1 1 1
197 25 63.00045 184.999875 104.000112 37.000125000000004 1 1 1
197 23 366.000012 187.999875 124.000038 78.0 1 1 1
198 7 0.0 190.000125 30.00051 37.999875 1 1 1
198 25 38.000232000000004 184.000125 111.000024 37.999875 1 1 1
198 23 307.000044 189.0 162.00027 94.99987499999999 1 1 1
199 25 11.000394 184.999875 118.99974599999999 40.999875 1 1 1
199 23 208.000224 192.0 230.99957999999998 124.999875 1 1 1
200 25 0.0 186.0 109.000404 43.000125000000004 1 1 1
200 23 14.999633999999999 196.99987500000003 379.000026 178.000125 1 1 1
200 22 524.99961 181.000125 34.99956 26.999999999999996 1 1 1
201 25 0.0 187.000125 84.000186 36.0 1 1 1
201 23 0.0 207.00000000000003 318.00043800000003 168.0 1 1 1
201 22 520.00056 180.0 38.000232000000004 30.0 1 1 1
202 25 0.0 186.0 58.999967999999996 42.0 1 1 1
202 23 0.0 274.00012499999997 152.999496 100.999875 1 1 1
202 22 512.999406 178.999875 40.999662 31.000125 1 1 1
203 25 0.0 189.0 30.00051 43.000125000000004 1 1 1
203 22 505.999494 178.000125 45.000144 34.000125 1 1 1
204 22 496.999962 178.000125 48.999384 37.999875 1 1 1
205 22 487.00062 178.999875 54.999486000000005 40.999875 1 1 1
206 22 472.999554 178.000125 61.999398 45.0 1 1 1
207 22 457.99992 175.999875 70.000362 52.000125000000004 1 1 1
208 22 437.000184 177.0 80.99951399999999 60.0 1 1 1
209 22 409.000536 180.0 97.0002 69.0 1 1 1
210 22 370.00049399999995 181.999875 118.99974599999999 82.000125 1 1 1
211 22 311.000526 183.0 155.000358 103.000125 1 1 1
212 22 214.000326 183.0 219.000618 130.999875 1 1 1
213 22 18.000306000000002 181.999875 359.99990999999994 193.000125 1 1 1
214 22 0.0 187.999875 275.999724 187.000125 1 1 1
215 24 462.000402 180.0 65.99988 51.00000000000001 1 1 1
215 29 542.000106 181.000125 27.999648 21.0 1 1 1
215 35 384.000318 175.000125 28.999458 21.0 1 1 1
216 24 440.999424 181.000125 76.00046400000001 58.999875 1 1 1
216 29 538.999434 181.000125 28.999458 24.0 1 1 1
216 35 379.999836 175.999875 30.00051 21.0 1 1 1
217 24 411.999966 181.000125 91.999908 70.999875 1 1 1
217 29 535.000194 181.999875 31.00032 25.000125 1 1 1
217 35 373.999734 175.000125 31.00032 22.000125 1 1 1
218 24 370.00049399999995 183.0 116.000316 85.000125 1 1 1
218 29 529.999902 183.0 33.99975 25.999875000000003 1 1 1
218 35 370.00049399999995 175.999875 32.99994 22.999875 1 1 1
219 24 306.00023400000003 186.0 155.000358 106.000125 1 1 1
219 29 524.99961 184.999875 37.000422 28.000125 1 1 1
219 35 366.000012 178.000125 32.00013 12.0 1 1 1
220 24 190.999728 189.0 231.99938999999998 142.999875 1 1 1
220 29 518.999508 186.0 39.999852 31.000125 1 1 1
220 35 363.000582 180.0 30.00051 13.999875 1 1 1
221 24 0.0 192.0 357.00048 183.0 1 1 1
221 29 512.999406 186.0 44.000334 33.0 1 1 1
221 35 355.999428 178.999875 33.99975 24.0 1 1 1
222 24 0.0 204.00000000000003 220.00042800000003 171.0 1 1 1
222 29 503.99987400000003 187.000125 48.999384 36.0 1 1 1
222 35 350.000568 178.999875 34.99956 24.0 1 1 1
223 29 494.00053199999996 184.999875 52.999866000000004 40.999875 1 1 1
223 35 345.00027600000004 178.000125 36.000612000000004 24.0 1 1 1
224 29 481.000518 186.0 59.999778 45.0 1 1 1
224 35 339.000174 178.000125 38.000232000000004 25.000125 1 1 1
225 29 465.999642 186.0 67.9995 51.00000000000001 1 1 1
225 35 332.000262 177.0 39.000042 25.999875000000003 1 1 1
226 29 444.99990599999995 187.000125 78.999894 58.999875 1 1 1
226 35 325.00034999999997 175.999875 40.999662 25.999875000000003 1 1 1
227 29 416.000448 187.999875 97.0002 69.0 1 1 1
227 35 316.99938599999996 175.999875 43.000524 25.999875000000003 1 1 1
228 29 373.999734 190.000125 121.000608 85.000125 1 1 1
228 35 308.999664 175.999875 44.000334 26.999999999999996 1 1 1
229 29 306.00023400000003 193.999875 163.99989 106.999875 1 1 1
229 35 300.000132 177.0 45.000144 26.999999999999996 1 1 1
230 29 183.999816 198.0 247.00026599999998 147.0 1 1 1
230 31 530.999712 180.0 34.99956 26.999999999999996 1 1 1
230 35 287.999928 175.999875 47.999574 26.999999999999996 1 1 1
231 29 0.0 207.00000000000003 364.000392 168.0 1 1 1
231 31 523.9998 180.0 38.000232000000004 28.000125 1 1 1
231 35 279.000396 175.000125 48.999384 30.0 1 1 1
232 29 0.0 232.000125 217.99956600000002 142.999875 1 1 1
232 31 516.999888 181.999875 40.999662 31.000125 1 1 1
232 35 266.000382 175.999875 52.000056 30.0 1 1 1
233 31 507.000546 181.999875 45.999954 34.000125 1 1 1
233 35 254.000178 177.0 53.999676 31.000125 1 1 1
234 31 496.999962 180.0 50.000436 37.000125000000004 1 1 1
234 35 241.00016399999998 175.000125 57.000347999999995 31.999875000000003 1 1 1
235 31 483.99994799999996 180.0 56.000538 42.0 1 1 1
235 35 226.00053 175.000125 60.999587999999996 31.999875000000003 1 1 1
236 31 468.000504 180.0 64.00026 48.0 1 1 1
236 35 211.99946400000002 175.000125 63.00045 34.999875 1 1 1
237 31 449.000388 181.000125 72.999792 55.000125 1 1 1
237 35 196.00002 175.000125 65.99988 37.000125000000004 1 1 1
238 31 423.00036 181.000125 86.999616 64.00012500000001 1 1 1
238 35 177.999714 175.999875 70.000362 37.000125000000004 1 1 1
239 31 387.999558 181.000125 106.999542 76.99987499999999 1 1 1
239 35 159.999408 175.000125 74.999412 39.0 1 1 1
240 31 335.999502 183.0 138.999672 94.99987499999999 1 1 1
240 35 139.999482 175.999875 80.99951399999999 40.000125 1 1 1
240 38 405.00005400000003 180.0 18.000306000000002 4.999874999999999 1 1 1
241 31 249.999696 186.0 194.0004 121.000125 1 1 1
241 35 117.000126 177.0 87.999426 42.0 1 1 1
241 38 398.999952 181.000125 24.000408 13.999875 1 1 1
242 31 83.000376 189.0 309.999474 175.000125 1 1 1
242 35 91.999908 177.0 93.999528 45.0 1 1 1
242 38 394.99947000000003 181.000125 25.000218 16.000124999999997 1 1 1
243 31 0.0 199.000125 305.000424 175.999875 1 1 1
243 35 67.9995 178.000125 97.0002 24.0 1 1 1
243 38 390.00042 181.000125 26.000028 16.000124999999997 1 1 1
244 31 0.0 256.999875 78.000084 118.000125 1 1 1
244 35 32.99994 178.000125 111.99983399999999 49.000125000000004 1 1 1
244 38 385.999938 181.000125 26.000028 16.000124999999997 1 1 1
245 35 0.0 175.999875 118.99974599999999 53.99999999999999 1 1 1
245 38 380.999646 181.000125 26.999838 16.999875 1 1 1
246 35 0.0 177.0 93.999528 55.999874999999996 1 1 1
246 38 374.99954399999996 180.0 30.00051 16.999875 1 1 1
247 35 0.0 175.999875 63.00045 55.000125 1 1 1
247 38 370.00049399999995 181.000125 30.00051 16.999875 1 1 1
248 35 0.0 180.0 30.00051 57.0 1 1 1
248 38 363.000582 181.999875 31.00032 18.0 1 1 1
249 38 358.00028999999995 184.000125 32.00013 18.0 1 1 1
250 38 351.000378 184.000125 32.99994 19.000124999999997 1 1 1
251 38 344.000466 184.000125 26.999838 19.000124999999997 1 1 1
255 37 522.00018 181.000125 36.000612000000004 28.000125 1 1 1
255 26 550.999638 181.000125 18.000306000000002 18.0 1 1 1
256 37 516.000078 183.0 39.999852 28.999875 1 1 1
256 26 548.000208 181.999875 19.000116000000002 19.000124999999997 1 1 1
257 37 509.000166 183.0 44.000334 31.999875000000003 1 1 1
257 38 295.99965000000003 184.999875 41.999472 24.0 1 1 1
257 26 543.999726 181.999875 21.999546 19.000124999999997 1 1 1
257 27 379.000026 183.0 27.999648 16.000124999999997 1 1 1
258 37 501.000444 178.999875 47.999574 34.999875 1 1 1
258 38 285.000498 181.999875 45.000144 24.0 1 1 1
258 26 542.000106 178.000125 21.999546 21.0 1 1 1
258 27 373.999734 180.0 28.999458 16.000124999999997 1 1 1
259 37 491.99967000000004 178.999875 52.000056 37.000125000000004 1 1 1
259 38 274.000104 181.000125 46.999764 24.0 1 1 1
259 26 537.999624 177.0 25.000218 21.0 1 1 1
259 27 368.999442 178.000125 30.00051 16.999875 1 1 1
259 32 393.99966 178.000125 24.000408 13.000125 1 1 1
260 37 479.99946600000004 181.999875 58.000158 40.999875 1 1 1
260 38 261.9999 183.0 50.000436 25.000125 1 1 1
260 26 533.000574 180.0 27.999648 22.999875 1 1 1
260 27 363.000582 181.000125 31.00032 16.999875 1 1 1
260 32 389.00061 181.000125 26.000028 13.000125 1 1 1
261 37 464.999832 183.0 65.99988 46.999875 1 1 1
261 38 248.999886 184.000125 52.000056 25.999875000000003 1 1 1
261 26 529.000092 181.000125 28.999458 25.000125 1 1 1
261 27 357.00048 181.999875 31.00032 16.999875 1 1 1
261 32 384.000318 181.000125 26.000028 15.0 1 1 1
262 37 445.999716 181.999875 76.00046400000001 53.99999999999999 1 1 1
262 38 235.99987199999998 181.000125 53.999676 28.000125 1 1 1
262 26 521.00037 180.0 34.99956 25.999875000000003 1 1 1
262 27 351.000378 178.999875 32.99994 18.0 1 1 1
262 32 378.000216 178.999875 26.999838 15.0 1 1 1
263 37 419.99968800000005 181.999875 91.000098 61.999875 1 1 1
263 38 221.00023800000002 180.0 58.000158 28.000125 1 1 1
263 26 514.000458 178.999875 38.000232000000004 28.000125 1 1 1
263 27 344.000466 177.0 33.99975 19.000124999999997 1 1 1
263 32 372.99992399999996 177.0 27.999648 16.000124999999997 1 1 1
264 37 385.999938 181.999875 110.00021400000001 73.000125 1 1 1
264 38 203.999742 178.000125 60.999587999999996 28.999875 1 1 1
264 26 505.999494 177.0 41.999472 30.0 1 1 1
264 27 335.999502 175.999875 36.000612000000004 19.000124999999997 1 1 1
264 32 366.000012 175.999875 28.999458 15.0 1 1 1
265 37 333.00007200000005 181.999875 143.000154 93.0 1 1 1
265 38 184.999626 178.999875 65.99988 30.0 1 1 1
265 26 496.999962 178.000125 45.999954 33.0 1 1 1
265 27 326.99996999999996 177.0 37.000422 19.000124999999997 1 1 1
265 32 360.99971999999997 177.0 25.000218 16.000124999999997 1 1 1
266 37 248.000076 184.999875 200.000502 117.0 1 1 1
266 38 164.9997 178.999875 70.000362 31.999875000000003 1 1 1
266 26 485.99956799999995 178.000125 51.000246000000004 37.000125000000004 1 1 1
266 27 319.000248 178.000125 19.000116000000002 15.0 1 1 1
267 37 83.000376 187.000125 320.99986800000005 169.999875 1 1 1
267 38 143.000154 180.0 76.00046400000001 34.000125 1 1 1
267 26 472.999554 178.999875 57.000347999999995 40.999875 1 1 1
267 32 345.00027600000004 178.000125 32.00013 15.0 1 1 1
268 37 0.0 196.000125 332.000262 178.999875 1 1 1
268 26 457.99992 180.0 65.00007 46.000125 1 1 1
268 27 300.000132 178.000125 41.999472 22.000125 1 1 1
268 32 338.000364 178.000125 33.99975 18.0 1 1 1
269 37 0.0 220.999875 175.000284 154.000125 1 1 1
269 38 95.00058 181.000125 85.99980599999999 37.000125000000004 1 1 1
269 26 439.999614 181.000125 73.999602 52.000125000000004 1 1 1
269 27 289.999548 178.000125 43.000524 22.999875 1 1 1
269 32 329.9994 178.000125 34.99956 19.000124999999997 1 1 1
269 33 553.0005 177.0 19.999926 16.999875 1 1 1
269 30 517.9996980000001 174.0 36.000612000000004 30.0 1 1 1
270 38 66.99969 181.999875 93.999528 39.0 1 1 1
270 26 414.999396 181.000125 87.999426 61.000125000000004 1 1 1
270 27 281.000016 178.999875 45.000144 22.999875 1 1 1
270 32 321.999678 178.000125 38.000232000000004 19.000124999999997 1 1 1
270 33 549.999828 177.0 23.000598 18.0 1 1 1
270 30 510.999786 172.999875 39.000042 31.999875000000003 1 1 1
271 38 34.99956 181.999875 103.000302 40.999875 1 1 1
271 26 383.00050799999997 183.0 105.99973200000001 72.0 1 1 1
271 27 269.999622 178.999875 47.999574 24.0 1 1 1
271 32 313.000146 177.0 39.999852 21.0 1 1 1
271 33 547.000398 177.0 25.000218 19.000124999999997 1 1 1
271 30 505.999494 174.0 41.999472 34.000125 1 1 1
272 38 1.9996200000000002 183.0 110.00021400000001 43.999875 1 1 1
272 26 334.99969200000004 184.999875 135.000432 85.000125 1 1 1
272 27 259.00047 178.999875 48.999384 25.000125 1 1 1
272 32 306.00023400000003 178.000125 40.999662 21.0 1 1 1
272 33 544.9995359999999 177.0 26.000028 21.0 1 1 1
272 30 497.999772 172.999875 47.999574 39.0 1 1 1
273 38 0.0 184.999875 84.000186 46.999875 1 1 1
273 26 261.00009 184.999875 182.000196 106.999875 1 1 1
273 27 246.00045599999999 178.999875 52.000056 25.999875000000003 1 1 1
273 32 295.99965000000003 178.000125 43.000524 22.000125 1 1 1
273 33 542.999916 177.0 26.999838 22.000125 1 1 1
273 30 489.00024 174.0 51.000246000000004 42.0 1 1 1
274 38 0.0 186.0 52.000056 43.000125000000004 1 1 1
274 26 129.00033 187.999875 275.999724 148.999875 1 1 1
274 27 230.99957999999998 178.000125 54.999486000000005 25.999875000000003 1 1 1
274 32 282.999636 178.999875 47.999574 15.0 1 1 1
274 33 538.999434 178.000125 30.00051 22.000125 1 1 1
274 30 477.000036 174.0 58.000158 46.000125 1 1 1
275 26 0.0 193.000125 340.999794 181.999875 1 1 1
275 27 217.99956600000002 178.999875 54.999486000000005 21.0 1 1 1
275 32 272.00048400000003 178.999875 51.000246000000004 22.000125 1 1 1
275 33 534.000384 178.000125 32.00013 22.999875 1 1 1
275 30 463.00021200000003 174.0 65.99988 52.999874999999996 1 1 1
276 26 0.0 205.000125 210.99965400000002 169.999875 1 1 1
276 27 201.000312 180.0 61.999398 28.000125 1 1 1
276 32 260.00028 178.999875 52.999866000000004 25.000125 1 1 1
276 33 529.999902 178.999875 33.99975 24.0 1 1 1
276 30 444.99990599999995 172.999875 74.999412 60.0 1 1 1
277 27 183.000006 180.0 65.99988 30.0 1 1 1
277 32 243.999594 178.000125 58.000158 25.999875000000003 1 1 1
277 33 524.99961 178.999875 37.000422 25.999875000000003 1 1 1
277 30 419.99968800000005 172.000125 89.000478 70.999875 1 1 1
278 27 163.00008 180.0 71.000172 31.000125 1 1 1
278 32 230.99957999999998 178.999875 60.999587999999996 26.999999999999996 1 1 1
278 33 518.999508 178.999875 39.999852 28.000125 1 1 1
278 30 386.99974799999995 169.999875 106.999542 85.000125 1 1 1
279 27 141.00053400000002 180.0 77.00027399999999 33.0 1 1 1
279 32 214.000326 178.999875 65.00007 28.000125 1 1 1
279 33 511.999596 178.999875 43.000524 30.0 1 1 1
279 30 335.999502 169.000125 139.999482 103.000125 1 1 1
280 27 117.000126 181.000125 83.000376 34.000125 1 1 1
280 32 196.00002 180.0 70.000362 28.999875 1 1 1
280 33 504.999684 180.0 45.000144 31.999875000000003 1 1 1
280 30 257.999418 168.0 190.999728 130.999875 1 1 1
281 27 91.000098 181.999875 87.999426 36.0 1 1 1
281 32 174.000474 181.000125 52.000056 28.000125 1 1 1
281 33 495.000342 181.000125 51.000246000000004 34.999875 1 1 1
281 30 108.000594 165.0 298.000512 180.0 1 1 1
282 33 483.99994799999996 181.000125 56.000538 40.999875 1 1 1
282 30 0.0 163.000125 334.99969200000004 211.999875 1 1 1
283 32 143.999964 181.000125 77.00027399999999 34.999875 1 1 1
283 33 470.00012399999997 181.999875 63.00045 43.999875 1 1 1
283 30 0.0 154.000125 178.999524 220.999875 1 1 1
284 27 0.0 183.0 104.99992200000001 43.000125000000004 1 1 1
284 32 100.99944 181.000125 100.99944 37.000125000000004 1 1 1
284 33 452.99962800000003 181.999875 71.000172 49.999875 1 1 1
285 27 0.0 184.999875 74.999412 46.000125 1 1 1
285 32 72.999792 181.999875 104.99992200000001 37.999875 1 1 1
285 33 431.000082 183.0 83.000376 58.000125 1 1 1
286 27 0.0 187.999875 38.000232000000004 39.0 1 1 1
286 32 39.000042 181.999875 109.000404 40.000125 1 1 1
286 33 399.999762 184.999875 100.99944 66.0 1 1 1
287 32 0.0 181.999875 139.999482 42.0 1 1 1
287 33 357.00048 186.0 126.999468 81.0 1 1 1
288 32 0.0 181.000125 112.99964399999999 45.0 1 1 1
288 33 292.00041 187.000125 167.000562 102.00000000000001 1 1 1
289 32 0.0 181.999875 83.000376 42.0 1 1 1
289 33 178.999524 189.0 244.999404 136.000125 1 1 1
290 32 5.000292 180.0 43.000524 45.0 1 1 1
290 33 0.0 193.999875 371.00030399999997 181.000125 1 1 1
291 33 0.0 205.000125 267.000192 169.999875 1 1 1
