207 130 751.99995 184.999875 26.999838 31.000125 1 1 1
208 130 757.000242 187.000125 31.00032 33.0 1 1 1
209 130 764.0001540000001 187.999875 31.00032 31.999875000000003 1 1 1
210 130 772.999686 190.000125 27.999648 31.000125 1 1 1
211 130 777.000168 186.0 24.000408 37.999875 1 1 1
212 130 784.00008 187.999875 30.00051 36.0 1 1 1
213 130 789.000372 187.999875 30.00051 37.999875 1 1 1
214 130 790.999992 181.000125 33.99975 46.999875 1 1 1
215 130 792.999612 175.999875 37.000422 52.999874999999996 1 1 1
216 130 798.999714 169.999875 37.000422 58.999875 1 1 1
217 130 804.000006 168.0 39.000042 61.999875 1 1 1
218 130 806.999436 169.999875 40.999662 70.999875 1 1 1
219 130 811.999728 165.0 44.000334 76.99987499999999 1 1 1
220 130 817.0000200000001 163.999875 44.000334 81.0 1 1 1
221 130 823.999932 163.999875 45.000144 84.0 1 1 1
222 130 822.000312 166.000125 56.000538 99.0 1 1 1
223 130 829.0002239999999 166.000125 59.999778 106.000125 1 1 1
224 130 836.000136 163.999875 65.99988 114.0 1 1 1
225 130 847.00053 163.999875 70.000362 121.99987499999999 1 1 1
226 130 857.999682 162.0 74.999412 129.0 1 1 1
227 130 870.999696 163.000125 85.99980599999999 135.0 1 1 1
228 130 886.0005719999999 162.0 87.999426 157.999875 1 1 1
229 130 902.999826 162.0 97.0002 156.0 1 1 1
230 130 921.000132 162.0 104.99992200000001 166.000125 1 1 1
231 130 941.000058 159.0 117.000126 196.000125 1 1 1
232 130 967.000086 159.0 128.00052 193.000125 1 1 1
233 130 995.999544 156.0 143.999964 208.000125 1 1 1
234 130 1031.000346 154.000125 163.99989 220.00012500000003 1 1 1
235 130 1077.0003 150.0 164.9997 225.0 1 1 1
236 130 1155.000384 148.000125 86.999616 226.999875 1 1 1
