45 6 479.99946600000004 187.999875 21.999546 16.000124999999997 1 1 1
45 21 628.999722 183.0 34.99956 13.999875 1 1 1
46 6 478.999656 187.999875 21.999546 16.000124999999997 1 1 1
46 21 629.9995319999999 181.999875 34.99956 13.999875 1 1 1
47 6 477.999846 187.999875 21.999546 15.0 1 1 1
47 21 628.999722 181.999875 36.000612000000004 13.999875 1 1 1
48 6 477.000036 187.000125 21.999546 16.000124999999997 1 1 1
48 21 628.999722 181.999875 34.99956 13.999875 1 1 1
49 6 476.000226 186.0 23.000598 16.999875 1 1 1
49 21 628.999722 181.000125 36.000612000000004 13.999875 1 1 1
50 6 475.00041600000003 187.000125 23.000598 16.000124999999997 1 1 1
50 21 628.999722 181.000125 36.000612000000004 13.999875 1 1 1
51 6 474.000606 187.000125 24.000408 16.000124999999997 1 1 1
51 21 629.9995319999999 181.999875 36.000612000000004 13.999875 1 1 1
52 6 472.999554 187.999875 25.000218 16.000124999999997 1 1 1
52 21 629.9995319999999 181.999875 37.000422 15.0 1 1 1
53 6 472.999554 187.999875 24.000408 16.999875 1 1 1
53 21 631.0005839999999 181.999875 37.000422 15.0 1 1 1
54 6 471.99974399999996 187.000125 25.000218 16.000124999999997 1 1 1
54 21 631.0005839999999 181.000125 38.000232000000004 16.000124999999997 1 1 1
55 6 471.99974399999996 184.999875 24.000408 16.999875 1 1 1
55 21 629.9995319999999 178.000125 39.000042 16.999875 1 1 1
56 6 470.00012399999997 184.000125 25.000218 16.999875 1 1 1
56 21 633.0002039999999 178.000125 38.000232000000004 16.999875 1 1 1
57 6 469.000314 184.000125 25.000218 18.0 1 1 1
57 21 634.000014 178.000125 38.000232000000004 16.000124999999997 1 1 1
58 6 468.000504 184.999875 25.000218 16.999875 1 1 1
58 21 634.000014 178.000125 39.000042 16.999875 1 1 1
59 6 466.999452 184.999875 24.000408 18.0 1 1 1
59 21 634.999824 178.999875 39.000042 16.999875 1 1 1
60 6 465.999642 184.999875 24.000408 18.0 1 1 1
60 21 635.999634 178.999875 38.000232000000004 18.0 1 1 1
61 6 464.000022 184.000125 23.000598 18.0 1 1 1
61 21 635.999634 177.0 39.000042 19.000124999999997 1 1 1
62 6 463.00021200000003 183.0 19.999926 16.999875 1 1 1
62 21 635.999634 174.0 39.999852 19.000124999999997 1 1 1
63 6 461.000592 181.999875 27.999648 16.999875 1 1 1
63 21 635.999634 172.000125 40.999662 19.000124999999997 1 1 1
64 6 458.99973 181.000125 26.999838 18.0 1 1 1
64 21 636.9994439999999 171.0 39.999852 19.999875 1 1 1
65 6 457.00010999999995 180.0 27.999648 16.999875 1 1 1
65 21 638.000496 169.999875 43.000524 19.999875 1 1 1
66 6 456.0003 180.0 27.999648 18.0 1 1 1
66 21 638.000496 171.0 41.999472 19.999875 1 1 1
67 6 463.00021200000003 181.000125 19.000116000000002 19.000124999999997 1 1 1
67 21 639.000306 171.0 44.000334 19.999875 1 1 1
68 6 456.0003 180.0 24.000408 19.000124999999997 1 1 1
68 21 638.000496 169.000125 45.999954 21.0 1 1 1
69 6 450.000198 180.0 28.999458 19.999875 1 1 1
69 21 640.000116 169.999875 45.000144 21.0 1 1 1
70 6 446.99952599999995 181.000125 31.00032 21.0 1 1 1
70 21 640.000116 171.0 45.999954 22.000125 1 1 1
71 6 444.000096 186.0 32.00013 21.0 1 1 1
71 21 640.999926 175.000125 46.999764 22.000125 1 1 1
72 6 439.999614 189.0 33.99975 22.000125 1 1 1
72 21 641.9997360000001 178.999875 46.999764 22.000125 1 1 1
73 6 437.000184 189.0 32.99994 22.000125 1 1 1
73 21 640.999926 178.999875 48.999384 22.999875 1 1 1
74 6 433.99951200000004 187.999875 28.999458 22.000125 1 1 1
74 21 641.9997360000001 178.000125 48.999384 22.999875 1 1 1
75 6 431.000082 186.0 34.99956 22.000125 1 1 1
75 21 642.999546 177.0 48.999384 22.000125 1 1 1
76 6 426.9996 184.000125 36.000612000000004 22.000125 1 1 1
76 21 642.999546 172.999875 51.000246000000004 24.0 1 1 1
77 6 423.00036 181.999875 37.000422 24.0 1 1 1
77 21 642.999546 172.999875 52.000056 22.999875 1 1 1
78 6 418.999878 184.000125 39.000042 22.999875 1 1 1
78 21 641.9997360000001 172.999875 53.999676 25.000125 1 1 1
79 6 418.999878 186.0 36.000612000000004 25.000125 1 1 1
79 21 645.000408 175.000125 52.000056 25.000125 1 1 1
80 6 411.999966 187.999875 40.999662 25.000125 1 1 1
80 21 645.000408 175.999875 52.999866000000004 24.0 1 1 1
81 6 406.999674 187.000125 40.999662 25.000125 1 1 1
81 21 646.0002179999999 175.999875 53.999676 25.000125 1 1 1
82 6 403.00043400000004 184.000125 41.999472 25.999875000000003 1 1 1
82 21 647.000028 172.999875 54.999486000000005 25.999875000000003 1 1 1
83 6 398.000142 181.999875 43.000524 26.999999999999996 1 1 1
83 21 647.000028 171.0 56.000538 26.999999999999996 1 1 1
84 6 392.99985000000004 181.999875 45.000144 28.000125 1 1 1
84 21 647.999838 171.0 58.000158 26.999999999999996 1 1 1
85 6 389.00061 184.000125 45.999954 28.000125 1 1 1
85 21 649.9994579999999 172.000125 57.000347999999995 26.999999999999996 1 1 1
86 6 385.00012799999996 184.999875 46.999764 28.999875 1 1 1
86 21 653.00013 172.000125 58.000158 28.999875 1 1 1
87 6 380.999646 184.000125 47.999574 30.0 1 1 1
87 21 654.9997500000001 172.999875 59.999778 28.999875 1 1 1
88 6 376.00059600000003 183.0 48.999384 31.000125 1 1 1
88 21 657.0006119999999 172.000125 60.999587999999996 30.0 1 1 1
89 6 370.00049399999995 181.999875 51.000246000000004 31.000125 1 1 1
89 21 659.000232 172.000125 60.999587999999996 30.0 1 1 1
90 6 364.000392 181.999875 52.999866000000004 31.000125 1 1 1
90 21 660.9998519999999 172.000125 61.999398 31.000125 1 1 1
91 6 357.00048 181.000125 52.000056 33.0 1 1 1
91 21 664.000524 174.0 64.00026 31.000125 1 1 1
92 6 350.000568 183.0 57.000347999999995 34.000125 1 1 1
92 21 666.0001440000001 175.000125 65.99988 31.999875000000003 1 1 1
93 6 342.999414 183.0 58.999967999999996 34.999875 1 1 1
93 21 667.999764 174.0 69.000552 34.000125 1 1 1
94 6 334.99969200000004 183.0 61.999398 34.999875 1 1 1
94 21 671.000436 174.0 69.000552 34.000125 1 1 1
95 6 333.00007200000005 183.0 58.000158 36.0 1 1 1
95 21 673.000056 174.0 71.000172 34.999875 1 1 1
96 6 316.99938599999996 184.000125 67.9995 37.999875 1 1 1
96 21 674.999676 174.0 72.999792 36.0 1 1 1
97 6 307.999854 184.999875 70.000362 39.0 1 1 1
97 21 677.000538 174.0 76.00046400000001 37.999875 1 1 1
98 6 296.99946 187.000125 73.999602 40.999875 1 1 1
98 21 679.999968 175.999875 78.999894 39.0 1 1 1
99 6 285.000498 190.000125 78.000084 42.0 1 1 1
99 21 682.999398 178.000125 82.00056599999999 40.999875 1 1 1
100 6 272.00048400000003 190.999875 82.00056599999999 43.999875 1 1 1
100 21 686.99988 180.0 84.000186 40.999875 1 1 1
101 6 256.999608 190.000125 86.999616 46.000125 1 1 1
101 21 690.0005520000001 178.999875 86.999616 43.000125000000004 1 1 1
102 6 241.99997399999998 189.0 91.000098 48.0 1 1 1
102 21 693.9997920000001 177.0 90.000288 45.0 1 1 1
103 6 224.99947799999998 190.000125 97.0002 49.999875 1 1 1
103 21 698.000274 175.999875 91.999908 48.0 1 1 1
104 6 206.000604 190.000125 104.000112 52.999874999999996 1 1 1
104 21 700.9997040000001 175.999875 98.00001 51.00000000000001 1 1 1
105 6 183.999816 190.000125 112.99964399999999 55.999874999999996 1 1 1
105 21 706.999806 175.999875 100.99944 52.000125000000004 1 1 1
106 6 159.999408 189.0 121.000608 61.000125000000004 1 1 1
106 21 712.000098 175.000125 104.99992200000001 55.000125 1 1 1
107 6 131.99976 190.999875 132.99957 63.00000000000001 1 1 1
107 21 718.0002 175.999875 111.000024 58.000125 1 1 1
108 6 99.99963000000001 192.0 145.999584 67.999875 1 1 1
108 21 724.0003019999999 175.999875 116.000316 61.999875 1 1 1
109 6 65.00007 192.0 161.00046 73.999875 1 1 1
109 21 730.000404 175.000125 123.00022799999999 64.99987499999999 1 1 1
110 6 20.999736 193.000125 181.000386 78.0 1 1 1
110 21 738.000126 174.0 130.00014 70.000125 1 1 1
111 6 0.0 195.0 174.000474 84.0 1 1 1
111 21 746.9996580000001 174.0 137.000052 75.0 1 1 1
112 6 0.0 196.99987500000003 143.000154 90.0 1 1 1
112 21 757.000242 174.0 145.999584 81.0 1 1 1
113 6 0.0 196.99987500000003 106.999542 84.0 1 1 1
113 21 770.0002559999999 172.999875 155.000358 88.000125 1 1 1
114 6 0.0 199.99987499999997 63.00045 85.000125 1 1 1
114 21 784.00008 171.0 168.000372 97.000125 1 1 1
115 6 0.0 234.0 12.000204 55.000125 1 1 1
115 21 801.0005759999999 171.0 182.000196 106.000125 1 1 1
116 21 822.000312 172.000125 197.99964 118.000125 1 1 1
117 21 847.00053 169.000125 215.99994600000002 136.000125 1 1 1
118 21 880.0004700000001 169.999875 237.99949199999998 154.000125 1 1 1
119 21 922.9997520000001 169.000125 265.000572 181.000125 1 1 1
120 21 980.0001000000001 168.0 261.9999 207.00000000000003 1 1 1
120 35 659.000232 174.0 40.999662 28.000125 1 1 1
121 21 1064.000286 168.0 177.999714 207.00000000000003 1 1 1
121 35 660.9998519999999 174.0 41.999472 30.0 1 1 1
122 21 1204.999578 229.999875 37.000422 145.000125 1 1 1
122 35 661.9996620000001 175.000125 44.000334 30.0 1 1 1
123 35 662.999472 175.000125 46.999764 30.0 1 1 1
124 35 664.000524 175.000125 48.999384 31.000125 1 1 1
125 35 665.000334 174.0 48.999384 31.999875000000003 1 1 1
126 35 666.0001440000001 174.0 52.000056 33.0 1 1 1
127 35 667.999764 172.999875 52.000056 34.000125 1 1 1
128 35 668.9995739999999 172.999875 53.999676 36.0 1 1 1
129 35 671.000436 174.0 57.000347999999995 36.0 1 1 1
130 35 673.000056 174.0 58.999967999999996 37.999875 1 1 1
131 35 673.999866 174.0 61.999398 40.000125 1 1 1
132 35 675.9994859999999 174.0 65.99988 40.999875 1 1 1
133 35 678.000348 174.0 69.000552 42.0 1 1 1
134 35 680.9997780000001 175.000125 73.999602 43.999875 1 1 1
135 35 682.999398 175.999875 82.00056599999999 46.000125 1 1 1
136 35 685.0002599999999 175.000125 87.999426 48.0 1 1 1
137 35 687.99969 172.999875 97.0002 49.999875 1 1 1
137 45 510.999786 175.000125 11.000394 15.0 1 1 1
138 35 692.000172 172.000125 109.000404 52.000125000000004 1 1 1
138 45 501.000444 175.999875 20.999736 13.000125 1 1 1
139 35 695.999412 172.999875 121.000608 53.99999999999999 1 1 1
139 45 502.00025400000004 175.999875 18.000306000000002 13.000125 1 1 1
140 35 700.9997040000001 172.999875 129.00033 57.0 1 1 1
140 45 499.999392 177.0 19.999926 13.000125 1 1 1
141 35 705.999996 174.0 135.000432 60.0 1 1 1
141 45 498.999582 178.999875 19.999926 13.000125 1 1 1
142 35 712.000098 174.0 139.999482 64.00012500000001 1 1 1
142 45 497.999772 178.999875 20.999736 13.000125 1 1 1
143 35 719.00001 175.000125 146.999394 67.999875 1 1 1
143 45 495.000342 178.999875 23.000598 13.999875 1 1 1
144 35 725.999922 175.000125 155.000358 70.999875 1 1 1
144 45 495.000342 178.999875 23.000598 13.999875 1 1 1
145 35 733.999644 174.0 163.00008 76.99987499999999 1 1 1
145 45 494.00053199999996 178.999875 23.000598 13.000125 1 1 1
146 35 744.000228 172.000125 172.999422 82.999875 1 1 1
146 45 490.99986 178.000125 24.000408 13.000125 1 1 1
147 35 752.99976 172.000125 184.999626 88.99987499999999 1 1 1
147 45 490.00005000000004 175.999875 25.000218 15.0 1 1 1
148 35 764.0001540000001 172.000125 196.99983 96.0 1 1 1
148 45 490.00005000000004 177.0 24.000408 13.999875 1 1 1
149 35 778.9997880000001 171.0 209.000034 105.00000000000001 1 1 1
149 45 488.00043 175.999875 24.000408 15.0 1 1 1
150 35 795.000474 171.0 223.99966799999999 115.00012500000001 1 1 1
150 42 450.000198 178.999875 28.999458 19.999875 1 1 1
150 45 487.00062 175.999875 24.000408 15.0 1 1 1
151 35 815.0004 169.999875 241.99997399999998 129.0 1 1 1
151 42 448.000578 178.999875 26.999838 19.999875 1 1 1
151 45 484.999758 175.999875 26.000028 16.000124999999997 1 1 1
152 35 837.999756 171.0 263.99952 144.0 1 1 1
152 42 445.999716 180.0 26.999838 22.000125 1 1 1
152 45 483.99994799999996 177.0 27.999648 16.000124999999997 1 1 1
153 35 869.000076 160.000125 285.000498 175.000125 1 1 1
153 42 444.000096 181.000125 27.999648 22.000125 1 1 1
153 45 482.00032799999997 178.000125 26.999838 16.999875 1 1 1
154 35 907.000308 174.0 318.00043800000003 189.0 1 1 1
154 42 439.999614 183.0 28.999458 22.000125 1 1 1
154 45 479.99946600000004 178.999875 27.999648 16.999875 1 1 1
155 35 958.0005540000001 174.0 283.99944600000003 201.0 1 1 1
155 42 436.000374 183.0 31.00032 22.000125 1 1 1
155 45 477.999846 178.999875 25.000218 16.999875 1 1 1
156 35 1027.999674 175.999875 214.000326 199.000125 1 1 1
156 42 431.99989200000005 181.999875 32.99994 22.999875 1 1 1
156 45 477.000036 178.999875 25.000218 16.999875 1 1 1
157 35 1130.999976 180.0 111.000024 195.0 1 1 1
157 42 429.000462 181.000125 32.99994 22.999875 1 1 1
157 45 475.00041600000003 177.0 26.000028 16.999875 1 1 1
158 42 424.00016999999997 181.000125 33.99975 24.0 1 1 1
158 45 472.999554 178.000125 23.000598 16.000124999999997 1 1 1
159 42 419.99968800000005 180.0 34.99956 25.000125 1 1 1
159 45 470.00012399999997 177.0 21.999546 16.000124999999997 1 1 1
160 32 657.0006119999999 169.999875 25.000218 24.0 1 1 1
160 42 416.000448 180.0 36.000612000000004 24.0 1 1 1
160 45 466.999452 177.0 18.000306000000002 15.0 1 1 1
161 32 658.0004220000001 169.000125 24.000408 25.000125 1 1 1
161 42 411.000156 178.999875 38.000232000000004 25.000125 1 1 1
161 45 465.999642 178.000125 13.000014 13.999875 1 1 1
162 32 660.000042 169.000125 20.999736 25.000125 1 1 1
162 42 405.999864 178.999875 39.999852 25.999875000000003 1 1 1
162 45 463.00021200000003 178.999875 7.999721999999999 13.999875 1 1 1
163 32 660.9998519999999 169.999875 26.999838 25.999875000000003 1 1 1
163 42 400.999572 180.0 40.999662 25.999875000000003 1 1 1
164 32 660.000042 169.000125 36.000612000000004 25.999875000000003 1 1 1
164 42 396.000522 180.0 41.999472 25.999875000000003 1 1 1
165 32 662.999472 169.999875 31.00032 26.999999999999996 1 1 1
165 42 391.00023 180.0 44.000334 28.000125 1 1 1
166 32 664.000524 169.999875 39.999852 28.000125 1 1 1
166 42 385.999938 181.000125 45.999954 28.000125 1 1 1
167 32 664.000524 169.999875 32.00013 28.000125 1 1 1
167 42 379.999836 180.0 39.999852 28.000125 1 1 1
168 32 665.000334 169.000125 38.000232000000004 28.999875 1 1 1
168 42 374.99954399999996 181.000125 30.00051 28.999875 1 1 1
169 32 666.0001440000001 169.000125 38.000232000000004 28.999875 1 1 1
169 42 368.999442 181.000125 19.999926 28.999875 1 1 1
169 45 476.000226 175.999875 8.999532 19.000124999999997 1 1 1
170 32 666.999954 168.0 38.000232000000004 30.0 1 1 1
170 45 465.999642 174.0 17.000496000000002 22.000125 1 1 1
170 51 497.999772 171.0 26.999838 16.999875 1 1 1
171 32 667.999764 168.0 39.999852 30.0 1 1 1
171 45 456.0003 172.999875 25.000218 22.999875 1 1 1
171 51 496.000152 171.0 26.999838 16.999875 1 1 1
172 32 667.999764 168.0 43.000524 31.000125 1 1 1
172 45 445.999716 174.0 36.000612000000004 22.000125 1 1 1
172 51 495.000342 171.0 28.999458 18.0 1 1 1
173 32 668.9995739999999 169.000125 45.000144 31.999875000000003 1 1 1
173 45 437.999994 175.000125 41.999472 22.000125 1 1 1
173 51 494.00053199999996 172.000125 27.999648 18.0 1 1 1
174 32 668.9995739999999 169.000125 45.999954 31.999875000000003 1 1 1
174 45 435.000564 175.000125 44.000334 22.999875 1 1 1
174 51 492.99948 172.000125 28.999458 18.0 1 1 1
175 32 669.9993840000001 169.000125 48.999384 34.000125 1 1 1
175 45 432.999702 175.999875 43.000524 22.999875 1 1 1
175 51 491.99967000000004 172.999875 27.999648 18.0 1 1 1
176 32 672.000246 171.0 51.000246000000004 31.999875000000003 1 1 1
176 42 360.99971999999997 183.0 34.99956 34.999875 1 1 1
176 45 431.99989200000005 177.0 44.000334 24.0 1 1 1
176 51 490.99986 174.0 28.999458 18.0 1 1 1
177 32 673.000056 171.0 53.999676 34.000125 1 1 1
177 42 340.999794 184.999875 56.000538 34.999875 1 1 1
177 45 431.000082 178.999875 44.000334 24.0 1 1 1
177 51 490.99986 175.000125 27.999648 19.000124999999997 1 1 1
178 32 674.999676 172.999875 56.000538 34.000125 1 1 1
178 42 320.000058 187.000125 71.999982 34.999875 1 1 1
178 45 429.000462 180.0 40.999662 24.0 1 1 1
178 51 490.00005000000004 177.0 28.999458 18.0 1 1 1
179 32 677.000538 174.0 54.999486000000005 34.000125 1 1 1
179 42 314.99976599999997 187.000125 71.000172 36.0 1 1 1
179 45 426.9996 178.999875 40.999662 25.000125 1 1 1
179 51 489.00024 175.999875 30.00051 19.999875 1 1 1
180 32 678.000348 172.999875 58.000158 34.999875 1 1 1
180 42 308.999664 187.000125 73.999602 36.0 1 1 1
180 45 425.99979 180.0 39.999852 25.000125 1 1 1
180 51 489.00024 175.999875 30.00051 19.000124999999997 1 1 1
181 32 679.000158 172.999875 58.999967999999996 34.999875 1 1 1
181 42 304.00061400000004 187.000125 76.00046400000001 37.000125000000004 1 1 1
181 45 424.00016999999997 178.999875 36.000612000000004 25.999875000000003 1 1 1
181 51 489.00024 175.000125 30.00051 19.999875 1 1 1
182 32 679.999968 172.000125 64.00026 36.0 1 1 1
182 42 298.000512 186.0 79.999704 37.999875 1 1 1
182 45 423.00036 178.000125 44.000334 26.999999999999996 1 1 1
182 51 488.00043 175.000125 30.00051 19.999875 1 1 1
183 32 681.999588 171.0 66.99969 37.000125000000004 1 1 1
183 42 293.00022 186.0 80.99951399999999 39.0 1 1 1
183 45 420.999498 178.000125 45.999954 25.999875000000003 1 1 1
183 51 488.00043 174.0 30.00051 19.999875 1 1 1
184 32 684.00045 169.999875 69.000552 37.999875 1 1 1
184 42 294.00003000000004 184.999875 76.00046400000001 40.000125 1 1 1
184 45 418.999878 178.000125 47.999574 25.000125 1 1 1
184 51 487.00062 174.0 31.00032 19.999875 1 1 1
185 32 685.0002599999999 169.999875 73.999602 37.999875 1 1 1
185 42 276.999534 184.000125 89.000478 40.999875 1 1 1
185 45 417.00025800000003 177.0 45.000144 25.000125 1 1 1
185 51 485.99956799999995 174.0 31.00032 19.000124999999997 1 1 1
186 32 686.00007 169.999875 78.000084 37.999875 1 1 1
186 42 275.999724 184.999875 85.99980599999999 40.999875 1 1 1
186 45 413.99958599999997 177.0 50.000436 25.999875000000003 1 1 1
186 51 484.999758 172.999875 32.00013 19.999875 1 1 1
187 32 686.99988 169.000125 80.99951399999999 39.0 1 1 1
187 42 268.999812 184.999875 90.000288 42.0 1 1 1
187 45 411.999966 177.0 50.000436 25.000125 1 1 1
187 51 483.99994799999996 172.999875 32.99994 19.999875 1 1 1
188 32 686.99988 168.0 84.999996 40.000125 1 1 1
188 42 261.00009 184.999875 92.999718 43.000125000000004 1 1 1
188 45 410.000346 175.999875 50.000436 25.999875000000003 1 1 1
188 51 483.99994799999996 172.999875 31.00032 19.999875 1 1 1
189 32 688.9995 169.000125 84.000186 40.000125 1 1 1
189 42 254.999988 184.000125 96.00039000000001 43.999875 1 1 1
189 45 407.999484 126.00000000000001 51.000246000000004 76.00012500000001 1 1 1
189 51 482.00032799999997 172.000125 32.99994 21.0 1 1 1
190 32 690.0005520000001 168.0 86.999616 40.999875 1 1 1
190 42 252.00055799999998 184.000125 95.00058 43.999875 1 1 1
190 45 405.999864 175.000125 52.000056 26.999999999999996 1 1 1
190 51 481.000518 172.000125 32.99994 21.0 1 1 1
191 32 691.000362 168.0 86.999616 40.999875 1 1 1
191 42 246.00045599999999 184.000125 97.0002 45.0 1 1 1
191 45 404.000244 175.999875 52.999866000000004 26.999999999999996 1 1 1
191 51 481.000518 172.000125 32.00013 21.0 1 1 1
192 32 692.000172 169.000125 85.99980599999999 40.999875 1 1 1
192 42 240.000354 184.000125 99.99963000000001 46.000125 1 1 1
192 45 400.999572 126.00000000000001 54.999486000000005 76.99987499999999 1 1 1
192 51 478.999656 172.000125 33.99975 21.0 1 1 1
193 32 692.000172 169.000125 87.999426 40.999875 1 1 1
193 42 233.000442 184.999875 102.00049200000001 46.999875 1 1 1
193 45 398.999952 177.0 54.999486000000005 26.999999999999996 1 1 1
193 51 477.999846 172.000125 33.99975 21.0 1 1 1
194 32 692.000172 169.000125 91.000098 42.0 1 1 1
194 42 228.00015 184.999875 104.000112 48.0 1 1 1
194 45 398.000142 127.000125 53.999676 76.99987499999999 1 1 1
194 51 477.000036 172.999875 33.99975 21.0 1 1 1
195 32 692.999982 169.000125 92.999718 43.000125000000004 1 1 1
195 42 222.999858 186.0 104.99992200000001 48.0 1 1 1
195 45 394.99947000000003 127.999875 56.000538 76.99987499999999 1 1 1
195 51 476.000226 172.999875 34.99956 22.000125 1 1 1
196 32 693.9997920000001 169.999875 91.999908 43.999875 1 1 1
196 42 217.99956600000002 187.000125 106.999542 49.000125000000004 1 1 1
196 45 393.99966 178.000125 56.000538 28.999875 1 1 1
196 51 476.000226 174.0 33.99975 22.000125 1 1 1
197 32 693.9997920000001 171.0 93.999528 43.999875 1 1 1
197 42 210.99965400000002 187.999875 110.00021400000001 49.999875 1 1 1
197 45 392.00004 129.0 57.000347999999995 79.999875 1 1 1
197 51 475.00041600000003 175.000125 32.99994 21.0 1 1 1
198 32 692.999982 171.0 95.00058 43.999875 1 1 1
198 42 204.99955200000002 187.999875 112.99964399999999 51.00000000000001 1 1 1
198 45 390.00042 129.0 57.000347999999995 81.0 1 1 1
198 51 474.000606 175.000125 33.99975 22.000125 1 1 1
199 32 694.999602 172.000125 95.00058 45.0 1 1 1
199 42 201.000312 189.0 112.99964399999999 51.00000000000001 1 1 1
199 45 389.00061 180.0 57.000347999999995 30.0 1 1 1
199 51 474.000606 175.999875 32.99994 21.0 1 1 1
200 32 697.0004640000001 172.000125 95.00058 45.0 1 1 1
200 42 194.0004 190.000125 117.000126 51.00000000000001 1 1 1
200 45 385.999938 180.0 59.999778 31.000125 1 1 1
200 51 472.999554 175.999875 34.99956 21.0 1 1 1
201 32 698.000274 172.000125 96.00039000000001 46.000125 1 1 1
201 42 189.999918 189.0 117.99993599999999 52.999874999999996 1 1 1
201 45 385.999938 130.999875 58.999967999999996 79.999875 1 1 1
201 51 472.999554 175.999875 32.99994 21.0 1 1 1
202 32 699.000084 172.000125 98.00001 46.000125 1 1 1
202 42 183.999816 190.000125 121.000608 52.999874999999996 1 1 1
202 45 384.000318 130.999875 59.999778 79.999875 1 1 1
202 51 471.99974399999996 175.999875 39.000042 21.0 1 1 1
203 32 699.9998939999999 172.000125 98.99982 46.000125 1 1 1
203 42 177.999714 190.000125 124.000038 53.99999999999999 1 1 1
203 45 383.00050799999997 181.000125 59.999778 31.000125 1 1 1
203 51 471.99974399999996 175.999875 37.000422 22.000125 1 1 1
204 32 700.9997040000001 172.000125 99.99963000000001 46.999875 1 1 1
204 42 171.99961199999998 190.999875 125.999658 55.000125 1 1 1
204 45 380.999646 181.999875 60.999587999999996 30.0 1 1 1
204 51 470.999934 177.0 33.99975 21.0 1 1 1
205 32 701.999514 172.000125 102.00049200000001 48.0 1 1 1
205 42 168.000372 190.999875 125.999658 55.000125 1 1 1
205 45 379.999836 181.999875 60.999587999999996 31.000125 1 1 1
205 51 470.999934 177.0 37.000422 22.000125 1 1 1
206 32 704.000376 172.000125 100.99944 48.0 1 1 1
206 42 161.00046 190.999875 130.00014 57.0 1 1 1
206 45 379.000026 181.999875 61.999398 31.000125 1 1 1
206 51 470.00012399999997 177.0 38.000232000000004 21.0 1 1 1
207 32 705.0001860000001 172.000125 102.00049200000001 49.000125000000004 1 1 1
207 42 155.000358 190.999875 131.99976 57.0 1 1 1
207 45 392.00004 181.000125 46.999764 31.999875000000003 1 1 1
207 51 470.00012399999997 177.0 37.000422 21.0 1 1 1
208 32 705.0001860000001 172.000125 104.000112 49.000125000000004 1 1 1
208 42 149.000256 192.0 135.000432 57.0 1 1 1
208 45 389.00061 181.000125 50.000436 31.999875000000003 1 1 1
208 51 469.000314 175.999875 34.99956 22.000125 1 1 1
209 32 706.999806 172.000125 104.000112 49.000125000000004 1 1 1
209 42 142.000344 192.0 137.999862 58.999875 1 1 1
209 45 385.999938 181.000125 52.000056 31.999875000000003 1 1 1
209 51 469.000314 175.999875 33.99975 22.999875 1 1 1
210 32 707.999616 172.000125 104.99992200000001 49.999875 1 1 1
210 42 137.000052 190.999875 138.999672 60.0 1 1 1
210 45 383.00050799999997 181.000125 53.999676 31.999875000000003 1 1 1
210 51 468.000504 175.999875 34.99956 22.000125 1 1 1
211 32 710.000478 172.000125 104.99992200000001 51.00000000000001 1 1 1
211 42 130.99995 192.0 142.000344 60.0 1 1 1
211 45 379.999836 181.000125 56.000538 31.999875000000003 1 1 1
211 51 468.000504 175.999875 34.99956 22.000125 1 1 1
212 32 710.000478 172.000125 106.999542 51.00000000000001 1 1 1
212 42 124.000038 192.0 145.999584 61.000125000000004 1 1 1
212 45 376.00059600000003 181.000125 58.999967999999996 33.0 1 1 1
212 51 466.999452 175.999875 36.000612000000004 22.000125 1 1 1
213 32 711.000288 171.0 108.000594 52.000125000000004 1 1 1
213 42 118.99974599999999 192.0 146.999394 63.00000000000001 1 1 1
213 45 373.999734 181.000125 59.999778 33.0 1 1 1
213 51 466.999452 175.999875 36.000612000000004 22.000125 1 1 1
214 32 712.999908 171.0 106.999542 52.999874999999996 1 1 1
214 42 111.99983399999999 193.000125 150.999876 63.00000000000001 1 1 1
214 45 371.00030399999997 181.000125 61.999398 33.0 1 1 1
214 51 465.999642 175.999875 36.000612000000004 22.999875 1 1 1
215 32 713.999718 169.999875 109.000404 53.99999999999999 1 1 1
215 42 105.99973200000001 193.000125 154.00054799999998 63.00000000000001 1 1 1
215 45 368.999442 180.0 64.00026 34.000125 1 1 1
215 51 465.999642 175.999875 36.000612000000004 22.000125 1 1 1
216 32 714.9995279999999 169.999875 109.000404 52.999874999999996 1 1 1
216 42 100.99944 192.0 155.000358 64.99987499999999 1 1 1
216 45 366.000012 180.0 65.99988 34.000125 1 1 1
216 51 464.999832 175.000125 38.000232000000004 22.000125 1 1 1
217 32 716.0005799999999 169.000125 111.000024 53.99999999999999 1 1 1
217 42 95.00058 190.999875 158.999598 66.0 1 1 1
217 45 364.000392 180.0 66.99969 34.000125 1 1 1
217 51 464.999832 175.000125 38.000232000000004 22.000125 1 1 1
218 32 717.00039 169.000125 110.00021400000001 55.000125 1 1 1
218 42 89.000478 192.0 163.00008 66.0 1 1 1
218 45 360.99971999999997 178.999875 69.000552 34.999875 1 1 1
218 51 464.999832 175.000125 37.000422 22.000125 1 1 1
219 32 717.00039 169.000125 112.99964399999999 55.000125 1 1 1
219 42 84.999996 192.0 164.9997 66.0 1 1 1
219 45 360.99971999999997 178.999875 69.000552 34.999875 1 1 1
219 51 464.000022 174.0 37.000422 22.999875 1 1 1
220 32 719.00001 169.000125 111.99983399999999 55.000125 1 1 1
220 42 80.99951399999999 192.0 167.000562 67.000125 1 1 1
220 45 359.99990999999994 178.999875 69.000552 34.999875 1 1 1
220 51 464.000022 174.0 37.000422 22.999875 1 1 1
221 32 719.9998199999999 169.999875 111.99983399999999 55.000125 1 1 1
221 42 78.999894 192.0 165.99951 67.999875 1 1 1
221 45 359.99990999999994 180.0 67.9995 34.999875 1 1 1
221 51 464.000022 175.000125 37.000422 22.000125 1 1 1
222 32 719.9998199999999 171.0 111.99983399999999 55.000125 1 1 1
222 42 76.00046400000001 193.999875 168.000372 67.000125 1 1 1
222 45 359.0001 181.000125 69.000552 34.000125 1 1 1
222 51 463.00021200000003 175.000125 38.000232000000004 22.999875 1 1 1
223 32 720.99963 171.0 112.99964399999999 55.000125 1 1 1
223 42 73.999602 193.999875 168.000372 67.000125 1 1 1
223 45 358.00028999999995 181.000125 70.000362 34.000125 1 1 1
223 51 463.00021200000003 175.999875 38.000232000000004 22.000125 1 1 1
224 32 723.000492 171.0 111.99983399999999 55.000125 1 1 1
224 42 71.000172 193.999875 169.999992 67.999875 1 1 1
224 45 358.00028999999995 181.000125 70.000362 34.999875 1 1 1
224 51 463.00021200000003 175.999875 38.000232000000004 22.000125 1 1 1
225 32 723.000492 171.0 112.99964399999999 55.000125 1 1 1
225 42 67.9995 193.999875 170.999802 69.0 1 1 1
225 45 357.00048 181.000125 70.000362 34.999875 1 1 1
225 51 462.000402 175.999875 39.000042 22.000125 1 1 1
226 32 723.000492 169.999875 112.99964399999999 55.999874999999996 1 1 1
226 42 67.9995 193.999875 169.999992 69.0 1 1 1
226 45 357.00048 181.000125 70.000362 34.000125 1 1 1
226 51 462.000402 175.000125 39.000042 22.999875 1 1 1
227 32 723.000492 171.0 113.99945399999999 55.999874999999996 1 1 1
227 42 64.00026 193.999875 172.999422 69.0 1 1 1
227 45 357.00048 181.000125 69.000552 34.999875 1 1 1
227 51 462.000402 175.000125 39.000042 24.0 1 1 1
228 32 724.0003019999999 171.0 113.99945399999999 55.999874999999996 1 1 1
228 42 63.00045 193.999875 172.999422 70.000125 1 1 1
228 45 355.999428 181.000125 70.000362 34.999875 1 1 1
228 51 462.000402 175.999875 39.000042 22.999875 1 1 1
229 32 725.999922 171.0 111.99983399999999 57.0 1 1 1
229 42 59.999778 193.999875 176.000094 70.000125 1 1 1
229 45 355.999428 181.999875 70.000362 34.000125 1 1 1
229 51 462.000402 175.999875 39.000042 22.999875 1 1 1
230 32 725.999922 171.0 111.99983399999999 57.0 1 1 1
230 42 57.000347999999995 195.0 176.999904 70.000125 1 1 1
230 45 355.999428 181.999875 70.000362 34.999875 1 1 1
230 51 461.000592 177.0 39.999852 22.000125 1 1 1
231 32 726.999732 171.0 111.000024 57.0 1 1 1
231 42 56.000538 195.0 177.999714 70.000125 1 1 1
231 45 354.999618 181.999875 71.000172 34.999875 1 1 1
231 51 462.000402 175.999875 39.000042 22.999875 1 1 1
232 32 726.999732 171.0 112.99964399999999 57.0 1 1 1
232 42 56.000538 195.0 176.999904 70.000125 1 1 1
232 45 354.999618 181.000125 70.000362 36.0 1 1 1
232 51 462.000402 175.999875 39.000042 24.0 1 1 1
233 32 727.999542 171.0 111.000024 57.0 1 1 1
233 42 53.999676 193.999875 176.999904 70.999875 1 1 1
233 45 354.999618 181.000125 70.000362 36.0 1 1 1
233 51 461.000592 175.999875 39.000042 22.999875 1 1 1
234 32 727.999542 171.0 111.99983399999999 57.0 1 1 1
234 42 52.999866000000004 193.999875 177.999714 70.999875 1 1 1
234 45 354.999618 181.000125 70.000362 36.0 1 1 1
234 51 462.000402 175.999875 38.000232000000004 22.999875 1 1 1
235 32 727.999542 171.0 111.99983399999999 57.0 1 1 1
235 42 52.000056 193.999875 178.999524 70.999875 1 1 1
235 45 354.999618 181.000125 70.000362 36.0 1 1 1
235 51 461.000592 175.999875 39.000042 22.999875 1 1 1
236 32 729.000594 171.0 111.000024 57.0 1 1 1
236 42 48.999384 195.0 181.000386 70.999875 1 1 1
236 45 354.999618 181.000125 70.000362 36.0 1 1 1
236 51 461.000592 175.999875 39.000042 22.999875 1 1 1
237 32 729.000594 171.0 111.99983399999999 57.0 1 1 1
237 42 50.000436 195.0 180.000576 70.999875 1 1 1
237 45 353.999808 181.000125 71.000172 36.0 1 1 1
237 51 461.000592 175.999875 39.000042 22.999875 1 1 1
238 32 729.000594 171.0 112.99964399999999 58.000125 1 1 1
238 42 48.999384 193.999875 180.000576 70.999875 1 1 1
238 45 353.999808 181.000125 71.000172 36.0 1 1 1
238 51 461.000592 175.999875 39.000042 22.999875 1 1 1
239 32 729.000594 171.0 112.99964399999999 57.0 1 1 1
239 42 47.999574 193.999875 182.000196 70.999875 1 1 1
239 45 353.999808 181.000125 70.000362 36.0 1 1 1
239 51 461.000592 175.999875 38.000232000000004 22.999875 1 1 1
240 32 729.000594 171.0 112.99964399999999 58.000125 1 1 1
240 42 48.999384 195.0 181.000386 70.999875 1 1 1
240 45 353.999808 181.000125 70.000362 36.0 1 1 1
240 51 461.000592 175.999875 39.999852 22.999875 1 1 1
241 32 727.999542 171.0 112.99964399999999 58.000125 1 1 1
241 42 48.999384 196.000125 181.000386 70.000125 1 1 1
241 45 353.999808 181.999875 71.000172 36.0 1 1 1
241 51 461.000592 177.0 37.000422 22.999875 1 1 1
242 32 727.999542 172.000125 111.99983399999999 57.0 1 1 1
242 42 48.999384 196.000125 181.000386 70.999875 1 1 1
242 45 353.999808 183.0 71.000172 34.999875 1 1 1
242 51 461.000592 177.0 34.99956 22.999875 1 1 1
243 32 726.999732 172.000125 112.99964399999999 57.0 1 1 1
243 42 48.999384 196.000125 181.000386 70.999875 1 1 1
243 45 353.999808 183.0 71.000172 34.999875 1 1 1
243 51 461.000592 177.0 33.99975 22.999875 1 1 1
244 32 725.999922 172.000125 113.99945399999999 57.0 1 1 1
244 42 50.000436 196.000125 180.000576 70.999875 1 1 1
244 45 353.999808 183.0 71.000172 34.999875 1 1 1
244 51 461.000592 177.0 32.99994 22.999875 1 1 1
245 32 725.999922 172.999875 113.99945399999999 57.0 1 1 1
245 42 48.999384 196.99987500000003 181.000386 70.999875 1 1 1
245 45 353.999808 183.0 71.000172 36.0 1 1 1
245 51 461.000592 177.0 33.99975 22.999875 1 1 1
246 32 724.0003019999999 172.999875 117.000126 57.0 1 1 1
246 42 48.999384 196.99987500000003 181.000386 70.999875 1 1 1
246 45 353.999808 183.0 71.000172 36.0 1 1 1
246 51 461.000592 177.0 33.99975 25.000125 1 1 1
247 32 724.0003019999999 172.999875 117.000126 57.0 1 1 1
247 42 47.999574 196.99987500000003 182.000196 70.999875 1 1 1
247 44 601.000074 174.0 20.999736 13.999875 1 1 1
247 45 353.999808 183.0 71.000172 36.0 1 1 1
247 51 458.99973 178.000125 36.000612000000004 22.999875 1 1 1
248 32 724.0003019999999 172.999875 117.99993599999999 57.0 1 1 1
248 42 47.999574 196.99987500000003 181.000386 70.999875 1 1 1
248 44 599.000454 174.0 21.999546 15.0 1 1 1
248 45 353.999808 183.0 70.000362 36.0 1 1 1
248 51 464.999832 178.000125 31.00032 6.0 1 1 1
249 32 724.0003019999999 172.999875 117.000126 57.0 1 1 1
249 42 47.999574 196.99987500000003 180.000576 70.999875 1 1 1
249 44 596.999592 175.000125 21.999546 15.0 1 1 1
249 45 353.999808 183.0 70.000362 36.0 1 1 1
249 51 464.999832 178.000125 34.99956 22.000125 1 1 1
250 32 724.0003019999999 172.999875 117.000126 57.0 1 1 1
250 42 46.999764 196.99987500000003 180.000576 70.999875 1 1 1
250 44 594.999972 175.000125 21.999546 15.0 1 1 1
250 45 353.999808 183.0 70.000362 36.0 1 1 1
250 51 464.999832 178.000125 34.99956 22.999875 1 1 1
251 32 724.0003019999999 172.999875 117.000126 58.000125 1 1 1
251 42 45.000144 196.99987500000003 183.000006 70.999875 1 1 1
251 44 592.000542 175.000125 25.000218 16.000124999999997 1 1 1
251 45 352.999998 184.000125 71.000172 34.999875 1 1 1
251 51 465.999642 178.000125 33.99975 24.0 1 1 1
252 32 724.0003019999999 172.999875 117.000126 58.000125 1 1 1
252 42 44.000334 196.99987500000003 183.999816 72.0 1 1 1
252 44 589.99968 175.000125 23.000598 16.000124999999997 1 1 1
252 45 352.999998 184.000125 69.000552 34.999875 1 1 1
252 51 464.999832 178.000125 34.99956 25.000125 1 1 1
253 32 725.0001120000001 172.999875 117.99993599999999 58.000125 1 1 1
253 42 41.999472 196.99987500000003 185.999436 72.0 1 1 1
253 44 588.0000600000001 175.000125 24.000408 16.999875 1 1 1
253 45 352.999998 184.000125 65.00007 34.999875 1 1 1
253 51 463.00021200000003 178.000125 38.000232000000004 25.000125 1 1 1
254 32 724.0003019999999 174.0 117.99993599999999 58.000125 1 1 1
254 42 39.999852 198.0 185.999436 72.0 1 1 1
254 44 584.999388 175.999875 25.000218 16.999875 1 1 1
254 45 351.000378 184.000125 63.00045 34.000125 1 1 1
254 51 459.99953999999997 178.999875 39.999852 24.0 1 1 1
255 32 725.0001120000001 175.000125 117.99993599999999 57.0 1 1 1
255 42 39.999852 199.000125 185.999436 72.0 1 1 1
255 44 582.999768 175.999875 25.000218 18.0 1 1 1
255 45 352.000188 184.999875 52.999866000000004 33.0 1 1 1
255 51 461.000592 180.0 39.000042 22.999875 1 1 1
256 32 725.0001120000001 175.000125 117.99993599999999 58.000125 1 1 1
256 42 36.000612000000004 199.000125 189.000108 73.000125 1 1 1
256 44 581.000148 177.0 25.000218 18.0 1 1 1
256 45 351.000378 186.0 52.999866000000004 34.000125 1 1 1
256 51 459.99953999999997 180.0 39.999852 25.000125 1 1 1
257 32 725.0001120000001 175.999875 118.99974599999999 58.000125 1 1 1
257 42 32.00013 199.000125 191.999538 73.999875 1 1 1
257 44 577.9994760000001 177.0 26.999838 19.000124999999997 1 1 1
257 45 353.999808 184.999875 58.000158 22.000125 1 1 1
257 51 458.99973 181.000125 40.999662 24.0 1 1 1
258 32 725.0001120000001 175.999875 118.99974599999999 58.000125 1 1 1
258 42 28.999458 199.000125 191.999538 75.0 1 1 1
258 44 575.000046 178.000125 26.999838 18.0 1 1 1
258 45 355.999428 148.000125 65.00007 70.000125 1 1 1
258 51 458.99973 181.000125 40.999662 24.0 1 1 1
259 32 725.0001120000001 175.000125 121.000608 58.999875 1 1 1
259 42 25.000218 199.99987499999997 193.00059000000002 73.999875 1 1 1
259 44 572.000616 178.000125 26.999838 18.0 1 1 1
259 45 368.999442 186.0 51.000246000000004 33.0 1 1 1
259 51 458.99973 181.000125 41.999472 24.0 1 1 1
260 32 725.999922 175.999875 122.000418 58.999875 1 1 1
260 42 18.000306000000002 201.0 196.99983 75.0 1 1 1
260 44 569.9997539999999 178.000125 26.999838 19.000124999999997 1 1 1
260 45 363.000582 186.0 57.000347999999995 37.000125000000004 1 1 1
260 51 457.99992 181.000125 39.999852 25.000125 1 1 1
261 32 726.999732 175.999875 122.000418 60.0 1 1 1
261 42 13.000014 201.0 197.99964 76.00012500000001 1 1 1
261 44 567.000324 178.999875 26.999838 19.000124999999997 1 1 1
261 45 352.999998 187.000125 65.99988 37.000125000000004 1 1 1
261 51 457.99992 181.000125 41.999472 25.000125 1 1 1
262 32 727.999542 175.999875 123.00022799999999 61.000125000000004 1 1 1
262 42 5.000292 202.000125 200.000502 76.00012500000001 1 1 1
262 44 563.999652 180.0 27.999648 19.000124999999997 1 1 1
262 45 344.000466 187.000125 73.999602 37.000125000000004 1 1 1
262 51 456.0003 181.999875 43.000524 25.000125 1 1 1
263 32 727.999542 177.0 123.00022799999999 61.000125000000004 1 1 1
263 42 0.0 202.000125 185.999436 78.0 1 1 1
263 44 561.000222 180.0 27.999648 19.999875 1 1 1
263 45 341.999604 187.999875 73.999602 37.000125000000004 1 1 1
263 51 455.00048999999996 181.999875 43.000524 25.000125 1 1 1
264 32 729.000594 177.0 124.999848 61.999875 1 1 1
264 42 0.0 202.99987499999997 167.000562 79.999875 1 1 1
264 44 556.99974 181.000125 30.00051 19.999875 1 1 1
264 45 340.999794 189.0 73.999602 37.000125000000004 1 1 1
264 51 453.999438 184.000125 40.999662 24.0 1 1 1
265 32 730.000404 178.000125 124.999848 61.999875 1 1 1
265 42 0.0 202.99987499999997 130.99995 51.00000000000001 1 1 1
265 44 555.0001199999999 181.000125 28.999458 19.999875 1 1 1
265 45 338.000364 189.0 74.999412 37.999875 1 1 1
265 51 452.99962800000003 184.000125 39.000042 24.0 1 1 1
266 32 731.0002139999999 178.000125 126.999468 63.00000000000001 1 1 1
266 42 58.000158 205.000125 124.000038 63.00000000000001 1 1 1
266 44 553.0005 181.000125 27.999648 21.0 1 1 1
266 45 335.999502 189.0 74.999412 37.999875 1 1 1
266 51 451.999818 184.000125 37.000422 24.0 1 1 1
267 32 732.000024 178.000125 128.00052 64.00012500000001 1 1 1
267 42 31.00032 205.000125 143.999964 70.999875 1 1 1
267 44 549.999828 181.999875 26.999838 19.999875 1 1 1
267 45 332.000262 190.000125 77.00027399999999 37.999875 1 1 1
267 51 450.000198 184.000125 38.000232000000004 24.0 1 1 1
268 32 733.999644 178.000125 128.00052 64.00012500000001 1 1 1
268 42 0.0 205.99987499999997 168.000372 85.000125 1 1 1
268 44 542.000106 181.999875 32.00013 21.0 1 1 1
268 45 329.9994 190.000125 77.00027399999999 37.999875 1 1 1
268 51 448.000578 184.000125 39.000042 25.000125 1 1 1
269 32 734.9994539999999 178.000125 130.99995 66.0 1 1 1
269 42 0.0 207.00000000000003 158.999598 88.000125 1 1 1
269 44 537.999624 183.0 32.99994 21.0 1 1 1
269 45 326.00016 190.999875 78.999894 37.999875 1 1 1
269 51 443.00028599999996 184.000125 43.000524 25.999875000000003 1 1 1
270 32 737.000316 177.0 132.99957 67.999875 1 1 1
270 42 0.0 208.000125 149.000256 90.0 1 1 1
270 44 534.000384 181.999875 32.99994 24.0 1 1 1
270 45 322.99948800000004 190.999875 78.999894 39.0 1 1 1
270 51 439.999614 183.0 45.000144 25.999875000000003 1 1 1
271 32 738.9999359999999 178.000125 135.000432 70.000125 1 1 1
271 42 0.0 208.99987499999997 137.000052 91.999875 1 1 1
271 44 529.000092 181.999875 33.99975 24.0 1 1 1
271 45 318.00043800000003 190.999875 82.00056599999999 40.000125 1 1 1
271 51 451.000008 184.999875 32.99994 4.999874999999999 1 1 1
272 32 742.0006079999999 178.000125 137.000052 70.999875 1 1 1
272 42 0.0 210.00000000000003 124.000038 87.0 1 1 1
272 44 524.99961 183.0 36.000612000000004 25.000125 1 1 1
272 45 314.99976599999997 192.0 82.00056599999999 40.000125 1 1 1
272 51 448.000578 186.0 34.99956 4.999874999999999 1 1 1
273 32 744.000228 178.000125 138.999672 73.000125 1 1 1
273 42 0.0 211.000125 110.00021400000001 82.999875 1 1 1
273 44 520.00056 184.000125 36.000612000000004 25.999875000000003 1 1 1
273 45 308.999664 192.0 84.999996 40.999875 1 1 1
273 51 450.000198 186.0 33.99975 24.0 1 1 1
274 32 746.9996580000001 177.0 142.000344 75.0 1 1 1
274 42 0.0 211.999875 93.999528 81.0 1 1 1
274 44 514.000458 184.999875 37.000422 25.999875000000003 1 1 1
274 45 304.00061400000004 192.0 85.99980599999999 42.0 1 1 1
274 51 444.000096 186.0 39.000042 24.0 1 1 1
275 32 750.00033 177.0 144.999774 76.99987499999999 1 1 1
275 42 0.0 212.99999999999997 78.000084 79.999875 1 1 1
275 44 507.000546 184.000125 39.000042 26.999999999999996 1 1 1
275 45 298.000512 193.000125 87.999426 42.0 1 1 1
275 51 444.99990599999995 186.0 37.000422 25.999875000000003 1 1 1
276 32 752.99976 177.0 149.000256 79.000125 1 1 1
276 42 0.0 214.999875 58.000158 82.000125 1 1 1
276 44 502.00025400000004 184.000125 41.999472 28.999875 1 1 1
276 45 292.00041 193.000125 86.999616 43.000125000000004 1 1 1
276 51 439.999614 186.0 39.999852 26.999999999999996 1 1 1
277 32 757.000242 177.0 151.999686 82.000125 1 1 1
277 42 0.0 220.00012500000003 36.000612000000004 82.000125 1 1 1
277 44 495.000342 184.000125 39.999852 30.0 1 1 1
277 45 283.99944600000003 193.000125 84.999996 45.0 1 1 1
277 51 433.99951200000004 186.0 45.000144 26.999999999999996 1 1 1
278 32 760.999482 177.0 156.000168 84.0 1 1 1
278 44 489.00024 186.0 44.000334 30.0 1 1 1
278 45 278.000586 193.999875 79.999704 45.0 1 1 1
278 51 429.000462 186.0 46.999764 28.000125 1 1 1
279 32 764.999964 175.999875 159.999408 88.000125 1 1 1
279 44 481.000518 186.0 45.999954 31.999875000000003 1 1 1
279 45 269.999622 193.999875 85.99980599999999 46.000125 1 1 1
279 51 426.9996 186.0 46.999764 28.000125 1 1 1
280 32 770.0002559999999 175.000125 164.9997 91.000125 1 1 1
280 44 471.99974399999996 186.0 50.000436 33.0 1 1 1
280 45 261.9999 193.999875 86.999616 31.999875000000003 1 1 1
280 51 424.00016999999997 184.999875 47.999574 28.000125 1 1 1
281 32 777.000168 174.0 169.999992 94.99987499999999 1 1 1
281 44 463.00021200000003 184.000125 52.999866000000004 36.0 1 1 1
281 45 289.999548 192.0 58.000158 7.000125 1 1 1
281 51 420.999498 184.000125 47.999574 28.999875 1 1 1
282 32 782.00046 174.0 176.999904 97.99987499999999 1 1 1
282 44 452.99962800000003 184.000125 54.999486000000005 37.999875 1 1 1
282 45 274.999914 190.999875 76.00046400000001 42.0 1 1 1
282 51 417.00025800000003 184.000125 46.999764 28.999875 1 1 1
283 32 789.000372 174.0 183.000006 103.000125 1 1 1
283 44 440.999424 184.000125 59.999778 40.000125 1 1 1
283 45 268.999812 190.999875 77.00027399999999 49.000125000000004 1 1 1
283 51 412.999776 184.000125 47.999574 28.000125 1 1 1
284 32 796.000284 174.0 189.999918 106.999875 1 1 1
284 44 429.000462 184.000125 64.00026 43.000125000000004 1 1 1
284 45 241.99997399999998 190.000125 97.0002 52.999874999999996 1 1 1
284 51 409.000536 184.000125 39.999852 28.000125 1 1 1
285 32 805.999626 174.0 196.99983 112.999875 1 1 1
285 44 413.99958599999997 184.999875 69.000552 45.0 1 1 1
285 45 209.99984400000002 190.000125 122.000418 55.000125 1 1 1
285 51 405.00005400000003 183.0 52.999866000000004 28.999875 1 1 1
286 32 816.0002099999999 172.000125 206.000604 121.000125 1 1 1
286 44 398.000142 184.000125 73.999602 49.000125000000004 1 1 1
286 45 196.00002 190.999875 129.00033 58.000125 1 1 1
286 51 398.000142 183.0 56.000538 25.999875000000003 1 1 1
287 32 828.000414 172.000125 215.99994600000002 129.0 1 1 1
287 44 378.000216 184.000125 82.00056599999999 53.99999999999999 1 1 1
287 45 183.000006 192.0 132.99957 57.0 1 1 1
287 51 394.99947000000003 184.000125 47.999574 13.999875 1 1 1
288 32 841.000428 172.000125 227.00034 138.0 1 1 1
288 44 354.999618 187.000125 91.999908 55.999874999999996 1 1 1
288 45 165.99951 193.000125 141.00053400000002 60.0 1 1 1
288 51 392.00004 183.0 56.000538 28.000125 1 1 1
289 32 858.9994919999999 171.0 237.99949199999998 148.999875 1 1 1
289 44 327.99978 184.999875 103.000302 64.00012500000001 1 1 1
289 45 149.000256 193.999875 148.000446 61.000125000000004 1 1 1
289 51 403.00043400000004 183.0 41.999472 31.000125 1 1 1
290 32 878.9994180000001 171.0 252.00055799999998 162.0 1 1 1
290 44 295.99965000000003 187.000125 116.000316 72.0 1 1 1
290 45 130.00014 195.0 156.999978 64.99987499999999 1 1 1
290 51 394.99947000000003 183.0 46.999764 34.000125 1 1 1
291 32 903.999636 169.999875 268.000002 180.0 1 1 1
291 44 254.000178 189.0 137.000052 78.0 1 1 1
291 45 111.000024 195.0 162.00027 67.000125 1 1 1
291 51 383.00050799999997 183.0 57.000347999999995 34.999875 1 1 1
292 32 934.0001460000001 169.999875 291.0006 199.99987499999997 1 1 1
292 44 202.000122 192.0 163.00008 88.99987499999999 1 1 1
292 45 89.000478 196.000125 159.999408 69.0 1 1 1
292 51 372.000114 183.0 64.00026 36.0 1 1 1
293 32 972.000378 168.0 269.999622 207.00000000000003 1 1 1
293 44 130.99995 195.0 201.000312 103.000125 1 1 1
293 45 64.00026 193.999875 171.99961199999998 76.99987499999999 1 1 1
293 51 367.999632 184.000125 64.00026 36.0 1 1 1
294 32 1014.9996600000001 168.0 227.00034 207.00000000000003 1 1 1
294 44 30.00051 196.000125 261.00009 123.0 1 1 1
294 45 37.000422 193.000125 145.999584 73.999875 1 1 1
294 51 360.99971999999997 184.000125 65.99988 37.000125000000004 1 1 1
295 32 1074.9994379999998 166.000125 167.000562 208.99987499999997 1 1 1
295 44 0.0 199.000125 235.00006199999999 153.0 1 1 1
295 51 354.999618 184.000125 63.00045 37.000125000000004 1 1 1
296 32 1158.999624 172.000125 83.000376 202.99987499999997 1 1 1
296 44 0.0 199.000125 156.000168 151.999875 1 1 1
296 45 86.999616 198.0 122.000418 66.0 1 1 1
296 51 347.999706 183.0 58.000158 37.000125000000004 1 1 1
297 44 0.0 232.000125 38.000232000000004 142.999875 1 1 1
297 45 5.000292 196.99987500000003 187.000488 88.99987499999999 1 1 1
297 51 340.999794 181.999875 52.000056 37.000125000000004 1 1 1
298 45 0.0 198.0 172.999422 93.0 1 1 1
298 51 333.999882 183.0 34.99956 34.000125 1 1 1
299 45 0.0 198.0 154.00054799999998 96.0 1 1 1
300 45 0.0 199.99987499999997 130.00014 85.999875 1 1 1
300 51 379.999836 180.0 23.000598 31.000125 1 1 1
301 45 0.0 201.0 104.99992200000001 85.999875 1 1 1
301 51 354.999618 181.999875 43.000524 39.0 1 1 1
302 45 0.0 202.99987499999997 76.00046400000001 87.0 1 1 1
302 51 331.00045200000005 181.999875 61.999398 46.000125 1 1 1
303 45 0.0 211.000125 43.000524 85.999875 1 1 1
303 51 306.00023400000003 181.999875 82.00056599999999 46.000125 1 1 1
304 51 285.000498 181.999875 97.0002 48.0 1 1 1
305 51 274.000104 183.0 102.00049200000001 49.000125000000004 1 1 1
306 51 263.99952 183.0 104.99992200000001 51.00000000000001 1 1 1
307 51 254.000178 183.0 106.999542 52.999874999999996 1 1 1
308 51 241.00016399999998 184.000125 110.00021400000001 53.99999999999999 1 1 1
309 51 229.99976999999998 183.0 104.99992200000001 55.000125 1 1 1
310 51 217.99956600000002 181.999875 112.99964399999999 52.999874999999996 1 1 1
311 51 241.99997399999998 181.999875 93.999528 12.0 1 1 1
312 51 239.000544 184.000125 92.999718 42.0 1 1 1
313 51 223.99966799999999 184.999875 103.000302 55.999874999999996 1 1 1
314 51 175.000284 184.999875 144.999774 58.000125 1 1 1
315 51 148.000446 186.0 165.99951 72.0 1 1 1
316 51 131.99976 184.999875 175.000284 76.00012500000001 1 1 1
317 51 112.99964399999999 184.999875 185.999436 79.999875 1 1 1
318 51 91.999908 186.0 198.99945 84.0 1 1 1
319 51 67.9995 187.000125 215.00013600000003 88.99987499999999 1 1 1
320 51 40.999662 187.999875 233.000442 94.99987499999999 1 1 1
321 51 13.999824 190.999875 249.999696 100.000125 1 1 1
322 51 0.0 192.0 252.00055799999998 106.999875 1 1 1
323 51 0.0 193.999875 239.000544 114.0 1 1 1
324 51 0.0 196.000125 224.99947799999998 121.000125 1 1 1
325 51 0.0 196.000125 209.000034 130.000125 1 1 1
326 51 0.0 196.000125 183.000006 121.99987499999999 1 1 1
327 51 0.0 195.0 102.00049200000001 76.99987499999999 1 1 1
329 51 90.000288 211.000125 23.000598 70.000125 1 1 1
330 51 0.0 195.0 80.99951399999999 130.999875 1 1 1
331 51 0.0 208.99987499999997 39.999852 124.000125 1 1 1
