45 21 628.999722 183.0 34.99956 13.999875 1 1 1
46 21 629.9995319999999 181.999875 34.99956 13.999875 1 1 1
47 21 628.999722 181.999875 36.000612000000004 13.999875 1 1 1
48 21 628.999722 181.999875 34.99956 13.999875 1 1 1
49 21 628.999722 181.000125 36.000612000000004 13.999875 1 1 1
50 21 628.999722 181.000125 36.000612000000004 13.999875 1 1 1
51 21 629.9995319999999 181.999875 36.000612000000004 13.999875 1 1 1
52 21 629.9995319999999 181.999875 37.000422 15.0 1 1 1
53 21 631.0005839999999 181.999875 37.000422 15.0 1 1 1
54 21 631.0005839999999 181.000125 38.000232000000004 16.000124999999997 1 1 1
55 21 629.9995319999999 178.000125 39.000042 16.999875 1 1 1
56 21 633.0002039999999 178.000125 38.000232000000004 16.999875 1 1 1
57 21 634.000014 178.000125 38.000232000000004 16.000124999999997 1 1 1
58 21 634.000014 178.000125 39.000042 16.999875 1 1 1
59 21 634.999824 178.999875 39.000042 16.999875 1 1 1
60 21 635.999634 178.999875 38.000232000000004 18.0 1 1 1
61 21 635.999634 177.0 39.000042 19.000124999999997 1 1 1
62 21 635.999634 174.0 39.999852 19.000124999999997 1 1 1
63 21 635.999634 172.000125 40.999662 19.000124999999997 1 1 1
64 21 636.9994439999999 171.0 39.999852 19.999875 1 1 1
65 21 638.000496 169.999875 43.000524 19.999875 1 1 1
66 21 638.000496 171.0 41.999472 19.999875 1 1 1
67 21 639.000306 171.0 44.000334 19.999875 1 1 1
68 21 638.000496 169.000125 45.999954 21.0 1 1 1
69 21 640.000116 169.999875 45.000144 21.0 1 1 1
70 21 640.000116 171.0 45.999954 22.000125 1 1 1
71 21 640.999926 175.000125 46.999764 22.000125 1 1 1
72 21 641.9997360000001 178.999875 46.999764 22.000125 1 1 1
73 21 640.999926 178.999875 48.999384 22.999875 1 1 1
74 21 641.9997360000001 178.000125 48.999384 22.999875 1 1 1
75 21 642.999546 177.0 48.999384 22.000125 1 1 1
76 21 642.999546 172.999875 51.000246000000004 24.0 1 1 1
77 21 642.999546 172.999875 52.000056 22.999875 1 1 1
78 21 641.9997360000001 172.999875 53.999676 25.000125 1 1 1
79 21 645.000408 175.000125 52.000056 25.000125 1 1 1
80 21 645.000408 175.999875 52.999866000000004 24.0 1 1 1
81 21 646.0002179999999 175.999875 53.999676 25.000125 1 1 1
82 21 647.000028 172.999875 54.999486000000005 25.999875000000003 1 1 1
83 21 647.000028 171.0 56.000538 26.999999999999996 1 1 1
84 21 647.999838 171.0 58.000158 26.999999999999996 1 1 1
85 21 649.9994579999999 172.000125 57.000347999999995 26.999999999999996 1 1 1
86 21 653.00013 172.000125 58.000158 28.999875 1 1 1
87 21 654.9997500000001 172.999875 59.999778 28.999875 1 1 1
88 21 657.0006119999999 172.000125 60.999587999999996 30.0 1 1 1
89 21 659.000232 172.000125 60.999587999999996 30.0 1 1 1
90 21 660.9998519999999 172.000125 61.999398 31.000125 1 1 1
91 21 664.000524 174.0 64.00026 31.000125 1 1 1
92 21 666.0001440000001 175.000125 65.99988 31.999875000000003 1 1 1
93 21 667.999764 174.0 69.000552 34.000125 1 1 1
94 21 671.000436 174.0 69.000552 34.000125 1 1 1
95 21 673.000056 174.0 71.000172 34.999875 1 1 1
96 21 674.999676 174.0 72.999792 36.0 1 1 1
97 21 677.000538 174.0 76.00046400000001 37.999875 1 1 1
98 21 679.999968 175.999875 78.999894 39.0 1 1 1
99 21 682.999398 178.000125 82.00056599999999 40.999875 1 1 1
100 21 686.99988 180.0 84.000186 40.999875 1 1 1
101 21 690.0005520000001 178.999875 86.999616 43.000125000000004 1 1 1
102 21 693.9997920000001 177.0 90.000288 45.0 1 1 1
103 21 698.000274 175.999875 91.999908 48.0 1 1 1
104 21 700.9997040000001 175.999875 98.00001 51.00000000000001 1 1 1
105 21 706.999806 175.999875 100.99944 52.000125000000004 1 1 1
106 21 712.000098 175.000125 104.99992200000001 55.000125 1 1 1
107 21 718.0002 175.999875 111.000024 58.000125 1 1 1
108 21 724.0003019999999 175.999875 116.000316 61.999875 1 1 1
109 21 730.000404 175.000125 123.00022799999999 64.99987499999999 1 1 1
110 21 738.000126 174.0 130.00014 70.000125 1 1 1
111 21 746.9996580000001 174.0 137.000052 75.0 1 1 1
112 21 757.000242 174.0 145.999584 81.0 1 1 1
113 21 770.0002559999999 172.999875 155.000358 88.000125 1 1 1
114 21 784.00008 171.0 168.000372 97.000125 1 1 1
115 21 801.0005759999999 171.0 182.000196 106.000125 1 1 1
116 21 822.000312 172.000125 197.99964 118.000125 1 1 1
117 21 847.00053 169.000125 215.99994600000002 136.000125 1 1 1
118 21 880.0004700000001 169.999875 237.99949199999998 154.000125 1 1 1
119 21 922.9997520000001 169.000125 265.000572 181.000125 1 1 1
120 21 980.0001000000001 168.0 261.9999 207.00000000000003 1 1 1
120 35 659.000232 174.0 40.999662 28.000125 1 1 1
121 21 1064.000286 168.0 177.999714 207.00000000000003 1 1 1
121 35 660.9998519999999 174.0 41.999472 30.0 1 1 1
122 21 1204.999578 229.999875 37.000422 145.000125 1 1 1
122 35 661.9996620000001 175.000125 44.000334 30.0 1 1 1
123 35 662.999472 175.000125 46.999764 30.0 1 1 1
124 35 664.000524 175.000125 48.999384 31.000125 1 1 1
125 35 665.000334 174.0 48.999384 31.999875000000003 1 1 1
126 35 666.0001440000001 174.0 52.000056 33.0 1 1 1
127 35 667.999764 172.999875 52.000056 34.000125 1 1 1
128 35 668.9995739999999 172.999875 53.999676 36.0 1 1 1
129 35 671.000436 174.0 57.000347999999995 36.0 1 1 1
130 35 673.000056 174.0 58.999967999999996 37.999875 1 1 1
131 35 673.999866 174.0 61.999398 40.000125 1 1 1
132 35 675.9994859999999 174.0 65.99988 40.999875 1 1 1
133 35 678.000348 174.0 69.000552 42.0 1 1 1
134 35 680.9997780000001 175.000125 73.999602 43.999875 1 1 1
135 35 682.999398 175.999875 82.00056599999999 46.000125 1 1 1
136 35 685.0002599999999 175.000125 87.999426 48.0 1 1 1
137 35 687.99969 172.999875 97.0002 49.999875 1 1 1
138 35 692.000172 172.000125 109.000404 52.000125000000004 1 1 1
139 35 695.999412 172.999875 121.000608 53.99999999999999 1 1 1
140 35 700.9997040000001 172.999875 129.00033 57.0 1 1 1
141 35 705.999996 174.0 135.000432 60.0 1 1 1
142 35 712.000098 174.0 139.999482 64.00012500000001 1 1 1
143 35 719.00001 175.000125 146.999394 67.999875 1 1 1
144 35 725.999922 175.000125 155.000358 70.999875 1 1 1
145 35 733.999644 174.0 163.00008 76.99987499999999 1 1 1
146 35 744.000228 172.000125 172.999422 82.999875 1 1 1
147 35 752.99976 172.000125 184.999626 88.99987499999999 1 1 1
148 35 764.0001540000001 172.000125 196.99983 96.0 1 1 1
149 35 778.9997880000001 171.0 209.000034 105.00000000000001 1 1 1
150 35 795.000474 171.0 223.99966799999999 115.00012500000001 1 1 1
151 35 815.0004 169.999875 241.99997399999998 129.0 1 1 1
152 35 837.999756 171.0 263.99952 144.0 1 1 1
153 35 869.000076 160.000125 285.000498 175.000125 1 1 1
154 35 907.000308 174.0 318.00043800000003 189.0 1 1 1
155 35 958.0005540000001 174.0 283.99944600000003 201.0 1 1 1
156 35 1027.999674 175.999875 214.000326 199.000125 1 1 1
157 35 1130.999976 180.0 111.000024 195.0 1 1 1
160 32 657.0006119999999 169.999875 25.000218 24.0 1 1 1
161 32 658.0004220000001 169.000125 24.000408 25.000125 1 1 1
162 32 660.000042 169.000125 20.999736 25.000125 1 1 1
163 32 660.9998519999999 169.999875 26.999838 25.999875000000003 1 1 1
164 32 660.000042 169.000125 36.000612000000004 25.999875000000003 1 1 1
165 32 662.999472 169.999875 31.00032 26.999999999999996 1 1 1
166 32 664.000524 169.999875 39.999852 28.000125 1 1 1
167 32 664.000524 169.999875 32.00013 28.000125 1 1 1
168 32 665.000334 169.000125 38.000232000000004 28.999875 1 1 1
169 32 666.0001440000001 169.000125 38.000232000000004 28.999875 1 1 1
170 32 666.999954 168.0 38.000232000000004 30.0 1 1 1
171 32 667.999764 168.0 39.999852 30.0 1 1 1
172 32 667.999764 168.0 43.000524 31.000125 1 1 1
173 32 668.9995739999999 169.000125 45.000144 31.999875000000003 1 1 1
174 32 668.9995739999999 169.000125 45.999954 31.999875000000003 1 1 1
175 32 669.9993840000001 169.000125 48.999384 34.000125 1 1 1
176 32 672.000246 171.0 51.000246000000004 31.999875000000003 1 1 1
177 32 673.000056 171.0 53.999676 34.000125 1 1 1
178 32 674.999676 172.999875 56.000538 34.000125 1 1 1
179 32 677.000538 174.0 54.999486000000005 34.000125 1 1 1
180 32 678.000348 172.999875 58.000158 34.999875 1 1 1
181 32 679.000158 172.999875 58.999967999999996 34.999875 1 1 1
182 32 679.999968 172.000125 64.00026 36.0 1 1 1
183 32 681.999588 171.0 66.99969 37.000125000000004 1 1 1
184 32 684.00045 169.999875 69.000552 37.999875 1 1 1
185 32 685.0002599999999 169.999875 73.999602 37.999875 1 1 1
186 32 686.00007 169.999875 78.000084 37.999875 1 1 1
187 32 686.99988 169.000125 80.99951399999999 39.0 1 1 1
188 32 686.99988 168.0 84.999996 40.000125 1 1 1
189 32 688.9995 169.000125 84.000186 40.000125 1 1 1
190 32 690.0005520000001 168.0 86.999616 40.999875 1 1 1
191 32 691.000362 168.0 86.999616 40.999875 1 1 1
192 32 692.000172 169.000125 85.99980599999999 40.999875 1 1 1
193 32 692.000172 169.000125 87.999426 40.999875 1 1 1
194 32 692.000172 169.000125 91.000098 42.0 1 1 1
195 32 692.999982 169.000125 92.999718 43.000125000000004 1 1 1
196 32 693.9997920000001 169.999875 91.999908 43.999875 1 1 1
197 32 693.9997920000001 171.0 93.999528 43.999875 1 1 1
198 32 692.999982 171.0 95.00058 43.999875 1 1 1
199 32 694.999602 172.000125 95.00058 45.0 1 1 1
200 32 697.0004640000001 172.000125 95.00058 45.0 1 1 1
201 32 698.000274 172.000125 96.00039000000001 46.000125 1 1 1
202 32 699.000084 172.000125 98.00001 46.000125 1 1 1
203 32 699.9998939999999 172.000125 98.99982 46.000125 1 1 1
204 32 700.9997040000001 172.000125 99.99963000000001 46.999875 1 1 1
205 32 701.999514 172.000125 102.00049200000001 48.0 1 1 1
206 32 704.000376 172.000125 100.99944 48.0 1 1 1
207 32 705.0001860000001 172.000125 102.00049200000001 49.000125000000004 1 1 1
208 32 705.0001860000001 172.000125 104.000112 49.000125000000004 1 1 1
209 32 706.999806 172.000125 104.000112 49.000125000000004 1 1 1
210 32 707.999616 172.000125 104.99992200000001 49.999875 1 1 1
211 32 710.000478 172.000125 104.99992200000001 51.00000000000001 1 1 1
212 32 710.000478 172.000125 106.999542 51.00000000000001 1 1 1
213 32 711.000288 171.0 108.000594 52.000125000000004 1 1 1
214 32 712.999908 171.0 106.999542 52.999874999999996 1 1 1
215 32 713.999718 169.999875 109.000404 53.99999999999999 1 1 1
216 32 714.9995279999999 169.999875 109.000404 52.999874999999996 1 1 1
217 32 716.0005799999999 169.000125 111.000024 53.99999999999999 1 1 1
218 32 717.00039 169.000125 110.00021400000001 55.000125 1 1 1
219 32 717.00039 169.000125 112.99964399999999 55.000125 1 1 1
220 32 719.00001 169.000125 111.99983399999999 55.000125 1 1 1
221 32 719.9998199999999 169.999875 111.99983399999999 55.000125 1 1 1
222 32 719.9998199999999 171.0 111.99983399999999 55.000125 1 1 1
223 32 720.99963 171.0 112.99964399999999 55.000125 1 1 1
224 32 723.000492 171.0 111.99983399999999 55.000125 1 1 1
225 32 723.000492 171.0 112.99964399999999 55.000125 1 1 1
226 32 723.000492 169.999875 112.99964399999999 55.999874999999996 1 1 1
227 32 723.000492 171.0 113.99945399999999 55.999874999999996 1 1 1
228 32 724.0003019999999 171.0 113.99945399999999 55.999874999999996 1 1 1
229 32 725.999922 171.0 111.99983399999999 57.0 1 1 1
230 32 725.999922 171.0 111.99983399999999 57.0 1 1 1
231 32 726.999732 171.0 111.000024 57.0 1 1 1
232 32 726.999732 171.0 112.99964399999999 57.0 1 1 1
233 32 727.999542 171.0 111.000024 57.0 1 1 1
234 32 727.999542 171.0 111.99983399999999 57.0 1 1 1
235 32 727.999542 171.0 111.99983399999999 57.0 1 1 1
236 32 729.000594 171.0 111.000024 57.0 1 1 1
237 32 729.000594 171.0 111.99983399999999 57.0 1 1 1
238 32 729.000594 171.0 112.99964399999999 58.000125 1 1 1
239 32 729.000594 171.0 112.99964399999999 57.0 1 1 1
240 32 729.000594 171.0 112.99964399999999 58.000125 1 1 1
241 32 727.999542 171.0 112.99964399999999 58.000125 1 1 1
242 32 727.999542 172.000125 111.99983399999999 57.0 1 1 1
243 32 726.999732 172.000125 112.99964399999999 57.0 1 1 1
244 32 725.999922 172.000125 113.99945399999999 57.0 1 1 1
245 32 725.999922 172.999875 113.99945399999999 57.0 1 1 1
246 32 724.0003019999999 172.999875 117.000126 57.0 1 1 1
247 32 724.0003019999999 172.999875 117.000126 57.0 1 1 1
248 32 724.0003019999999 172.999875 117.99993599999999 57.0 1 1 1
249 32 724.0003019999999 172.999875 117.000126 57.0 1 1 1
250 32 724.0003019999999 172.999875 117.000126 57.0 1 1 1
251 32 724.0003019999999 172.999875 117.000126 58.000125 1 1 1
252 32 724.0003019999999 172.999875 117.000126 58.000125 1 1 1
253 32 725.0001120000001 172.999875 117.99993599999999 58.000125 1 1 1
254 32 724.0003019999999 174.0 117.99993599999999 58.000125 1 1 1
255 32 725.0001120000001 175.000125 117.99993599999999 57.0 1 1 1
256 32 725.0001120000001 175.000125 117.99993599999999 58.000125 1 1 1
257 32 725.0001120000001 175.999875 118.99974599999999 58.000125 1 1 1
258 32 725.0001120000001 175.999875 118.99974599999999 58.000125 1 1 1
259 32 725.0001120000001 175.000125 121.000608 58.999875 1 1 1
260 32 725.999922 175.999875 122.000418 58.999875 1 1 1
261 32 726.999732 175.999875 122.000418 60.0 1 1 1
262 32 727.999542 175.999875 123.00022799999999 61.000125000000004 1 1 1
263 32 727.999542 177.0 123.00022799999999 61.000125000000004 1 1 1
264 32 729.000594 177.0 124.999848 61.999875 1 1 1
265 32 730.000404 178.000125 124.999848 61.999875 1 1 1
266 32 731.0002139999999 178.000125 126.999468 63.00000000000001 1 1 1
267 32 732.000024 178.000125 128.00052 64.00012500000001 1 1 1
268 32 733.999644 178.000125 128.00052 64.00012500000001 1 1 1
269 32 734.9994539999999 178.000125 130.99995 66.0 1 1 1
270 32 737.000316 177.0 132.99957 67.999875 1 1 1
271 32 738.9999359999999 178.000125 135.000432 70.000125 1 1 1
272 32 742.0006079999999 178.000125 137.000052 70.999875 1 1 1
273 32 744.000228 178.000125 138.999672 73.000125 1 1 1
274 32 746.9996580000001 177.0 142.000344 75.0 1 1 1
275 32 750.00033 177.0 144.999774 76.99987499999999 1 1 1
276 32 752.99976 177.0 149.000256 79.000125 1 1 1
277 32 757.000242 177.0 151.999686 82.000125 1 1 1
278 32 760.999482 177.0 156.000168 84.0 1 1 1
279 32 764.999964 175.999875 159.999408 88.000125 1 1 1
280 32 770.0002559999999 175.000125 164.9997 91.000125 1 1 1
281 32 777.000168 174.0 169.999992 94.99987499999999 1 1 1
282 32 782.00046 174.0 176.999904 97.99987499999999 1 1 1
283 32 789.000372 174.0 183.000006 103.000125 1 1 1
284 32 796.000284 174.0 189.999918 106.999875 1 1 1
285 32 805.999626 174.0 196.99983 112.999875 1 1 1
286 32 816.0002099999999 172.000125 206.000604 121.000125 1 1 1
287 32 828.000414 172.000125 215.99994600000002 129.0 1 1 1
288 32 841.000428 172.000125 227.00034 138.0 1 1 1
289 32 858.9994919999999 171.0 237.99949199999998 148.999875 1 1 1
290 32 878.9994180000001 171.0 252.00055799999998 162.0 1 1 1
291 32 903.999636 169.999875 268.000002 180.0 1 1 1
292 32 934.0001460000001 169.999875 291.0006 199.99987499999997 1 1 1
293 32 972.000378 168.0 269.999622 207.00000000000003 1 1 1
294 32 1014.9996600000001 168.0 227.00034 207.00000000000003 1 1 1
295 32 1074.9994379999998 166.000125 167.000562 208.99987499999997 1 1 1
296 32 1158.999624 172.000125 83.000376 202.99987499999997 1 1 1
