303 141 621.0 172.000125 13.000014 34.999875 1 1 1
304 141 622.99962 171.0 13.000014 37.999875 1 1 1
305 141 625.000482 171.0 13.000014 36.0 1 1 1
306 141 627.999912 169.999875 12.000204 40.000125 1 1 1
307 141 628.999722 169.999875 13.999824 40.999875 1 1 1
308 141 633.0002039999999 169.999875 11.000394 39.0 1 1 1
309 141 634.000014 171.0 13.999824 42.0 1 1 1
310 141 638.000496 172.000125 13.999824 43.999875 1 1 1
311 141 640.000116 172.999875 15.999443999999999 43.999875 1 1 1
312 141 642.999546 172.000125 17.000496000000002 46.000125 1 1 1
313 141 646.0002179999999 169.999875 15.999443999999999 48.0 1 1 1
314 141 647.999838 166.999875 18.000306000000002 51.00000000000001 1 1 1
315 141 653.9999399999999 166.000125 14.999633999999999 51.00000000000001 1 1 1
316 141 655.99956 166.999875 15.999443999999999 49.999875 1 1 1
317 141 659.000232 166.999875 17.000496000000002 52.999874999999996 1 1 1
318 141 661.9996620000001 168.0 19.000116000000002 53.99999999999999 1 1 1
319 141 666.999954 169.000125 18.000306000000002 57.0 1 1 1
320 141 671.000436 169.000125 19.999926 60.0 1 1 1
321 141 674.999676 168.0 20.999736 61.000125000000004 1 1 1
322 141 679.999968 166.999875 20.999736 61.999875 1 1 1
323 141 686.00007 163.999875 24.000408 66.0 1 1 1
324 141 692.000172 165.0 24.000408 67.999875 1 1 1
325 141 699.000084 163.999875 25.000218 70.999875 1 1 1
326 141 705.0001860000001 165.0 26.000028 73.999875 1 1 1
327 141 711.000288 165.0 26.999838 76.99987499999999 1 1 1
328 141 716.0005799999999 163.999875 31.00032 82.000125 1 1 1
329 141 721.9994399999999 163.000125 32.00013 88.000125 1 1 1
330 141 729.000594 162.0 32.99994 91.000125 1 1 1
331 141 733.999644 162.0 32.99994 96.0 1 1 1
332 141 739.9997460000001 163.000125 32.00013 99.0 1 1 1
333 141 747.999468 162.0 34.99956 105.00000000000001 1 1 1
334 141 754.9993800000001 160.999875 38.000232000000004 111.0 1 1 1
335 141 763.000344 160.000125 39.000042 115.999875 1 1 1
336 141 772.999686 157.000125 45.999954 124.999875 1 1 1
337 141 784.9998899999999 154.999875 53.999676 132.0 1 1 1
338 141 799.999524 153.0 51.000246000000004 142.999875 1 1 1
339 141 812.9995379999999 148.000125 58.999967999999996 156.0 1 1 1
