248 44 599.000454 174.0 21.999546 15.0 1 1 1
249 44 596.999592 175.000125 21.999546 15.0 1 1 1
250 44 594.999972 175.000125 21.999546 15.0 1 1 1
251 44 592.000542 175.000125 25.000218 16.000124999999997 1 1 1
252 44 589.99968 175.000125 23.000598 16.000124999999997 1 1 1
253 44 588.0000600000001 175.000125 24.000408 16.999875 1 1 1
254 44 584.999388 175.999875 25.000218 16.999875 1 1 1
255 44 582.999768 175.999875 25.000218 18.0 1 1 1
256 44 581.000148 177.0 25.000218 18.0 1 1 1
257 44 577.9994760000001 177.0 26.999838 19.000124999999997 1 1 1
258 44 575.000046 178.000125 26.999838 18.0 1 1 1
259 44 572.000616 178.000125 26.999838 18.0 1 1 1
260 44 569.9997539999999 178.000125 26.999838 19.000124999999997 1 1 1
261 44 567.000324 178.999875 26.999838 19.000124999999997 1 1 1
262 44 563.999652 180.0 27.999648 19.000124999999997 1 1 1
263 44 561.000222 180.0 27.999648 19.999875 1 1 1
264 44 556.99974 181.000125 30.00051 19.999875 1 1 1
265 44 555.0001199999999 181.000125 28.999458 19.999875 1 1 1
266 44 553.0005 181.000125 27.999648 21.0 1 1 1
267 44 549.999828 181.999875 26.999838 19.999875 1 1 1
268 44 542.000106 181.999875 32.00013 21.0 1 1 1
269 44 537.999624 183.0 32.99994 21.0 1 1 1
270 44 534.000384 181.999875 32.99994 24.0 1 1 1
271 44 529.000092 181.999875 33.99975 24.0 1 1 1
272 44 524.99961 183.0 36.000612000000004 25.000125 1 1 1
273 44 520.00056 184.000125 36.000612000000004 25.999875000000003 1 1 1
274 44 514.000458 184.999875 37.000422 25.999875000000003 1 1 1
275 44 507.000546 184.000125 39.000042 26.999999999999996 1 1 1
276 44 502.00025400000004 184.000125 41.999472 28.999875 1 1 1
277 44 495.000342 184.000125 39.999852 30.0 1 1 1
278 44 489.00024 186.0 44.000334 30.0 1 1 1
279 44 481.000518 186.0 45.999954 31.999875000000003 1 1 1
280 44 471.99974399999996 186.0 50.000436 33.0 1 1 1
281 44 463.00021200000003 184.000125 52.999866000000004 36.0 1 1 1
282 44 452.99962800000003 184.000125 54.999486000000005 37.999875 1 1 1
283 44 440.999424 184.000125 59.999778 40.000125 1 1 1
284 44 429.000462 184.000125 64.00026 43.000125000000004 1 1 1
285 44 413.99958599999997 184.999875 69.000552 45.0 1 1 1
286 44 398.000142 184.000125 73.999602 49.000125000000004 1 1 1
287 44 378.000216 184.000125 82.00056599999999 53.99999999999999 1 1 1
288 44 354.999618 187.000125 91.999908 55.999874999999996 1 1 1
289 44 327.99978 184.999875 103.000302 64.00012500000001 1 1 1
290 44 295.99965000000003 187.000125 116.000316 72.0 1 1 1
291 44 254.000178 189.0 137.000052 78.0 1 1 1
292 44 202.000122 192.0 163.00008 88.99987499999999 1 1 1
293 44 130.99995 195.0 201.000312 103.000125 1 1 1
294 44 30.00051 196.000125 261.00009 123.0 1 1 1
295 44 0.0 199.000125 235.00006199999999 153.0 1 1 1
296 44 0.0 199.000125 156.000168 151.999875 1 1 1
297 44 0.0 232.000125 38.000232000000004 142.999875 1 1 1
