65 123 889.9998119999999 169.000125 31.00032 73.000125 1 1 1
66 123 897.9995339999999 168.0 32.99994 75.0 1 1 1
67 123 913.00041 165.0 27.999648 79.999875 1 1 1
68 123 929.999664 168.0 24.000408 82.000125 1 1 1
69 123 941.999868 169.999875 23.000598 85.999875 1 1 1
70 123 956.999502 169.999875 25.000218 91.999875 1 1 1
71 123 972.000378 169.999875 27.999648 96.0 1 1 1
72 123 992.000304 168.0 28.999458 103.000125 1 1 1
73 123 1011.00042 166.000125 32.00013 111.0 1 1 1
74 123 1032.999966 165.0 37.000422 117.0 1 1 1
75 123 1064.000286 165.0 37.000422 126.00000000000001 1 1 1
76 123 1100.999466 163.000125 39.000042 136.000125 1 1 1
