31 120 346.99989600000004 174.0 20.999736 43.999875 1 1 1
32 120 334.99969200000004 172.999875 19.999926 45.0 1 1 1
33 120 322.99948800000004 169.000125 21.999546 46.000125 1 1 1
34 120 313.999956 166.999875 20.999736 46.999875 1 1 1
35 120 304.00061400000004 166.999875 21.999546 49.000125000000004 1 1 1
36 120 294.00003000000004 166.999875 20.999736 52.000125000000004 1 1 1
37 120 282.999636 169.999875 18.000306000000002 52.000125000000004 1 1 1
38 120 268.999812 171.0 17.000496000000002 53.99999999999999 1 1 1
39 120 253.000368 169.000125 19.999926 55.999874999999996 1 1 1
40 120 234.000252 171.0 26.999838 55.000125 1 1 1
41 120 215.99994600000002 169.000125 31.00032 58.999875 1 1 1
41 121 456.0003 166.999875 12.000204 49.000125000000004 1 1 1
42 120 197.99964 169.999875 27.999648 61.999875 1 1 1
42 121 451.999818 168.0 10.000584 49.999875 1 1 1
43 120 176.000094 171.0 27.999648 64.00012500000001 1 1 1
43 121 444.99990599999995 168.0 15.999443999999999 52.000125000000004 1 1 1
44 120 156.999978 169.000125 30.00051 70.000125 1 1 1
44 121 439.999614 169.000125 13.999824 53.99999999999999 1 1 1
45 120 128.00052 172.999875 39.000042 69.0 1 1 1
45 121 433.99951200000004 169.000125 14.999633999999999 55.999874999999996 1 1 1
46 120 102.00049200000001 172.999875 43.000524 73.999875 1 1 1
46 121 427.99941 169.000125 14.999633999999999 57.0 1 1 1
47 120 71.999982 172.999875 44.000334 76.99987499999999 1 1 1
47 121 419.99968800000005 169.000125 15.999443999999999 58.999875 1 1 1
48 120 34.99956 169.999875 45.999954 82.000125 1 1 1
48 121 411.999966 168.0 14.999633999999999 61.000125000000004 1 1 1
49 120 8.999532 168.0 37.000422 88.000125 1 1 1
49 121 405.00005400000003 166.999875 14.999633999999999 63.00000000000001 1 1 1
50 121 396.000522 168.0 17.000496000000002 66.0 1 1 1
51 121 386.99974799999995 169.000125 17.000496000000002 67.999875 1 1 1
52 121 377.000406 168.0 19.000116000000002 70.999875 1 1 1
53 121 366.000012 168.0 20.999736 75.0 1 1 1
54 121 352.999998 166.999875 23.000598 78.0 1 1 1
55 121 341.999604 168.0 20.999736 81.0 1 1 1
56 121 326.00016 168.0 23.000598 84.0 1 1 1
57 121 309.999474 168.0 26.000028 88.000125 1 1 1
58 121 294.00003000000004 166.999875 25.000218 91.999875 1 1 1
59 121 273.000294 168.0 27.999648 96.0 1 1 1
59 122 732.000024 166.000125 10.000584 55.999874999999996 1 1 1
60 121 248.000076 168.0 33.99975 100.999875 1 1 1
60 122 733.999644 166.000125 10.000584 58.000125 1 1 1
61 121 226.00053 166.000125 32.99994 109.000125 1 1 1
61 122 734.9994539999999 166.000125 11.000394 58.999875 1 1 1
62 121 196.99983 166.999875 36.000612000000004 115.00012500000001 1 1 1
62 122 736.0005060000001 165.0 11.000394 61.999875 1 1 1
63 121 165.99951 165.0 38.000232000000004 124.000125 1 1 1
63 122 738.9999359999999 166.000125 11.000394 63.00000000000001 1 1 1
64 121 130.00014 162.0 41.999472 133.000125 1 1 1
64 122 740.999556 163.999875 12.000204 66.0 1 1 1
65 121 89.000478 160.000125 50.000436 144.0 1 1 1
65 122 743.000418 162.0 13.999824 69.0 1 1 1
65 123 889.9998119999999 169.000125 31.00032 73.000125 1 1 1
66 121 38.000232000000004 156.0 57.000347999999995 159.0 1 1 1
66 122 745.9998479999999 160.000125 13.999824 72.0 1 1 1
66 123 897.9995339999999 168.0 32.99994 75.0 1 1 1
67 121 0.0 156.0 41.999472 174.0 1 1 1
67 122 745.9998479999999 157.999875 18.000306000000002 76.00012500000001 1 1 1
67 123 913.00041 165.0 27.999648 79.999875 1 1 1
68 122 750.00033 160.000125 19.000116000000002 76.99987499999999 1 1 1
68 123 929.999664 168.0 24.000408 82.000125 1 1 1
69 122 753.99957 162.0 19.999926 79.999875 1 1 1
69 123 941.999868 169.999875 23.000598 85.999875 1 1 1
69 112 379.999836 169.000125 20.999736 67.000125 1 1 1
70 122 756.000432 163.999875 20.999736 84.0 1 1 1
70 123 956.999502 169.999875 25.000218 91.999875 1 1 1
70 112 370.00049399999995 171.0 19.999926 70.000125 1 1 1
71 122 760.999482 163.000125 21.999546 88.000125 1 1 1
71 123 972.000378 169.999875 27.999648 96.0 1 1 1
71 112 357.00048 174.0 20.999736 70.000125 1 1 1
72 122 765.999774 162.0 23.000598 91.000125 1 1 1
72 123 992.000304 168.0 28.999458 103.000125 1 1 1
72 112 344.000466 172.999875 19.999926 73.000125 1 1 1
73 122 771.999876 160.000125 23.000598 97.99987499999999 1 1 1
73 123 1011.00042 166.000125 32.00013 111.0 1 1 1
73 112 327.99978 172.000125 21.999546 76.99987499999999 1 1 1
74 122 777.000168 157.000125 26.000028 103.999875 1 1 1
74 123 1032.999966 165.0 37.000422 117.0 1 1 1
74 112 311.000526 169.999875 24.000408 82.999875 1 1 1
75 122 784.00008 157.000125 31.00032 109.999875 1 1 1
75 123 1064.000286 165.0 37.000422 126.00000000000001 1 1 1
75 112 295.99965000000003 168.0 24.000408 88.99987499999999 1 1 1
76 122 791.999802 157.999875 32.99994 115.00012500000001 1 1 1
76 123 1100.999466 163.000125 39.000042 136.000125 1 1 1
76 112 276.999534 166.000125 28.999458 93.0 1 1 1
77 122 802.000386 157.999875 36.000612000000004 123.0 1 1 1
77 112 256.999608 168.0 28.999458 97.000125 1 1 1
78 122 812.9995379999999 157.000125 32.00013 132.0 1 1 1
78 112 234.000252 168.0 32.00013 103.000125 1 1 1
79 122 818.99964 157.000125 39.999852 142.000125 1 1 1
79 112 209.000034 171.0 32.99994 107.99999999999999 1 1 1
80 122 840.0006179999999 154.999875 40.999662 154.999875 1 1 1
80 112 181.000386 169.999875 39.999852 117.0 1 1 1
81 122 855.0002519999999 151.000125 47.999574 168.0 1 1 1
81 112 148.000446 168.0 48.999384 126.00000000000001 1 1 1
82 122 869.999886 147.0 57.000347999999995 183.0 1 1 1
82 112 112.99964399999999 168.0 52.999866000000004 133.999875 1 1 1
82 101 206.000604 172.999875 26.999838 67.999875 1 1 1
83 122 895.0001040000001 144.0 65.00007 202.99987499999997 1 1 1
83 112 69.000552 166.000125 61.999398 145.999875 1 1 1
83 101 189.999918 171.0 24.000408 73.000125 1 1 1
84 122 928.000044 141.0 74.999412 225.0 1 1 1
84 112 20.999736 166.000125 70.000362 157.999875 1 1 1
84 101 169.999992 172.000125 25.000218 76.99987499999999 1 1 1
85 122 968.9997060000001 136.999875 77.00027399999999 238.000125 1 1 1
85 101 149.000256 172.000125 26.000028 81.0 1 1 1
86 122 1007.9997480000001 132.0 112.99964399999999 243.0 1 1 1
86 101 124.000038 169.999875 27.999648 85.999875 1 1 1
87 122 1070.000388 126.00000000000001 143.999964 249.0 1 1 1
87 101 84.999996 174.0 39.999852 85.000125 1 1 1
88 122 1170.999828 112.999875 71.000172 262.000125 1 1 1
88 101 67.9995 171.0 32.00013 91.999875 1 1 1
89 101 37.000422 172.000125 33.99975 96.0 1 1 1
90 101 0.0 172.000125 38.000232000000004 100.999875 1 1 1
277 137 639.000306 178.000125 18.000306000000002 57.0 1 1 1
278 137 644.000598 174.0 18.000306000000002 58.999875 1 1 1
279 137 648.999648 172.999875 19.999926 61.000125000000004 1 1 1
280 137 654.9997500000001 174.0 19.000116000000002 63.00000000000001 1 1 1
281 137 660.000042 175.999875 19.999926 64.99987499999999 1 1 1
282 137 666.999954 177.0 19.999926 67.000125 1 1 1
283 137 672.000246 175.999875 21.999546 70.000125 1 1 1
284 137 679.000158 174.0 23.000598 73.999875 1 1 1
285 137 685.0002599999999 174.0 24.000408 76.99987499999999 1 1 1
286 137 692.000172 174.0 24.000408 81.0 1 1 1
287 137 698.000274 175.000125 26.999838 84.0 1 1 1
288 137 705.0001860000001 174.0 27.999648 88.000125 1 1 1
289 137 713.999718 172.000125 27.999648 93.0 1 1 1
290 137 721.9994399999999 169.999875 31.00032 99.0 1 1 1
291 137 730.000404 171.0 33.99975 102.00000000000001 1 1 1
292 137 740.999556 169.000125 36.000612000000004 111.0 1 1 1
293 137 753.99957 168.0 38.000232000000004 118.99987499999999 1 1 1
294 137 766.999584 166.000125 40.999662 129.0 1 1 1
295 137 783.00027 165.0 45.000144 139.000125 1 1 1
296 137 798.999714 163.999875 51.000246000000004 151.000125 1 1 1
297 137 821.0005020000001 163.000125 56.000538 166.000125 1 1 1
298 137 845.999478 162.0 61.999398 184.000125 1 1 1
299 137 875.0001780000001 162.0 71.000172 205.000125 1 1 1
300 137 910.999548 162.0 65.00007 212.99999999999997 1 1 1
301 137 959.000364 160.000125 78.000084 214.999875 1 1 1
302 137 1021.999572 156.0 99.99963000000001 219.0 1 1 1
303 137 1106.999568 151.000125 133.99938 223.999875 1 1 1
