0 3 18.000306000000002 178.000125 197.99964 84.0 1 1 1
1 3 0.0 178.999875 202.000122 88.99987499999999 1 1 1
2 3 0.0 180.0 188.00029800000002 91.999875 1 1 1
3 3 0.0 181.000125 172.999422 96.0 1 1 1
4 3 0.0 183.0 157.999788 99.0 1 1 1
5 3 0.0 184.000125 141.00053400000002 103.999875 1 1 1
6 3 0.0 186.0 122.000418 91.000125 1 1 1
7 3 0.0 184.999875 103.000302 90.0 1 1 1
8 3 0.0 184.000125 83.000376 90.0 1 1 1
9 3 0.0 184.999875 61.999398 93.0 1 1 1
10 3 0.0 189.0 39.000042 93.0 1 1 1
11 3 0.0 208.99987499999997 13.999824 69.0 1 1 1
133 40 477.999846 175.999875 14.999633999999999 19.999875 1 1 1
134 40 475.00041600000003 177.0 15.999443999999999 19.999875 1 1 1
135 40 471.99974399999996 178.000125 18.000306000000002 19.999875 1 1 1
136 40 469.000314 177.0 18.000306000000002 21.0 1 1 1
137 40 468.000504 175.999875 15.999443999999999 19.999875 1 1 1
138 40 463.00021200000003 175.000125 18.000306000000002 21.0 1 1 1
139 40 457.99992 174.0 18.000306000000002 22.000125 1 1 1
140 40 457.00010999999995 175.999875 18.000306000000002 19.999875 1 1 1
141 40 453.999438 177.0 19.000116000000002 12.0 1 1 1
142 40 450.000198 178.000125 21.999546 7.999875 1 1 1
143 40 446.99952599999995 178.000125 24.000408 7.999875 1 1 1
144 40 443.00028599999996 178.000125 26.000028 9.0 1 1 1
145 40 439.999614 177.0 20.999736 16.000124999999997 1 1 1
146 40 437.999994 175.999875 26.000028 24.0 1 1 1
147 40 435.000564 174.0 26.000028 26.999999999999996 1 1 1
148 40 436.000374 175.000125 24.000408 25.999875000000003 1 1 1
149 40 429.000462 175.999875 27.999648 26.999999999999996 1 1 1
150 40 425.99979 175.999875 27.999648 28.000125 1 1 1
151 40 422.00055 175.999875 28.999458 28.000125 1 1 1
152 40 417.00025800000003 177.0 30.00051 28.999875 1 1 1
153 40 414.999396 178.999875 30.00051 28.999875 1 1 1
154 40 405.999864 180.0 34.99956 30.0 1 1 1
155 40 400.999572 178.999875 37.000422 31.000125 1 1 1
156 40 397.00033199999996 178.999875 37.000422 31.000125 1 1 1
157 40 390.00042 178.000125 39.999852 31.999875000000003 1 1 1
158 40 385.999938 177.0 39.999852 34.000125 1 1 1
159 40 380.999646 175.999875 39.999852 34.999875 1 1 1
160 40 373.999734 175.999875 43.000524 34.999875 1 1 1
161 40 368.999442 175.000125 44.000334 36.0 1 1 1
162 40 361.99953 175.000125 45.999954 37.000125000000004 1 1 1
163 40 353.999808 175.999875 48.999384 37.999875 1 1 1
164 40 345.00027600000004 175.999875 52.999866000000004 39.0 1 1 1
165 40 338.000364 175.999875 54.999486000000005 40.999875 1 1 1
166 40 329.9994 177.0 57.000347999999995 40.999875 1 1 1
167 40 321.999678 177.0 59.999778 42.0 1 1 1
168 40 314.99976599999997 175.999875 60.999587999999996 43.000125000000004 1 1 1
169 40 306.00023400000003 175.999875 65.00007 43.999875 1 1 1
170 40 296.99946 175.000125 69.000552 46.000125 1 1 1
171 40 287.999928 175.000125 59.999778 46.999875 1 1 1
172 40 278.000586 175.999875 39.999852 43.000125000000004 1 1 1
173 40 266.000382 177.0 30.00051 43.000125000000004 1 1 1
175 105 529.999902 172.999875 26.000028 13.999875 1 1 1
176 105 530.999712 174.0 24.000408 13.999875 1 1 1
177 105 529.000092 175.999875 26.000028 13.999875 1 1 1
178 105 533.000574 177.0 21.999546 13.999875 1 1 1
179 40 260.00028 181.999875 56.000538 58.999875 1 1 1
179 105 528.0002820000001 177.0 27.999648 13.999875 1 1 1
180 40 200.000502 181.999875 110.00021400000001 60.0 1 1 1
180 105 533.000574 177.0 23.000598 13.999875 1 1 1
181 40 189.999918 181.999875 115.00050599999999 61.000125000000004 1 1 1
181 105 531.9995220000001 175.999875 23.000598 13.999875 1 1 1
182 40 178.999524 181.000125 119.999556 63.00000000000001 1 1 1
182 105 531.9995220000001 175.999875 24.000408 13.999875 1 1 1
183 40 169.000182 181.000125 124.000038 64.00012500000001 1 1 1
183 105 531.9995220000001 175.000125 23.000598 15.0 1 1 1
184 40 157.999788 180.0 125.999658 66.0 1 1 1
184 105 531.9995220000001 174.0 24.000408 15.0 1 1 1
185 40 143.999964 180.0 136.00024200000001 67.000125 1 1 1
185 105 529.999902 174.0 26.000028 15.0 1 1 1
186 40 131.99976 178.999875 139.999482 69.0 1 1 1
186 105 529.000092 172.999875 26.000028 15.0 1 1 1
187 40 115.00050599999999 178.999875 150.000066 72.0 1 1 1
187 105 528.0002820000001 172.999875 26.999838 15.0 1 1 1
188 40 100.99944 178.999875 157.999788 67.999875 1 1 1
188 105 528.0002820000001 172.999875 26.999838 15.0 1 1 1
189 40 84.000186 178.999875 168.000372 73.999875 1 1 1
189 105 525.99942 172.000125 28.999458 16.000124999999997 1 1 1
190 40 71.999982 178.000125 172.999422 76.99987499999999 1 1 1
190 105 524.99961 172.000125 30.00051 15.0 1 1 1
191 40 76.00046400000001 178.000125 162.00027 79.000125 1 1 1
191 105 524.99961 172.000125 28.999458 16.000124999999997 1 1 1
192 40 40.999662 178.000125 190.999728 81.0 1 1 1
192 105 522.99999 172.999875 30.00051 15.0 1 1 1
193 40 27.999648 178.000125 196.00002 82.999875 1 1 1
193 105 522.00018 172.000125 31.00032 16.000124999999997 1 1 1
194 40 19.999926 178.000125 196.99983 85.000125 1 1 1
194 105 523.9998 172.999875 27.999648 15.0 1 1 1
195 40 6.999912 180.0 203.999742 85.999875 1 1 1
195 105 523.9998 174.0 27.999648 15.0 1 1 1
196 40 0.0 181.000125 202.999932 87.0 1 1 1
196 105 523.9998 175.000125 27.999648 15.0 1 1 1
197 40 0.0 181.999875 196.99983 88.99987499999999 1 1 1
197 105 522.00018 175.000125 28.999458 16.000124999999997 1 1 1
198 40 0.0 181.999875 189.999918 91.000125 1 1 1
198 105 522.00018 175.000125 31.00032 16.000124999999997 1 1 1
199 40 0.0 181.999875 183.000006 94.000125 1 1 1
199 105 522.00018 175.999875 30.00051 16.000124999999997 1 1 1
200 40 0.0 181.999875 176.000094 96.0 1 1 1
200 105 522.00018 175.999875 31.00032 16.000124999999997 1 1 1
201 40 0.0 181.999875 167.000562 97.99987499999999 1 1 1
201 105 521.00037 175.999875 31.00032 16.000124999999997 1 1 1
202 40 0.0 183.0 159.999408 99.0 1 1 1
202 105 521.00037 175.999875 31.00032 16.000124999999997 1 1 1
203 40 0.0 183.0 152.999496 102.00000000000001 1 1 1
203 105 521.00037 175.999875 28.999458 16.000124999999997 1 1 1
204 40 0.0 184.000125 146.999394 103.999875 1 1 1
204 105 518.999508 177.0 32.00013 16.000124999999997 1 1 1
205 40 0.0 184.999875 137.999862 105.00000000000001 1 1 1
205 105 521.00037 177.0 30.00051 16.000124999999997 1 1 1
206 40 0.0 184.999875 130.99995 102.00000000000001 1 1 1
206 105 518.999508 177.0 32.00013 16.000124999999997 1 1 1
207 40 0.0 183.0 123.00022799999999 93.0 1 1 1
207 105 518.999508 175.999875 32.00013 16.999875 1 1 1
208 40 0.0 184.999875 113.99945399999999 90.0 1 1 1
208 105 518.999508 175.999875 32.00013 16.999875 1 1 1
209 40 0.0 184.999875 104.000112 91.000125 1 1 1
209 105 521.00037 175.999875 30.00051 16.999875 1 1 1
210 40 0.0 184.000125 97.0002 93.0 1 1 1
210 105 520.00056 175.999875 30.00051 16.000124999999997 1 1 1
211 40 0.0 184.999875 87.999426 94.000125 1 1 1
211 105 520.00056 175.999875 31.00032 16.000124999999997 1 1 1
212 40 0.0 184.999875 79.999704 96.0 1 1 1
212 105 520.00056 175.999875 31.00032 16.999875 1 1 1
213 40 0.0 184.999875 71.999982 97.99987499999999 1 1 1
213 105 518.999508 175.999875 32.00013 16.000124999999997 1 1 1
214 40 0.0 186.0 63.00045 99.0 1 1 1
214 105 520.00056 175.000125 31.00032 16.999875 1 1 1
215 40 0.0 186.0 56.000538 100.999875 1 1 1
215 105 520.00056 175.000125 31.00032 16.999875 1 1 1
216 40 0.0 187.000125 48.999384 100.999875 1 1 1
216 105 518.999508 175.000125 32.00013 16.999875 1 1 1
217 40 0.0 187.000125 39.999852 102.00000000000001 1 1 1
217 105 517.9996980000001 174.0 32.00013 18.0 1 1 1
218 40 0.0 186.0 33.99975 103.999875 1 1 1
218 105 517.9996980000001 174.0 32.00013 16.999875 1 1 1
219 105 517.9996980000001 174.0 32.00013 16.999875 1 1 1
220 105 517.9996980000001 174.0 32.00013 16.999875 1 1 1
221 105 518.999508 175.000125 31.00032 16.999875 1 1 1
222 105 518.999508 175.000125 31.00032 18.0 1 1 1
223 105 517.9996980000001 175.000125 32.00013 18.0 1 1 1
224 105 518.999508 175.000125 31.00032 18.0 1 1 1
225 105 518.999508 175.000125 32.00013 18.0 1 1 1
226 105 517.9996980000001 175.000125 32.00013 18.0 1 1 1
227 105 517.9996980000001 175.000125 32.00013 18.0 1 1 1
228 105 517.9996980000001 175.999875 32.99994 16.999875 1 1 1
229 105 518.999508 175.999875 31.00032 16.999875 1 1 1
230 105 516.000078 175.999875 30.00051 16.999875 1 1 1
231 105 516.999888 177.0 27.999648 16.999875 1 1 1
232 105 517.9996980000001 177.0 26.999838 16.000124999999997 1 1 1
233 105 517.9996980000001 177.0 21.999546 16.000124999999997 1 1 1
234 105 517.9996980000001 177.0 17.000496000000002 16.000124999999997 1 1 1
235 105 516.000078 175.999875 14.999633999999999 15.0 1 1 1
237 105 542.999916 178.000125 6.999912 7.999875 1 1 1
238 105 534.000384 177.0 14.999633999999999 16.000124999999997 1 1 1
239 105 530.999712 175.999875 19.000116000000002 16.000124999999997 1 1 1
240 105 527.0004720000001 175.999875 23.000598 18.0 1 1 1
241 105 524.99961 177.0 24.000408 16.999875 1 1 1
242 105 522.99999 177.0 26.000028 18.0 1 1 1
243 105 520.00056 177.0 28.999458 18.0 1 1 1
244 105 518.999508 177.0 30.00051 18.0 1 1 1
245 105 516.999888 178.000125 32.00013 16.999875 1 1 1
246 105 518.999508 178.000125 31.00032 18.0 1 1 1
247 105 517.9996980000001 178.000125 32.00013 18.0 1 1 1
248 105 517.9996980000001 178.000125 32.00013 18.0 1 1 1
249 105 516.999888 178.000125 32.00013 16.999875 1 1 1
250 105 517.9996980000001 178.000125 32.99994 18.0 1 1 1
251 105 517.9996980000001 178.000125 31.00032 16.999875 1 1 1
252 105 516.999888 178.000125 31.00032 18.0 1 1 1
253 105 517.9996980000001 178.999875 28.999458 16.999875 1 1 1
254 105 516.999888 178.999875 26.999838 18.0 1 1 1
255 105 516.999888 180.0 21.999546 16.999875 1 1 1
256 105 516.999888 181.000125 19.000116000000002 15.0 1 1 1
257 105 516.000078 181.999875 17.000496000000002 15.0 1 1 1
258 105 517.9996980000001 181.999875 13.000014 16.000124999999997 1 1 1
259 105 520.00056 183.0 26.000028 6.0 1 1 1
260 105 544.9995359999999 181.000125 6.999912 4.999874999999999 1 1 1
261 105 542.999916 183.0 6.999912 12.0 1 1 1
262 105 524.99961 181.000125 23.000598 16.000124999999997 1 1 1
263 105 531.9995220000001 183.0 17.000496000000002 16.000124999999997 1 1 1
264 105 525.99942 183.0 20.999736 18.0 1 1 1
265 105 522.00018 183.0 23.000598 19.000124999999997 1 1 1
266 105 517.9996980000001 184.000125 26.999838 16.999875 1 1 1
267 105 515.000268 184.000125 30.00051 18.0 1 1 1
268 105 511.999596 184.000125 32.00013 18.0 1 1 1
269 105 508.000356 184.000125 32.99994 18.0 1 1 1
270 105 509.000166 184.000125 31.00032 18.0 1 1 1
271 105 508.000356 184.999875 27.999648 16.999875 1 1 1
272 105 504.999684 186.0 26.999838 18.0 1 1 1
273 105 504.999684 186.0 21.999546 16.999875 1 1 1
274 105 504.999684 186.0 18.000306000000002 16.999875 1 1 1
275 105 502.00025400000004 186.0 17.000496000000002 16.999875 1 1 1
278 105 525.99942 186.0 6.999912 6.0 1 1 1
279 105 520.00056 186.0 13.000014 6.0 1 1 1
280 105 510.999786 184.000125 17.000496000000002 18.0 1 1 1
281 105 507.000546 184.000125 19.999926 19.999875 1 1 1
282 105 503.000064 184.000125 21.999546 19.999875 1 1 1
283 105 494.00053199999996 183.0 32.99994 19.999875 1 1 1
284 105 490.00005000000004 184.000125 28.999458 19.999875 1 1 1
285 105 483.000138 183.0 32.00013 21.0 1 1 1
286 105 481.000518 183.0 27.999648 21.0 1 1 1
287 105 478.999656 184.000125 24.000408 19.000124999999997 1 1 1
288 105 476.000226 184.000125 18.000306000000002 19.000124999999997 1 1 1
289 105 472.999554 183.0 15.999443999999999 16.999875 1 1 1
291 105 504.999684 183.0 7.999721999999999 13.000125 1 1 1
292 105 495.000342 183.0 18.000306000000002 19.999875 1 1 1
293 105 490.99986 184.000125 20.999736 21.0 1 1 1
294 105 481.000518 184.000125 27.999648 21.0 1 1 1
295 105 470.999934 183.0 37.000422 22.999875 1 1 1
296 105 462.000402 181.999875 45.000144 25.000125 1 1 1
297 105 457.00010999999995 181.000125 46.999764 22.999875 1 1 1
298 105 464.999832 181.000125 37.000422 25.000125 1 1 1
299 105 461.000592 181.000125 38.000232000000004 25.000125 1 1 1
300 105 451.999818 181.000125 40.999662 25.999875000000003 1 1 1
301 105 451.000008 181.999875 28.999458 19.000124999999997 1 1 1
302 105 445.999716 183.0 23.000598 15.0 1 1 1
305 105 470.999934 183.0 19.999926 24.0 1 1 1
306 105 444.000096 181.999875 45.999954 26.999999999999996 1 1 1
307 105 444.000096 181.999875 45.000144 30.0 1 1 1
308 105 432.999702 181.000125 54.999486000000005 31.000125 1 1 1
309 105 425.99979 181.000125 61.999398 31.999875000000003 1 1 1
310 105 424.00016999999997 181.000125 64.00026 31.999875000000003 1 1 1
311 105 418.999878 181.000125 67.9995 33.0 1 1 1
312 105 416.000448 181.000125 71.000172 34.000125 1 1 1
313 105 414.999396 181.000125 71.999982 34.999875 1 1 1
314 105 414.999396 181.999875 72.999792 34.999875 1 1 1
315 105 411.000156 181.999875 78.000084 36.0 1 1 1
316 105 411.000156 181.000125 78.999894 37.000125000000004 1 1 1
317 105 406.999674 180.0 84.000186 40.000125 1 1 1
318 105 405.00005400000003 181.000125 79.999704 39.0 1 1 1
319 105 404.000244 181.999875 70.000362 39.0 1 1 1
320 105 403.00043400000004 183.0 57.000347999999995 40.000125 1 1 1
321 105 401.99938199999997 186.0 39.999852 40.000125 1 1 1
323 105 483.99994799999996 184.999875 18.000306000000002 37.999875 1 1 1
324 105 464.000022 184.999875 39.999852 40.999875 1 1 1
325 105 436.000374 184.999875 70.000362 49.999875 1 1 1
326 105 401.99938199999997 184.000125 104.99992200000001 52.000125000000004 1 1 1
327 105 387.999558 181.999875 119.999556 52.999874999999996 1 1 1
328 105 384.000318 180.0 125.999658 55.000125 1 1 1
329 105 378.000216 178.999875 131.99976 57.0 1 1 1
330 105 372.000114 180.0 136.00024200000001 58.999875 1 1 1
331 105 365.000202 180.0 142.000344 61.999875 1 1 1
332 105 353.999808 181.000125 150.999876 64.99987499999999 1 1 1
333 105 344.000466 181.999875 156.999978 67.000125 1 1 1
334 105 331.00045200000005 183.0 165.99951 70.000125 1 1 1
335 105 316.99938599999996 184.000125 174.000474 73.000125 1 1 1
336 105 301.999752 184.999875 183.999816 76.99987499999999 1 1 1
337 105 283.99944600000003 186.0 195.00021 81.0 1 1 1
338 105 267.000192 187.000125 207.000414 85.999875 1 1 1
339 105 244.999404 187.000125 220.00042800000003 91.000125 1 1 1
340 105 220.00042800000003 187.000125 236.99968199999998 97.000125 1 1 1
341 105 193.00059000000002 187.000125 254.000178 102.00000000000001 1 1 1
342 105 158.999598 184.999875 275.999724 109.000125 1 1 1
343 105 123.00022799999999 183.0 299.00032200000004 117.0 1 1 1
344 105 80.99951399999999 183.0 325.00034999999997 126.00000000000001 1 1 1
345 105 34.99956 183.0 354.999618 136.999875 1 1 1
346 105 0.0 184.000125 372.99992399999996 148.000125 1 1 1
347 105 0.0 184.999875 352.000188 162.0 1 1 1
348 105 0.0 187.000125 329.9994 174.0 1 1 1
349 105 0.0 190.000125 305.000424 184.999875 1 1 1
350 105 0.0 190.999875 278.000586 172.000125 1 1 1
351 105 0.0 193.000125 248.999886 169.000125 1 1 1
352 105 0.0 196.000125 216.99975600000002 166.000125 1 1 1
353 105 0.0 199.000125 183.000006 168.0 1 1 1
354 105 0.0 204.00000000000003 144.999774 171.0 1 1 1
355 105 0.0 208.000125 104.000112 166.999875 1 1 1
