0 11 562.000032 174.0 91.000098 85.000125 1 1 1
1 11 562.000032 174.0 91.000098 85.999875 1 1 1
2 11 562.000032 174.0 92.999718 87.0 1 1 1
3 11 562.000032 175.000125 92.999718 87.0 1 1 1
4 11 562.9998420000001 175.000125 93.999528 90.0 1 1 1
5 11 562.9998420000001 175.999875 96.00039000000001 90.0 1 1 1
6 11 562.000032 175.999875 98.00001 91.000125 1 1 1
7 11 562.9998420000001 175.000125 98.99982 91.999875 1 1 1
8 11 562.9998420000001 172.999875 99.99963000000001 94.99987499999999 1 1 1
9 11 562.9998420000001 172.000125 100.99944 96.0 1 1 1
10 11 562.000032 171.0 104.000112 97.000125 1 1 1
11 11 562.000032 171.0 104.000112 99.0 1 1 1
12 11 561.000222 171.0 106.999542 100.000125 1 1 1
13 11 561.000222 171.0 106.999542 100.999875 1 1 1
14 11 561.000222 172.999875 106.999542 100.999875 1 1 1
15 11 560.000412 172.999875 109.000404 103.000125 1 1 1
16 11 560.000412 174.0 110.00021400000001 103.999875 1 1 1
17 11 560.000412 174.0 111.000024 103.999875 1 1 1
18 11 559.000602 174.0 112.99964399999999 103.999875 1 1 1
19 11 560.000412 174.0 111.99983399999999 106.000125 1 1 1
20 11 560.000412 174.0 111.99983399999999 106.000125 1 1 1
21 11 559.000602 175.000125 113.99945399999999 106.000125 1 1 1
22 11 560.000412 175.000125 113.99945399999999 106.000125 1 1 1
23 11 560.000412 175.000125 113.99945399999999 106.000125 1 1 1
24 11 561.000222 175.999875 112.99964399999999 106.000125 1 1 1
25 11 562.000032 177.0 111.99983399999999 105.00000000000001 1 1 1
26 11 562.000032 177.0 111.99983399999999 105.00000000000001 1 1 1
27 11 562.9998420000001 177.0 111.000024 103.999875 1 1 1
28 11 563.999652 177.0 110.00021400000001 103.000125 1 1 1
29 11 563.999652 178.000125 109.000404 100.999875 1 1 1
30 11 564.999462 178.999875 105.99973200000001 100.000125 1 1 1
31 11 564.999462 180.0 104.99992200000001 97.99987499999999 1 1 1
32 11 566.000514 181.000125 103.000302 97.99987499999999 1 1 1
33 11 566.000514 181.999875 102.00049200000001 96.0 1 1 1
34 11 566.000514 181.999875 102.00049200000001 94.99987499999999 1 1 1
35 11 567.000324 183.0 99.99963000000001 91.999875 1 1 1
36 11 567.000324 183.0 98.00001 91.000125 1 1 1
37 11 567.000324 184.999875 96.00039000000001 88.000125 1 1 1
38 11 566.000514 184.999875 95.00058 87.0 1 1 1
39 11 566.000514 184.999875 93.999528 85.999875 1 1 1
40 11 566.000514 186.0 90.000288 84.0 1 1 1
41 11 566.000514 187.000125 89.000478 82.000125 1 1 1
42 11 566.000514 187.999875 86.999616 79.999875 1 1 1
43 11 564.999462 189.0 84.999996 76.99987499999999 1 1 1
44 11 564.999462 189.0 84.000186 75.0 1 1 1
45 11 566.000514 187.999875 79.999704 75.0 1 1 1
46 11 566.000514 187.999875 78.999894 73.000125 1 1 1
47 11 566.000514 187.000125 77.00027399999999 72.0 1 1 1
48 11 566.000514 187.000125 74.999412 70.000125 1 1 1
49 11 566.000514 186.0 74.999412 69.0 1 1 1
50 11 567.000324 184.999875 72.999792 67.999875 1 1 1
51 11 566.000514 186.0 72.999792 67.000125 1 1 1
52 11 568.000134 187.000125 71.000172 64.99987499999999 1 1 1
53 11 569.9997539999999 186.0 67.9995 64.99987499999999 1 1 1
54 11 569.9997539999999 184.999875 66.99969 64.00012500000001 1 1 1
55 11 570.999564 184.000125 65.99988 61.999875 1 1 1
56 11 572.000616 183.0 65.00007 61.000125000000004 1 1 1
57 11 573.0004260000001 181.999875 64.00026 61.000125000000004 1 1 1
58 11 572.000616 183.0 65.00007 60.0 1 1 1
59 11 575.000046 183.0 63.00045 58.999875 1 1 1
60 11 575.000046 183.0 63.00045 58.000125 1 1 1
61 11 576.999666 181.999875 59.999778 57.0 1 1 1
62 11 576.999666 178.999875 59.999778 57.0 1 1 1
63 11 576.999666 177.0 59.999778 55.999874999999996 1 1 1
64 11 576.999666 177.0 59.999778 55.000125 1 1 1
65 11 579.000528 175.000125 58.000158 55.999874999999996 1 1 1
66 11 579.000528 175.999875 58.999967999999996 55.000125 1 1 1
67 11 579.000528 175.999875 58.000158 53.99999999999999 1 1 1
68 11 580.0003379999999 174.0 58.000158 53.99999999999999 1 1 1
69 11 580.0003379999999 174.0 58.000158 52.999874999999996 1 1 1
70 11 581.000148 175.999875 57.000347999999995 52.000125000000004 1 1 1
71 11 581.000148 180.0 57.000347999999995 52.000125000000004 1 1 1
72 11 581.000148 183.0 57.000347999999995 51.00000000000001 1 1 1
73 11 581.999958 183.0 56.000538 51.00000000000001 1 1 1
74 11 581.000148 181.999875 56.000538 49.999875 1 1 1
75 11 581.999958 180.0 53.999676 49.000125000000004 1 1 1
76 11 581.999958 177.0 53.999676 49.999875 1 1 1
77 11 581.999958 175.999875 52.999866000000004 49.000125000000004 1 1 1
78 11 581.999958 177.0 52.999866000000004 48.0 1 1 1
79 11 581.999958 178.999875 52.999866000000004 48.0 1 1 1
80 11 581.000148 181.000125 52.999866000000004 46.999875 1 1 1
81 11 581.999958 180.0 51.000246000000004 46.000125 1 1 1
82 11 581.999958 177.0 50.000436 46.000125 1 1 1
83 11 581.999958 175.000125 48.999384 45.0 1 1 1
84 11 582.999768 174.0 47.999574 46.000125 1 1 1
85 11 581.999958 175.000125 48.999384 45.0 1 1 1
86 11 582.999768 175.999875 48.999384 43.999875 1 1 1
87 11 583.9995779999999 175.999875 47.999574 43.999875 1 1 1
88 11 584.999388 175.999875 46.999764 43.000125000000004 1 1 1
89 11 584.999388 175.000125 47.999574 43.000125000000004 1 1 1
90 11 586.00044 175.000125 46.999764 43.000125000000004 1 1 1
91 11 587.00025 175.999875 45.999954 42.0 1 1 1
92 11 587.00025 177.0 46.999764 43.000125000000004 1 1 1
93 11 588.0000600000001 177.0 46.999764 42.0 1 1 1
94 11 588.0000600000001 175.999875 46.999764 42.0 1 1 1
95 11 588.0000600000001 175.999875 46.999764 42.0 1 1 1
96 11 588.0000600000001 175.000125 45.999954 43.000125000000004 1 1 1
97 11 588.0000600000001 177.0 47.999574 42.0 1 1 1
98 11 588.99987 178.000125 45.999954 42.0 1 1 1
99 11 588.99987 181.000125 45.999954 42.0 1 1 1
100 11 589.99968 181.999875 45.999954 40.999875 1 1 1
101 11 589.99968 181.000125 45.999954 40.999875 1 1 1
102 11 589.99968 178.999875 45.000144 42.0 1 1 1
103 11 588.99987 178.999875 46.999764 42.0 1 1 1
104 11 589.99968 178.999875 45.999954 42.0 1 1 1
105 11 589.99968 178.999875 45.999954 40.999875 1 1 1
106 11 590.99949 178.999875 45.000144 40.999875 1 1 1
107 11 590.99949 178.999875 45.000144 40.999875 1 1 1
108 11 589.99968 178.000125 45.999954 42.0 1 1 1
109 11 590.99949 178.000125 45.999954 42.0 1 1 1
110 11 590.99949 178.000125 45.000144 40.999875 1 1 1
111 11 590.99949 178.000125 45.000144 40.999875 1 1 1
112 11 590.99949 178.000125 45.000144 42.0 1 1 1
113 11 590.99949 178.000125 45.999954 40.999875 1 1 1
114 11 592.000542 177.0 44.000334 40.999875 1 1 1
115 11 592.000542 177.0 44.000334 40.999875 1 1 1
116 11 592.000542 177.0 45.000144 40.999875 1 1 1
117 11 592.000542 175.999875 45.999954 40.999875 1 1 1
118 11 592.000542 175.000125 46.999764 42.0 1 1 1
119 11 592.000542 175.000125 46.999764 42.0 1 1 1
120 11 592.000542 175.999875 46.999764 40.999875 1 1 1
121 11 593.000352 175.999875 45.999954 40.999875 1 1 1
122 11 592.000542 175.999875 45.999954 42.0 1 1 1
248 11 574.000236 177.0 172.999422 157.999875 1 1 1
249 11 573.0004260000001 177.0 169.999992 153.0 1 1 1
250 11 575.000046 178.000125 163.00008 147.0 1 1 1
251 11 576.999666 178.000125 157.999788 142.999875 1 1 1
252 11 579.000528 178.999875 151.999686 136.999875 1 1 1
253 11 580.0003379999999 178.000125 146.999394 133.000125 1 1 1
254 11 581.999958 178.999875 139.999482 127.999875 1 1 1
255 11 583.9995779999999 178.999875 135.000432 124.000125 1 1 1
256 11 586.00044 178.999875 129.00033 120.0 1 1 1
257 11 587.00025 180.0 124.999848 115.00012500000001 1 1 1
258 11 588.0000600000001 180.0 119.999556 111.0 1 1 1
259 11 589.99968 180.0 115.00050599999999 107.99999999999999 1 1 1
260 11 589.99968 180.0 112.99964399999999 103.999875 1 1 1
261 11 590.99949 178.999875 109.000404 103.000125 1 1 1
262 11 590.99949 180.0 106.999542 99.0 1 1 1
263 11 592.000542 181.000125 103.000302 94.99987499999999 1 1 1
264 11 593.000352 181.999875 98.99982 91.000125 1 1 1
265 11 594.000162 181.999875 96.00039000000001 88.99987499999999 1 1 1
266 11 594.000162 183.0 93.999528 85.999875 1 1 1
267 11 595.999782 183.0 90.000288 85.000125 1 1 1
268 11 595.999782 183.0 89.000478 82.999875 1 1 1
269 11 595.999782 183.0 86.999616 81.0 1 1 1
270 11 595.999782 183.0 86.999616 79.000125 1 1 1
271 11 596.999592 184.000125 84.000186 75.0 1 1 1
272 11 596.999592 183.0 83.000376 76.00012500000001 1 1 1
273 11 596.999592 184.000125 80.99951399999999 73.999875 1 1 1
274 11 596.999592 183.0 79.999704 73.999875 1 1 1
275 11 596.999592 183.0 78.999894 72.0 1 1 1
276 11 596.999592 184.000125 78.000084 70.000125 1 1 1
277 11 596.999592 184.000125 77.00027399999999 69.0 1 1 1
278 11 595.999782 184.999875 77.00027399999999 67.999875 1 1 1
279 11 595.999782 184.000125 76.00046400000001 67.000125 1 1 1
280 11 594.999972 183.0 74.999412 67.000125 1 1 1
281 11 594.999972 183.0 73.999602 64.99987499999999 1 1 1
282 11 594.999972 181.999875 71.000172 64.99987499999999 1 1 1
283 11 595.999782 181.000125 69.000552 66.0 1 1 1
284 11 594.999972 181.000125 69.000552 64.99987499999999 1 1 1
285 11 594.000162 180.0 67.9995 64.99987499999999 1 1 1
286 11 594.000162 181.000125 69.000552 64.00012500000001 1 1 1
287 11 593.000352 181.000125 69.000552 64.00012500000001 1 1 1
288 11 589.99968 180.0 71.000172 64.00012500000001 1 1 1
289 11 588.99987 180.0 71.000172 64.00012500000001 1 1 1
290 11 588.0000600000001 181.000125 71.000172 63.00000000000001 1 1 1
291 11 588.0000600000001 181.999875 70.000362 61.999875 1 1 1
292 11 588.0000600000001 181.999875 70.000362 61.999875 1 1 1
293 11 587.00025 181.999875 71.000172 61.999875 1 1 1
294 11 587.00025 181.000125 71.999982 64.00012500000001 1 1 1
295 11 587.00025 181.000125 71.999982 63.00000000000001 1 1 1
296 11 587.00025 178.999875 72.999792 64.00012500000001 1 1 1
297 11 588.0000600000001 178.000125 71.999982 64.00012500000001 1 1 1
298 11 588.99987 177.0 70.000362 64.00012500000001 1 1 1
299 11 588.99987 177.0 70.000362 64.00012500000001 1 1 1
300 11 589.99968 178.000125 69.000552 64.00012500000001 1 1 1
301 11 589.99968 178.000125 70.000362 64.00012500000001 1 1 1
302 11 590.99949 178.000125 70.000362 64.00012500000001 1 1 1
303 11 592.000542 178.000125 69.000552 64.00012500000001 1 1 1
304 11 593.000352 178.000125 69.000552 64.99987499999999 1 1 1
305 11 593.000352 178.999875 71.000172 64.00012500000001 1 1 1
306 11 594.000162 178.999875 71.999982 64.00012500000001 1 1 1
307 11 595.999782 178.999875 70.000362 64.00012500000001 1 1 1
308 11 597.999402 177.0 70.000362 64.99987499999999 1 1 1
309 11 601.000074 177.0 70.000362 64.99987499999999 1 1 1
310 11 603.999504 175.999875 71.000172 64.99987499999999 1 1 1
311 11 608.999796 175.000125 70.000362 66.0 1 1 1
312 11 613.000278 175.000125 70.000362 66.0 1 1 1
313 11 618.00057 175.000125 71.000172 66.0 1 1 1
314 11 623.99943 175.000125 71.000172 66.0 1 1 1
315 11 628.999722 175.000125 71.999982 66.0 1 1 1
316 11 635.999634 174.0 71.999982 64.99987499999999 1 1 1
317 11 642.999546 172.999875 71.999982 66.0 1 1 1
318 11 649.9994579999999 172.000125 71.999982 67.000125 1 1 1
319 11 657.0006119999999 172.000125 73.999602 67.000125 1 1 1
320 11 666.0001440000001 172.000125 72.999792 66.0 1 1 1
321 11 674.999676 172.999875 73.999602 66.0 1 1 1
322 11 684.00045 172.999875 73.999602 67.000125 1 1 1
323 11 692.000172 172.999875 76.00046400000001 67.000125 1 1 1
324 11 700.9997040000001 174.0 76.00046400000001 66.0 1 1 1
325 11 711.000288 172.999875 76.00046400000001 66.0 1 1 1
326 11 719.9998199999999 172.000125 77.00027399999999 66.0 1 1 1
327 11 729.000594 169.999875 76.00046400000001 66.0 1 1 1
328 11 737.000316 168.0 76.00046400000001 64.99987499999999 1 1 1
329 11 745.9998479999999 166.000125 76.00046400000001 66.0 1 1 1
330 11 753.99957 166.000125 76.00046400000001 66.0 1 1 1
331 11 763.000344 168.0 74.999412 64.99987499999999 1 1 1
332 11 770.0002559999999 168.0 73.999602 66.0 1 1 1
333 11 776.000358 169.999875 76.00046400000001 64.00012500000001 1 1 1
334 11 782.00046 171.0 77.00027399999999 64.99987499999999 1 1 1
335 11 788.0005620000001 171.0 78.000084 64.00012500000001 1 1 1
336 11 792.999612 171.0 78.999894 64.00012500000001 1 1 1
337 11 801.0005759999999 171.0 74.999412 64.99987499999999 1 1 1
338 11 805.999626 172.999875 73.999602 63.00000000000001 1 1 1
339 11 805.999626 174.0 78.000084 63.00000000000001 1 1 1
340 11 810.999918 174.0 76.00046400000001 61.999875 1 1 1
341 11 812.9995379999999 172.000125 76.00046400000001 63.00000000000001 1 1 1
342 11 814.00059 171.0 76.00046400000001 63.00000000000001 1 1 1
343 11 815.0004 171.0 77.00027399999999 61.000125000000004 1 1 1
344 11 817.99983 171.0 71.000172 60.0 1 1 1
345 11 817.0000200000001 171.0 70.000362 60.0 1 1 1
346 11 814.00059 172.000125 71.999982 58.999875 1 1 1
347 11 812.9995379999999 172.000125 70.000362 58.999875 1 1 1
348 11 810.0001080000001 172.999875 69.000552 57.0 1 1 1
349 11 808.000488 174.0 65.99988 55.999874999999996 1 1 1
350 11 804.000006 174.0 64.00026 55.999874999999996 1 1 1
351 11 797.000094 175.000125 65.99988 55.000125 1 1 1
352 11 792.999612 175.999875 64.00026 53.99999999999999 1 1 1
353 11 790.0001820000001 175.999875 60.999587999999996 52.999874999999996 1 1 1
354 11 784.9998899999999 175.999875 59.999778 51.00000000000001 1 1 1
355 11 778.9997880000001 175.000125 59.999778 49.999875 1 1 1
356 11 773.9994959999999 174.0 58.999967999999996 48.0 1 1 1
357 11 771.0000660000001 172.999875 57.000347999999995 48.0 1 1 1
358 11 766.999584 171.0 54.999486000000005 46.999875 1 1 1
359 11 763.000344 169.999875 53.999676 46.000125 1 1 1
360 11 758.000052 169.999875 52.999866000000004 45.0 1 1 1
361 11 756.000432 169.999875 51.000246000000004 43.999875 1 1 1
362 11 752.99976 171.0 50.000436 43.000125000000004 1 1 1
363 11 747.999468 172.000125 51.000246000000004 42.0 1 1 1
364 11 747.999468 172.999875 48.999384 40.999875 1 1 1
365 11 747.999468 172.999875 46.999764 40.999875 1 1 1
366 11 745.000038 172.000125 46.999764 40.000125 1 1 1
367 11 744.000228 171.0 45.999954 39.0 1 1 1
368 11 743.000418 172.000125 44.000334 37.999875 1 1 1
369 11 742.0006079999999 172.000125 44.000334 37.999875 1 1 1
370 11 740.999556 172.999875 43.000524 36.0 1 1 1
371 11 739.9997460000001 172.999875 41.999472 34.999875 1 1 1
372 11 739.9997460000001 172.999875 40.999662 34.999875 1 1 1
