190 60 324.00054 174.0 40.999662 25.999875000000003 1 1 1
191 60 321.999678 174.0 44.000334 28.000125 1 1 1
192 60 320.000058 175.000125 38.000232000000004 28.000125 1 1 1
193 60 315.999576 175.000125 39.999852 28.000125 1 1 1
194 60 313.999956 175.000125 39.000042 28.999875 1 1 1
195 60 309.999474 175.000125 40.999662 28.999875 1 1 1
196 60 307.000044 175.999875 41.999472 30.0 1 1 1
197 60 304.00061400000004 177.0 50.000436 30.0 1 1 1
198 60 302.999562 178.000125 41.999472 28.999875 1 1 1
199 60 299.00032200000004 178.000125 43.000524 30.0 1 1 1
200 60 295.99965000000003 178.999875 44.000334 30.0 1 1 1
201 60 293.00022 178.000125 45.999954 30.0 1 1 1
202 60 291.0006 178.000125 43.000524 31.000125 1 1 1
203 60 287.999928 178.999875 45.000144 30.0 1 1 1
204 60 285.000498 178.999875 45.000144 31.000125 1 1 1
205 60 281.999826 178.999875 45.999954 31.000125 1 1 1
206 60 279.000396 178.999875 46.999764 31.999875000000003 1 1 1
207 60 275.999724 178.999875 60.999587999999996 31.999875000000003 1 1 1
208 60 273.000294 178.999875 61.999398 31.999875000000003 1 1 1
209 60 269.999622 178.000125 65.99988 31.999875000000003 1 1 1
210 60 268.999812 178.999875 60.999587999999996 31.999875000000003 1 1 1
211 60 263.99952 178.999875 52.000056 33.0 1 1 1
212 60 261.9999 178.999875 66.99969 33.0 1 1 1
213 60 261.00009 178.999875 65.99988 33.0 1 1 1
214 60 259.00047 178.999875 64.00026 34.000125 1 1 1
215 60 256.999608 178.999875 53.999676 34.000125 1 1 1
216 60 254.000178 178.000125 69.000552 36.0 1 1 1
217 60 253.000368 177.0 67.9995 37.000125000000004 1 1 1
218 60 250.999506 177.0 69.000552 36.0 1 1 1
219 60 250.999506 177.0 54.999486000000005 36.0 1 1 1
220 60 248.999886 177.0 56.000538 37.000125000000004 1 1 1
221 60 248.000076 178.000125 56.000538 36.0 1 1 1
222 60 247.00026599999998 178.000125 69.000552 37.000125000000004 1 1 1
223 60 246.00045599999999 178.000125 70.000362 37.000125000000004 1 1 1
224 60 244.999404 178.999875 71.000172 36.0 1 1 1
225 60 243.999594 178.000125 58.000158 37.999875 1 1 1
226 60 243.999594 178.000125 70.000362 37.999875 1 1 1
227 60 242.99978399999998 178.000125 58.000158 37.999875 1 1 1
228 60 241.99997399999998 178.000125 58.000158 37.999875 1 1 1
229 60 241.99997399999998 178.999875 71.000172 37.000125000000004 1 1 1
230 60 241.00016399999998 178.999875 57.000347999999995 37.999875 1 1 1
231 60 240.000354 178.999875 72.999792 37.999875 1 1 1
232 60 240.000354 178.999875 72.999792 37.999875 1 1 1
233 60 240.000354 178.999875 71.999982 37.999875 1 1 1
234 60 239.000544 178.999875 58.000158 37.999875 1 1 1
235 60 237.99949199999998 178.999875 71.000172 37.999875 1 1 1
236 60 237.99949199999998 178.999875 72.999792 37.999875 1 1 1
237 60 237.99949199999998 178.999875 72.999792 37.999875 1 1 1
238 60 237.99949199999998 178.999875 71.999982 37.999875 1 1 1
239 60 237.99949199999998 178.999875 71.999982 37.999875 1 1 1
240 60 237.99949199999998 178.999875 72.999792 37.999875 1 1 1
241 60 237.99949199999998 180.0 72.999792 37.000125000000004 1 1 1
242 60 237.99949199999998 180.0 73.999602 37.999875 1 1 1
243 60 237.99949199999998 180.0 72.999792 37.999875 1 1 1
244 60 237.99949199999998 180.0 72.999792 37.999875 1 1 1
245 60 237.99949199999998 181.000125 72.999792 37.999875 1 1 1
246 60 237.99949199999998 181.000125 71.999982 37.999875 1 1 1
247 60 237.99949199999998 181.000125 71.999982 37.999875 1 1 1
248 60 237.99949199999998 181.000125 71.999982 37.999875 1 1 1
249 60 237.99949199999998 181.000125 72.999792 37.999875 1 1 1
250 60 237.99949199999998 181.000125 72.999792 37.999875 1 1 1
251 60 236.99968199999998 181.000125 72.999792 37.999875 1 1 1
252 60 236.99968199999998 181.000125 58.000158 37.999875 1 1 1
253 60 235.99987199999998 181.000125 73.999602 39.0 1 1 1
254 60 235.99987199999998 181.999875 74.999412 37.999875 1 1 1
255 60 235.99987199999998 183.0 57.000347999999995 37.999875 1 1 1
256 60 234.000252 183.0 73.999602 37.999875 1 1 1
257 60 233.000442 184.000125 72.999792 37.999875 1 1 1
258 60 231.99938999999998 184.000125 71.999982 37.999875 1 1 1
259 60 229.99976999999998 184.000125 59.999778 37.999875 1 1 1
260 60 228.99996 184.000125 58.999967999999996 39.0 1 1 1
261 60 224.99947799999998 184.000125 57.000347999999995 37.999875 1 1 1
262 60 223.99966799999999 184.999875 58.000158 25.000125 1 1 1
263 60 226.00053 186.0 58.000158 16.000124999999997 1 1 1
264 60 222.999858 187.000125 56.000538 30.0 1 1 1
265 60 214.000326 186.0 60.999587999999996 40.000125 1 1 1
266 60 210.99965400000002 187.000125 60.999587999999996 40.000125 1 1 1
267 60 206.000604 187.000125 70.000362 40.999875 1 1 1
268 60 201.000312 187.999875 83.000376 40.999875 1 1 1
269 60 196.99983 187.999875 83.000376 40.999875 1 1 1
270 60 190.999728 187.999875 84.999996 42.0 1 1 1
271 60 184.999626 187.999875 86.999616 42.0 1 1 1
272 60 181.000386 189.0 86.999616 40.999875 1 1 1
273 60 180.000576 189.0 83.000376 40.999875 1 1 1
274 60 164.9997 189.0 92.999718 45.0 1 1 1
275 60 156.000168 189.0 96.00039000000001 46.000125 1 1 1
276 60 145.999584 189.0 98.99982 46.999875 1 1 1
277 60 137.000052 189.0 100.99944 48.0 1 1 1
278 60 126.999468 192.0 104.000112 46.999875 1 1 1
279 60 115.00050599999999 192.0 108.000594 48.0 1 1 1
280 60 104.000112 190.000125 111.000024 49.999875 1 1 1
281 60 90.000288 190.000125 115.00050599999999 51.00000000000001 1 1 1
282 60 73.999602 190.000125 122.000418 52.000125000000004 1 1 1
283 60 58.999967999999996 190.999875 97.0002 52.999874999999996 1 1 1
284 60 40.999662 190.000125 125.999658 45.0 1 1 1
285 60 47.999574 189.0 112.99964399999999 21.0 1 1 1
286 60 26.000028 189.0 122.000418 34.999875 1 1 1
287 60 0.0 190.999875 133.99938 58.000125 1 1 1
288 60 0.0 190.000125 117.99993599999999 60.0 1 1 1
289 60 0.9998100000000001 190.000125 99.99963000000001 46.999875 1 1 1
290 60 32.00013 193.999875 50.000436 43.999875 1 1 1
291 60 2.9994300000000003 192.0 59.999778 49.999875 1 1 1
292 60 0.0 192.0 40.999662 52.999874999999996 1 1 1
305 50 557.99955 175.000125 34.99956 25.000125 1 1 1
306 50 553.0005 175.000125 36.000612000000004 25.999875000000003 1 1 1
307 50 549.000018 174.0 37.000422 28.000125 1 1 1
308 50 543.999726 174.0 39.999852 28.999875 1 1 1
309 50 538.999434 172.999875 41.999472 31.000125 1 1 1
310 50 534.000384 172.999875 44.000334 31.000125 1 1 1
311 50 528.0002820000001 172.000125 45.999954 34.000125 1 1 1
312 50 522.00018 172.999875 50.000436 34.999875 1 1 1
313 50 515.000268 172.999875 52.000056 37.999875 1 1 1
314 50 509.000166 172.999875 56.000538 40.999875 1 1 1
315 50 502.00025400000004 172.999875 58.999967999999996 43.999875 1 1 1
316 50 491.99967000000004 172.000125 65.00007 48.0 1 1 1
317 50 482.00032799999997 171.0 70.000362 52.999874999999996 1 1 1
318 50 470.00012399999997 172.000125 76.00046400000001 55.999874999999996 1 1 1
319 50 456.0003 172.000125 84.000186 61.999875 1 1 1
320 50 437.999994 174.0 93.999528 67.000125 1 1 1
321 50 414.999396 175.999875 106.999542 73.999875 1 1 1
322 50 385.999938 175.999875 124.999848 84.0 1 1 1
323 50 348.999516 175.999875 145.999584 99.0 1 1 1
324 50 298.000512 178.000125 175.000284 112.00012500000001 1 1 1
325 50 222.000048 177.0 224.99947799999998 135.0 1 1 1
326 50 108.000594 175.999875 300.000132 168.0 1 1 1
327 50 0.0 175.000125 352.999998 199.99987499999997 1 1 1
328 50 0.0 172.000125 265.000572 202.99987499999997 1 1 1
329 50 0.0 174.0 117.000126 201.0 1 1 1
