83 76 453.999438 175.999875 44.000334 22.999875 1 1 1
84 76 451.000008 177.0 44.000334 22.999875 1 1 1
85 76 452.99962800000003 178.999875 37.000422 24.0 1 1 1
86 76 443.00028599999996 178.000125 44.000334 24.0 1 1 1
87 76 437.999994 178.999875 45.000144 24.0 1 1 1
88 76 433.99951200000004 178.000125 45.000144 25.000125 1 1 1
89 76 426.9996 177.0 47.999574 25.999875000000003 1 1 1
90 76 422.00055 178.000125 47.999574 25.999875000000003 1 1 1
91 76 413.99958599999997 178.000125 51.000246000000004 28.000125 1 1 1
92 76 412.999776 181.000125 45.999954 26.999999999999996 1 1 1
93 76 406.999674 181.999875 46.999764 28.000125 1 1 1
94 76 398.999952 181.999875 48.999384 28.000125 1 1 1
95 76 392.00004 181.999875 47.999574 28.999875 1 1 1
96 76 386.99974799999995 181.999875 45.000144 30.0 1 1 1
97 76 380.999646 181.999875 44.000334 30.0 1 1 1
98 76 373.999734 181.999875 44.000334 30.0 1 1 1
99 76 366.999822 183.0 41.999472 31.000125 1 1 1
100 76 359.0001 181.999875 41.999472 31.999875000000003 1 1 1
101 76 351.000378 180.0 40.999662 33.0 1 1 1
102 76 341.999604 178.000125 38.000232000000004 33.0 1 1 1
103 76 337.00055399999997 177.0 32.99994 33.0 1 1 1
104 76 326.99996999999996 178.999875 31.00032 33.0 1 1 1
105 76 318.00043800000003 181.000125 27.999648 34.000125 1 1 1
106 76 307.000044 183.0 25.000218 36.0 1 1 1
107 76 296.99946 183.0 20.999736 34.000125 1 1 1
