0 11 0.466989 0.469333 0.091787 0.277333
0 27 0.648148 0.448000 0.190016 0.368000
0 32 0.557971 0.456000 0.076490 0.117333
0 33 0.545894 0.466667 0.023349 0.069333
0 30 0.538647 0.466667 0.014493 0.029333
0 40 0.000000 0.485333 0.152979 0.242667
0 42 0.165056 0.501333 0.090982 0.136000
0 45 0.314010 0.344000 0.045894 0.216000
0 46 0.348631 0.466667 0.028986 0.077333
0 51 0.381643 0.466667 0.027375 0.058667
0 105 0.420290 0.466667 0.024960 0.042667
0 60 0.243961 0.474667 0.033816 0.077333
0 61 0.000000 0.496000 0.031401 0.040000
