0 11 0.469404 0.458667 0.082931 0.250667
0 27 0.615942 0.440000 0.157810 0.285333
0 32 0.555556 0.448000 0.070048 0.109333
0 33 0.541063 0.453333 0.022544 0.074667
0 30 0.535427 0.453333 0.015298 0.040000
0 34 0.000000 0.472000 0.057166 0.277333
0 40 0.057971 0.474667 0.139291 0.205333
0 42 0.202899 0.490667 0.076490 0.117333
0 45 0.326892 0.466667 0.041868 0.072000
0 46 0.358293 0.456000 0.025765 0.074667
0 51 0.387279 0.458667 0.026570 0.056000
0 105 0.422705 0.458667 0.024155 0.040000
0 60 0.260870 0.464000 0.033011 0.069333
0 61 0.033011 0.482667 0.049919 0.058667
