0 11 0.476651 0.466667 0.037842 0.112000
0 9 0.938003 0.517333 0.061997 0.482667
0 7 0.699678 0.477333 0.216586 0.448000
0 98 0.623188 0.442667 0.130435 0.301333
0 25 0.595008 0.477333 0.044283 0.194667
0 23 0.574074 0.442667 0.080515 0.189333
0 24 0.557166 0.469333 0.026570 0.117333
0 29 0.430757 0.472000 0.016103 0.040000
0 31 0.391304 0.485333 0.027375 0.064000
0 35 0.535427 0.464000 0.039452 0.085333
0 36 0.523349 0.466667 0.020934 0.066667
0 34 0.382448 0.466667 0.018519 0.050667
0 61 0.360709 0.469333 0.015298 0.045333
