0 11 0.469404 0.458667 0.081320 0.245333
0 27 0.611111 0.440000 0.155395 0.274667
0 32 0.554750 0.450667 0.067633 0.106667
0 33 0.540258 0.453333 0.020934 0.074667
0 30 0.534622 0.453333 0.015298 0.045333
0 34 0.000000 0.469333 0.069243 0.272000
0 40 0.067633 0.477333 0.135266 0.197333
0 42 0.205314 0.490667 0.077295 0.117333
0 45 0.328502 0.336000 0.041063 0.202667
0 46 0.359098 0.456000 0.025765 0.074667
0 51 0.388084 0.458667 0.026570 0.056000
0 105 0.423510 0.458667 0.023349 0.042667
0 61 0.046699 0.485333 0.052335 0.053333
