0 11 0.474235 0.464000 0.044283 0.130667
0 29 0.116747 0.525333 0.145733 0.237333
0 35 0.674718 0.456000 0.212560 0.384000
0 36 0.582931 0.466667 0.108696 0.192000
0 37 0.576490 0.466667 0.061997 0.149333
0 38 0.570048 0.448000 0.061192 0.141333
0 27 0.528180 0.458667 0.010467 0.082667
0 32 0.522544 0.461333 0.010467 0.053333
0 34 0.287440 0.464000 0.052335 0.104000
0 40 0.335749 0.472000 0.024155 0.077333
0 42 0.359098 0.480000 0.021739 0.058667
0 45 0.389694 0.472000 0.022544 0.042667
0 61 0.277778 0.474667 0.024155 0.066667
0 65 0.066023 0.482667 0.023349 0.077333
