0 11 0.475845 0.464000 0.037842 0.114667
0 7 0.791465 0.485333 0.208535 0.514667
0 98 0.656200 0.434667 0.177939 0.408000
0 25 0.612721 0.474667 0.063607 0.226667
0 23 0.586957 0.440000 0.093398 0.210667
0 22 0.582126 0.485333 0.010467 0.128000
0 24 0.563607 0.466667 0.032206 0.125333
0 29 0.425926 0.474667 0.017713 0.034667
0 31 0.378422 0.482667 0.031401 0.074667
0 35 0.537842 0.461333 0.041868 0.090667
0 36 0.524960 0.461333 0.024960 0.072000
0 34 0.373591 0.466667 0.024155 0.048000
0 61 0.355878 0.469333 0.016908 0.042667
