0 11 0.470209 0.466667 0.071659 0.216000
0 27 0.585346 0.453333 0.100644 0.213333
0 32 0.547504 0.458667 0.051530 0.096000
0 33 0.537842 0.464000 0.016908 0.064000
0 30 0.529791 0.464000 0.011272 0.053333
0 34 0.000000 0.474667 0.147343 0.274667
0 40 0.144122 0.482667 0.096618 0.168000
0 42 0.239936 0.496000 0.064412 0.101333
0 45 0.340580 0.474667 0.035427 0.072000
0 46 0.366345 0.464000 0.024960 0.072000
0 51 0.392915 0.466667 0.024155 0.053333
0 105 0.428341 0.469333 0.019324 0.037333
0 107 0.926731 0.490667 0.073269 0.114667
0 61 0.125604 0.488000 0.024155 0.061333
