0 11 0.476651 0.466667 0.037842 0.112000
0 7 0.737520 0.480000 0.241546 0.520000
0 98 0.637681 0.440000 0.148953 0.333333
0 25 0.603060 0.474667 0.052335 0.210667
0 23 0.578905 0.442667 0.087762 0.197333
0 22 0.578100 0.514667 0.004831 0.088000
0 24 0.559581 0.469333 0.029791 0.120000
0 29 0.428341 0.474667 0.016908 0.037333
0 31 0.385668 0.485333 0.028986 0.069333
0 35 0.536232 0.464000 0.041868 0.088000
0 36 0.524155 0.464000 0.020934 0.069333
0 34 0.376812 0.466667 0.022544 0.048000
0 61 0.358293 0.472000 0.020129 0.040000
