0 11 0.474235 0.466667 0.045089 0.133333
0 29 0.028986 0.541333 0.197262 0.290667
0 35 0.699678 0.426667 0.229469 0.466667
0 36 0.589372 0.472000 0.127214 0.205333
0 37 0.581320 0.474667 0.064412 0.160000
0 38 0.574074 0.453333 0.066828 0.144000
0 27 0.528986 0.466667 0.012077 0.082667
0 32 0.524155 0.464000 0.012077 0.056000
0 34 0.282609 0.469333 0.053140 0.104000
0 40 0.334138 0.477333 0.024155 0.077333
0 42 0.357488 0.482667 0.022544 0.058667
0 45 0.388084 0.474667 0.021739 0.045333
0 61 0.276973 0.480000 0.019324 0.058667
0 65 0.053945 0.480000 0.025765 0.082667
