0 11 0.468599 0.458667 0.083736 0.253333
0 27 0.619163 0.442667 0.162641 0.293333
0 32 0.556361 0.448000 0.070048 0.109333
0 33 0.542673 0.453333 0.020934 0.077333
0 30 0.537842 0.456000 0.012077 0.032000
0 34 0.000000 0.472000 0.044283 0.285333
0 40 0.061192 0.474667 0.130435 0.210667
0 42 0.198068 0.490667 0.078100 0.120000
0 45 0.325282 0.469333 0.042673 0.072000
0 46 0.356683 0.456000 0.026570 0.077333
0 51 0.387279 0.458667 0.025765 0.056000
0 105 0.422705 0.458667 0.023349 0.042667
0 60 0.259259 0.464000 0.035427 0.074667
0 61 0.022544 0.482667 0.062802 0.058667
