0 11 0.469404 0.461333 0.079710 0.240000
0 27 0.607890 0.445333 0.150564 0.264000
0 32 0.553140 0.448000 0.068438 0.106667
0 33 0.541063 0.458667 0.018519 0.072000
0 30 0.534622 0.456000 0.013688 0.037333
0 34 0.000000 0.474667 0.081320 0.258667
0 40 0.081320 0.477333 0.127214 0.181333
0 42 0.210145 0.493333 0.074879 0.114667
0 45 0.330113 0.469333 0.040258 0.069333
0 46 0.360709 0.458667 0.024960 0.074667
0 51 0.389694 0.461333 0.024960 0.053333
0 105 0.425121 0.461333 0.021739 0.040000
0 61 0.058776 0.485333 0.047504 0.045333
