0 11 0.469404 0.472000 0.069243 0.208000
0 27 0.578100 0.456000 0.085346 0.197333
0 32 0.545894 0.461333 0.046699 0.093333
0 33 0.535427 0.464000 0.013688 0.069333
0 30 0.526570 0.466667 0.013688 0.056000
0 40 0.161031 0.485333 0.088567 0.160000
0 42 0.248792 0.498667 0.059581 0.096000
0 45 0.342995 0.480000 0.032206 0.066667
0 46 0.367955 0.466667 0.024155 0.069333
0 51 0.393720 0.469333 0.024155 0.050667
0 105 0.429147 0.472000 0.018519 0.037333
0 107 0.908213 0.490667 0.091787 0.112000
0 61 0.158615 0.498667 0.004831 0.040000
