0 11 0.474235 0.461333 0.042673 0.128000
0 29 0.218196 0.506667 0.095008 0.170667
0 35 0.640097 0.456000 0.180354 0.306667
0 36 0.570048 0.461333 0.089372 0.168000
0 37 0.567633 0.464000 0.052335 0.117333
0 38 0.562802 0.445333 0.059581 0.125333
0 27 0.524960 0.461333 0.009662 0.074667
0 32 0.520129 0.453333 0.012077 0.056000
0 34 0.301127 0.466667 0.045089 0.082667
0 40 0.342995 0.469333 0.022544 0.074667
0 42 0.362319 0.477333 0.023349 0.053333
0 45 0.392110 0.469333 0.019324 0.040000
0 61 0.287440 0.472000 0.020934 0.042667
0 65 0.091787 0.496000 0.015298 0.056000
