0 11 0.471014 0.464000 0.073269 0.224000
0 27 0.591787 0.450667 0.123188 0.226667
0 32 0.550725 0.453333 0.055556 0.101333
0 33 0.539452 0.458667 0.014493 0.069333
0 30 0.531401 0.461333 0.011272 0.050667
0 34 0.000000 0.474667 0.126409 0.290667
0 40 0.127214 0.480000 0.101449 0.176000
0 42 0.236715 0.493333 0.061192 0.106667
0 45 0.337359 0.474667 0.038647 0.066667
0 46 0.364734 0.461333 0.024960 0.072000
0 51 0.392110 0.464000 0.024960 0.053333
0 105 0.428341 0.464000 0.019324 0.040000
0 107 0.950886 0.490667 0.049114 0.117333
0 61 0.106280 0.485333 0.028986 0.050667
