0 11 0.468599 0.461333 0.086151 0.264000
0 27 0.630435 0.442667 0.173913 0.322667
0 32 0.557166 0.450667 0.073269 0.112000
0 33 0.544283 0.456000 0.020934 0.077333
0 30 0.539452 0.458667 0.014493 0.050667
0 40 0.016103 0.474667 0.158615 0.226667
0 42 0.183575 0.493333 0.083736 0.128000
0 45 0.320451 0.338667 0.043478 0.205333
0 46 0.353462 0.456000 0.027375 0.080000
0 51 0.384058 0.461333 0.027375 0.056000
0 105 0.421900 0.461333 0.022544 0.040000
0 60 0.252818 0.466667 0.031401 0.077333
0 61 0.000000 0.485333 0.061997 0.056000
