0 11 0.475845 0.464000 0.037842 0.114667
0 7 0.873591 0.498667 0.126409 0.501333
0 98 0.679549 0.429333 0.211755 0.480000
0 25 0.623188 0.472000 0.080515 0.250667
0 23 0.593398 0.434667 0.102254 0.229333
0 22 0.586957 0.493333 0.012077 0.130667
0 24 0.566828 0.466667 0.037842 0.133333
0 29 0.422705 0.474667 0.017713 0.037333
0 31 0.371176 0.485333 0.033816 0.080000
0 35 0.538647 0.461333 0.043478 0.096000
0 36 0.525765 0.461333 0.025765 0.077333
0 34 0.371981 0.466667 0.024960 0.042667
0 61 0.356683 0.472000 0.013688 0.042667
