0 11 0.477456 0.469333 0.037037 0.109333
0 21 0.856683 0.448000 0.143317 0.552000
0 9 0.707729 0.458667 0.179549 0.405333
0 7 0.620773 0.472000 0.115137 0.250667
0 98 0.586151 0.453333 0.095008 0.213333
0 25 0.572464 0.480000 0.023349 0.146667
0 23 0.560386 0.450667 0.059581 0.149333
0 24 0.548309 0.469333 0.020934 0.098667
0 31 0.410628 0.482667 0.021739 0.053333
0 35 0.532206 0.464000 0.033816 0.080000
0 36 0.521739 0.466667 0.016908 0.064000
0 34 0.387279 0.466667 0.024155 0.050667
0 61 0.369565 0.472000 0.015298 0.040000
