0 11 0.470209 0.464000 0.076490 0.229333
0 27 0.599839 0.450667 0.143317 0.242667
0 32 0.552335 0.453333 0.062802 0.101333
0 33 0.540258 0.458667 0.018519 0.072000
0 30 0.536232 0.461333 0.008857 0.042667
0 34 0.000000 0.472000 0.104670 0.245333
0 40 0.106280 0.477333 0.112721 0.184000
0 42 0.222222 0.493333 0.069243 0.109333
0 45 0.333333 0.472000 0.040258 0.069333
0 46 0.363124 0.458667 0.024960 0.074667
0 51 0.390499 0.461333 0.025765 0.053333
0 105 0.425926 0.461333 0.020934 0.040000
0 61 0.083736 0.482667 0.037037 0.053333
