0 11 0.468599 0.461333 0.085346 0.258667
0 27 0.626409 0.440000 0.169887 0.314667
0 32 0.557166 0.450667 0.070853 0.109333
0 33 0.544283 0.456000 0.020934 0.077333
0 30 0.539452 0.456000 0.025765 0.064000
0 40 0.022544 0.474667 0.157810 0.221333
0 42 0.187601 0.493333 0.082126 0.125333
0 45 0.321256 0.472000 0.044283 0.072000
0 46 0.355072 0.456000 0.025765 0.077333
0 51 0.384863 0.458667 0.027375 0.056000
0 105 0.420290 0.458667 0.024960 0.042667
0 60 0.254428 0.466667 0.032206 0.074667
0 61 0.000000 0.482667 0.070048 0.061333
