0 11 0.468599 0.461333 0.084541 0.253333
0 27 0.623188 0.440000 0.165862 0.304000
0 32 0.557166 0.450667 0.069243 0.109333
0 33 0.542673 0.453333 0.021739 0.074667
0 30 0.537037 0.453333 0.013688 0.042667
0 34 0.000000 0.480000 0.033011 0.277333
0 40 0.033011 0.474667 0.153784 0.216000
0 42 0.193237 0.490667 0.080515 0.122667
0 45 0.322866 0.336000 0.044283 0.205333
0 46 0.355878 0.456000 0.026570 0.077333
0 51 0.385668 0.458667 0.027375 0.056000
0 105 0.421095 0.461333 0.024155 0.040000
0 60 0.257649 0.466667 0.030596 0.074667
0 61 0.021739 0.480000 0.055556 0.074667
