0 11 0.470209 0.469333 0.069243 0.213333
0 27 0.581320 0.453333 0.092593 0.205333
0 32 0.546699 0.461333 0.047504 0.093333
0 33 0.537037 0.464000 0.015298 0.066667
0 30 0.528180 0.466667 0.014493 0.050667
0 40 0.152979 0.485333 0.092593 0.162667
0 42 0.244767 0.498667 0.061192 0.098667
0 45 0.341385 0.477333 0.028986 0.069333
0 46 0.367150 0.466667 0.024155 0.069333
0 51 0.393720 0.466667 0.024155 0.053333
0 105 0.428341 0.469333 0.018519 0.037333
0 107 0.917874 0.490667 0.082126 0.112000
0 61 0.134461 0.490667 0.023349 0.058667
