0 11 0.470209 0.464000 0.078100 0.234667
0 27 0.603865 0.448000 0.146538 0.253333
0 32 0.553140 0.450667 0.065217 0.104000
0 33 0.541063 0.458667 0.017713 0.069333
0 30 0.535427 0.458667 0.011272 0.048000
0 34 0.000000 0.472000 0.091787 0.253333
0 40 0.092593 0.477333 0.120773 0.192000
0 42 0.216586 0.493333 0.072464 0.112000
0 45 0.331723 0.472000 0.040258 0.066667
0 46 0.362319 0.458667 0.024960 0.074667
0 51 0.389694 0.461333 0.026570 0.053333
0 105 0.425121 0.461333 0.021739 0.040000
0 61 0.074879 0.485333 0.039452 0.050667
