0 11 0.470209 0.466667 0.072464 0.218667
0 27 0.588567 0.450667 0.111111 0.221333
0 32 0.549114 0.456000 0.053945 0.098667
0 33 0.537842 0.461333 0.014493 0.069333
0 30 0.530596 0.464000 0.012077 0.048000
0 34 0.000000 0.474667 0.137681 0.285333
0 40 0.136071 0.482667 0.099839 0.170667
0 42 0.235910 0.496000 0.065217 0.104000
0 45 0.338969 0.474667 0.037037 0.069333
0 46 0.365539 0.464000 0.024960 0.069333
0 51 0.392915 0.464000 0.024155 0.053333
0 105 0.428341 0.466667 0.018519 0.040000
0 107 0.936393 0.493333 0.063607 0.114667
0 61 0.117552 0.488000 0.024960 0.045333
