0 11 0.467794 0.466667 0.089372 0.274667
0 27 0.643317 0.448000 0.185990 0.354667
0 32 0.558776 0.456000 0.075684 0.117333
0 33 0.545089 0.464000 0.022544 0.074667
0 30 0.535427 0.464000 0.019324 0.037333
0 40 0.000000 0.485333 0.158615 0.237333
0 42 0.169887 0.501333 0.088567 0.133333
0 45 0.315620 0.344000 0.045894 0.213333
0 46 0.349436 0.464000 0.028986 0.077333
0 51 0.382448 0.466667 0.026570 0.056000
0 105 0.420290 0.466667 0.023349 0.042667
0 60 0.244767 0.472000 0.040258 0.080000
0 61 0.000000 0.493333 0.039452 0.042667
