0 11 0.476651 0.469333 0.037842 0.109333
0 8 0.000000 0.506667 0.034622 0.269333
0 21 0.789050 0.448000 0.210950 0.552000
0 9 0.681965 0.456000 0.147343 0.320000
0 7 0.609501 0.469333 0.101449 0.232000
0 98 0.579710 0.456000 0.087762 0.194667
0 25 0.567633 0.480000 0.021739 0.138667
0 23 0.557166 0.453333 0.053945 0.141333
0 24 0.545894 0.469333 0.019324 0.093333
0 31 0.413849 0.480000 0.020129 0.053333
0 35 0.530596 0.464000 0.033011 0.074667
0 36 0.520934 0.464000 0.016908 0.061333
0 34 0.388889 0.466667 0.024960 0.050667
0 61 0.371981 0.474667 0.014493 0.034667
