0 11 0.470209 0.464000 0.075684 0.226667
0 27 0.595008 0.450667 0.136876 0.234667
0 32 0.551530 0.453333 0.059581 0.101333
0 33 0.539452 0.458667 0.016103 0.069333
0 30 0.533011 0.461333 0.010467 0.050667
0 34 0.000000 0.474667 0.115137 0.282667
0 40 0.115942 0.480000 0.109501 0.178667
0 42 0.223027 0.490667 0.071659 0.109333
0 45 0.335749 0.472000 0.036232 0.066667
0 46 0.363929 0.458667 0.024960 0.074667
0 51 0.391304 0.464000 0.024960 0.050667
0 105 0.426731 0.464000 0.020934 0.040000
0 107 0.976651 0.490667 0.023349 0.120000
0 61 0.096618 0.485333 0.032206 0.050667
