0 11 0.476651 0.469333 0.037037 0.112000
0 21 0.970209 0.613333 0.029791 0.386667
0 9 0.739130 0.458667 0.226248 0.474667
0 7 0.634461 0.474667 0.134461 0.274667
0 98 0.592593 0.450667 0.102254 0.232000
0 25 0.577295 0.482667 0.026570 0.154667
0 23 0.563607 0.453333 0.064412 0.157333
0 24 0.550725 0.474667 0.019324 0.098667
0 31 0.405797 0.482667 0.023349 0.056000
0 35 0.533011 0.466667 0.035427 0.080000
0 36 0.522544 0.469333 0.016908 0.064000
0 34 0.384058 0.466667 0.023349 0.050667
0 61 0.367955 0.474667 0.013688 0.037333
