0 11 0.467794 0.466667 0.088567 0.269333
0 27 0.639291 0.445333 0.181159 0.344000
0 32 0.558776 0.453333 0.074074 0.117333
0 33 0.543478 0.458667 0.024960 0.077333
0 30 0.537037 0.458667 0.015298 0.042667
0 40 0.000000 0.482667 0.163446 0.232000
0 42 0.175523 0.498667 0.086151 0.130667
0 45 0.317230 0.474667 0.045089 0.077333
0 46 0.351047 0.461333 0.028180 0.080000
0 51 0.383253 0.464000 0.027375 0.058667
0 105 0.421900 0.466667 0.022544 0.040000
0 60 0.247182 0.469333 0.033816 0.080000
0 61 0.000000 0.490667 0.047504 0.056000
