0 11 0.474235 0.469333 0.045894 0.136000
0 29 0.000000 0.562667 0.172303 0.373333
0 35 0.730274 0.464000 0.256039 0.504000
0 36 0.596618 0.474667 0.138486 0.221333
0 37 0.586957 0.477333 0.066828 0.165333
0 38 0.578905 0.453333 0.068438 0.152000
0 27 0.529791 0.466667 0.012882 0.085333
0 32 0.524155 0.466667 0.012077 0.056000
0 34 0.277778 0.472000 0.054750 0.109333
0 40 0.326892 0.480000 0.028180 0.080000
0 42 0.354267 0.488000 0.023349 0.058667
0 45 0.386473 0.477333 0.022544 0.045333
0 61 0.268116 0.482667 0.022544 0.066667
0 65 0.041868 0.490667 0.028180 0.077333
