0 11 0.466989 0.464000 0.088567 0.266667
0 27 0.634461 0.442667 0.177939 0.333333
0 32 0.557971 0.450667 0.074879 0.114667
0 33 0.544283 0.458667 0.020934 0.074667
0 30 0.537037 0.458667 0.012882 0.040000
0 40 0.005636 0.480000 0.164251 0.229333
0 42 0.179549 0.496000 0.084541 0.128000
0 45 0.318035 0.341333 0.045089 0.205333
0 46 0.352657 0.458667 0.027375 0.080000
0 51 0.383253 0.461333 0.028180 0.058667
0 105 0.421900 0.464000 0.022544 0.040000
0 60 0.249597 0.466667 0.033011 0.077333
0 61 0.000000 0.488000 0.053945 0.058667
