0 11 0.474235 0.464000 0.045894 0.141333
0 35 0.827697 0.469333 0.172303 0.530667
0 36 0.614332 0.474667 0.157810 0.258667
0 37 0.599034 0.472000 0.078905 0.186667
0 38 0.586957 0.450667 0.072464 0.165333
0 27 0.532206 0.461333 0.015298 0.093333
0 32 0.525765 0.464000 0.012882 0.058667
0 34 0.264895 0.469333 0.059581 0.112000
0 40 0.319646 0.477333 0.029791 0.082667
0 42 0.347826 0.485333 0.026570 0.061333
0 45 0.384058 0.477333 0.020129 0.045333
0 61 0.258454 0.477333 0.022544 0.069333
0 65 0.014493 0.485333 0.033011 0.088000
