0 11 0.474235 0.464000 0.047504 0.141333
0 35 0.910628 0.480000 0.089372 0.520000
0 36 0.625604 0.472000 0.168277 0.285333
0 37 0.605475 0.472000 0.083736 0.194667
0 38 0.591787 0.448000 0.076490 0.170667
0 27 0.533011 0.458667 0.016103 0.096000
0 32 0.526570 0.458667 0.015298 0.061333
0 34 0.258454 0.466667 0.061192 0.117333
0 40 0.314010 0.474667 0.032206 0.085333
0 42 0.345411 0.482667 0.026570 0.061333
0 45 0.382448 0.472000 0.020934 0.045333
0 61 0.252818 0.477333 0.020934 0.069333
0 65 0.000805 0.480000 0.035427 0.093333
