0 11 0.474235 0.461333 0.043478 0.130667
0 29 0.175523 0.512000 0.115942 0.202667
0 35 0.656200 0.453333 0.194847 0.344000
0 36 0.575684 0.464000 0.098229 0.176000
0 37 0.571659 0.464000 0.054750 0.130667
0 38 0.567633 0.445333 0.057971 0.136000
0 27 0.526570 0.464000 0.009662 0.074667
0 32 0.521739 0.458667 0.008857 0.053333
0 34 0.293076 0.464000 0.049919 0.096000
0 40 0.339775 0.469333 0.023349 0.074667
0 42 0.360709 0.477333 0.021739 0.053333
0 45 0.390499 0.469333 0.020934 0.042667
0 61 0.280998 0.469333 0.026570 0.064000
0 65 0.078100 0.480000 0.020129 0.074667
