0 11 0.474235 0.469333 0.045894 0.136000
0 29 0.000000 0.592000 0.090982 0.336000
0 35 0.771337 0.464000 0.228663 0.536000
0 36 0.605475 0.474667 0.147343 0.237333
0 37 0.592593 0.477333 0.073269 0.173333
0 38 0.581320 0.450667 0.072464 0.160000
0 27 0.530596 0.464000 0.013688 0.090667
0 32 0.525765 0.466667 0.012077 0.056000
0 34 0.271337 0.469333 0.057166 0.112000
0 40 0.322866 0.477333 0.029791 0.082667
0 42 0.351047 0.488000 0.024960 0.058667
0 45 0.384863 0.477333 0.020129 0.045333
0 61 0.263285 0.480000 0.024155 0.069333
0 65 0.027375 0.488000 0.032206 0.082667
