0 11 0.467794 0.469333 0.091787 0.282667
0 27 0.653784 0.448000 0.194847 0.381333
0 32 0.559581 0.458667 0.076490 0.120000
0 33 0.546699 0.466667 0.023349 0.066667
0 30 0.540258 0.466667 0.012077 0.032000
0 40 0.000000 0.485333 0.147343 0.250667
0 42 0.161836 0.504000 0.090982 0.136000
0 45 0.313205 0.480000 0.045894 0.080000
0 46 0.348631 0.466667 0.028180 0.077333
0 51 0.381643 0.469333 0.026570 0.056000
0 105 0.420290 0.469333 0.024155 0.042667
0 60 0.240741 0.474667 0.034622 0.080000
0 61 0.000000 0.498667 0.022544 0.037333
