0 11 0.478261 0.482667 0.055556 0.170667
0 32 0.657005 0.458667 0.165862 0.322667
0 33 0.578100 0.480000 0.075684 0.138667
0 30 0.545894 0.482667 0.044283 0.104000
0 43 0.000000 0.568000 0.095008 0.349333
0 44 0.320451 0.490667 0.059581 0.130667
0 49 0.402576 0.482667 0.035427 0.077333
0 45 0.157810 0.509333 0.103865 0.154667
0 46 0.251208 0.480000 0.053945 0.130667
0 47 0.454911 0.477333 0.023349 0.050667
0 51 0.320451 0.488000 0.045089 0.069333
0 105 0.387279 0.488000 0.022544 0.056000
0 60 0.020934 0.504000 0.098229 0.093333
0 59 0.111916 0.501333 0.022544 0.072000
0 69 0.528986 0.477333 0.018519 0.037333
