0 11 0.479871 0.488000 0.070048 0.216000
0 32 0.591787 0.474667 0.105475 0.176000
0 33 0.561192 0.482667 0.041063 0.106667
0 30 0.542673 0.488000 0.027375 0.080000
0 42 0.000000 0.552000 0.128019 0.234667
0 43 0.367150 0.501333 0.041868 0.082667
0 44 0.433172 0.488000 0.026570 0.056000
0 49 0.467794 0.482667 0.019324 0.045333
0 45 0.262480 0.509333 0.063607 0.101333
0 46 0.313205 0.488000 0.038647 0.098667
0 51 0.356683 0.490667 0.034622 0.069333
0 105 0.409018 0.490667 0.026570 0.048000
0 60 0.158615 0.501333 0.066828 0.109333
0 59 0.145733 0.501333 0.037842 0.072000
