0 11 0.466989 0.466667 0.095008 0.293333
0 27 0.664251 0.445333 0.204509 0.408000
0 32 0.561997 0.458667 0.077295 0.122667
0 33 0.548309 0.466667 0.022544 0.066667
0 30 0.545089 0.466667 0.009662 0.026667
0 40 0.000000 0.485333 0.134461 0.261333
0 42 0.152979 0.504000 0.095008 0.141333
0 45 0.310789 0.349333 0.047504 0.213333
0 46 0.346216 0.466667 0.029791 0.080000
0 51 0.380837 0.469333 0.026570 0.056000
0 105 0.419485 0.469333 0.024960 0.042667
0 60 0.235910 0.474667 0.037037 0.080000
0 61 0.000000 0.506667 0.005636 0.032000
