0 11 0.479871 0.488000 0.071659 0.221333
0 32 0.590982 0.474667 0.103060 0.170667
0 33 0.561192 0.485333 0.039452 0.101333
0 30 0.542673 0.485333 0.028986 0.080000
0 42 0.000000 0.549333 0.135266 0.226667
0 43 0.373591 0.498667 0.039452 0.082667
0 44 0.436393 0.485333 0.025765 0.056000
0 49 0.470209 0.482667 0.018519 0.042667
0 45 0.265700 0.506667 0.061997 0.101333
0 46 0.315620 0.485333 0.037842 0.101333
0 51 0.360709 0.490667 0.031401 0.066667
0 105 0.412238 0.490667 0.025765 0.048000
0 60 0.161836 0.501333 0.066828 0.109333
0 59 0.148953 0.498667 0.040258 0.072000
