0 11 0.462158 0.466667 0.129630 0.389333
0 27 0.801127 0.442667 0.198873 0.557333
0 32 0.575684 0.453333 0.087762 0.141333
0 33 0.559581 0.461333 0.025765 0.064000
0 30 0.557166 0.461333 0.015298 0.013333
0 40 0.000000 0.498667 0.039452 0.269333
0 39 0.471820 0.461333 0.016103 0.037333
0 42 0.081320 0.512000 0.124799 0.173333
0 45 0.294686 0.480000 0.053140 0.090667
0 46 0.335749 0.464000 0.033011 0.088000
0 51 0.374396 0.466667 0.030596 0.058667
0 105 0.417874 0.466667 0.025765 0.045333
0 60 0.204509 0.474667 0.055556 0.096000
0 59 0.193237 0.477333 0.029791 0.064000
