0 11 0.479871 0.488000 0.072464 0.226667
0 32 0.589372 0.474667 0.103060 0.170667
0 33 0.560386 0.485333 0.039452 0.101333
0 30 0.543478 0.488000 0.025765 0.077333
0 39 0.000000 0.578667 0.070853 0.322667
0 42 0.024960 0.546667 0.115942 0.189333
0 43 0.380032 0.498667 0.037842 0.077333
0 44 0.442834 0.485333 0.021739 0.053333
0 49 0.472625 0.480000 0.018519 0.045333
0 45 0.267311 0.506667 0.061997 0.101333
0 46 0.316425 0.485333 0.038647 0.098667
0 51 0.362319 0.490667 0.030596 0.064000
0 105 0.414654 0.490667 0.024155 0.048000
0 60 0.165862 0.498667 0.056361 0.109333
0 59 0.148953 0.498667 0.041063 0.069333
