0 11 0.459742 0.466667 0.146538 0.442667
0 27 0.881643 0.445333 0.118357 0.554667
0 32 0.582126 0.456000 0.090982 0.146667
0 33 0.574074 0.464000 0.016908 0.040000
0 30 0.553140 0.466667 0.019324 0.010667
0 39 0.450886 0.466667 0.020129 0.045333
0 42 0.054750 0.517333 0.137681 0.184000
0 45 0.287440 0.482667 0.056361 0.093333
0 46 0.330918 0.464000 0.035427 0.090667
0 51 0.371981 0.469333 0.031401 0.058667
0 105 0.417874 0.466667 0.025765 0.048000
0 60 0.196457 0.474667 0.046699 0.101333
0 59 0.188406 0.474667 0.027375 0.069333
