0 11 0.476651 0.482667 0.082931 0.253333
0 32 0.586151 0.472000 0.099034 0.162667
0 33 0.557971 0.480000 0.040258 0.096000
0 30 0.546699 0.482667 0.020129 0.069333
0 39 0.107085 0.536000 0.126409 0.226667
0 42 0.000000 0.538667 0.149758 0.208000
0 43 0.400161 0.490667 0.033011 0.066667
0 44 0.451691 0.480000 0.022544 0.053333
0 49 0.480676 0.477333 0.016908 0.040000
0 45 0.275362 0.501333 0.059581 0.098667
0 46 0.322061 0.482667 0.037842 0.096000
0 51 0.366345 0.485333 0.034622 0.066667
0 105 0.428341 0.488000 0.013688 0.042667
0 60 0.181965 0.496000 0.046699 0.042667
0 59 0.162641 0.496000 0.034622 0.048000
