0 11 0.459742 0.472000 0.152979 0.461333
0 27 0.944444 0.560000 0.055556 0.440000
0 32 0.585346 0.458667 0.090982 0.152000
0 33 0.570853 0.466667 0.022544 0.032000
0 30 0.556361 0.469333 0.019324 0.021333
0 39 0.390499 0.482667 0.032206 0.066667
0 42 0.039452 0.522667 0.145733 0.189333
0 43 0.457327 0.466667 0.021739 0.045333
0 45 0.285024 0.488000 0.057166 0.093333
0 46 0.329308 0.469333 0.035427 0.090667
0 51 0.371176 0.472000 0.027375 0.061333
0 105 0.418680 0.472000 0.023349 0.048000
0 60 0.191626 0.480000 0.058776 0.101333
0 59 0.181159 0.480000 0.030596 0.064000
