0 11 0.472625 0.482667 0.057971 0.168000
0 32 0.865539 0.442667 0.134461 0.557333
0 33 0.607085 0.477333 0.101449 0.200000
0 30 0.557166 0.482667 0.056361 0.136000
0 44 0.000000 0.530667 0.189211 0.408000
0 49 0.322866 0.488000 0.060386 0.130667
0 46 0.173108 0.482667 0.082931 0.170667
0 47 0.415459 0.485333 0.034622 0.066667
0 50 0.482287 0.469333 0.018519 0.029333
0 51 0.285829 0.490667 0.050725 0.098667
0 105 0.379227 0.488000 0.029791 0.061333
0 59 0.000000 0.509333 0.042673 0.090667
0 63 0.520934 0.474667 0.018519 0.048000
0 66 0.247987 0.490667 0.016103 0.082667
