0 11 0.478261 0.488000 0.075684 0.229333
0 32 0.588567 0.474667 0.102254 0.168000
0 33 0.559581 0.485333 0.041868 0.098667
0 30 0.543478 0.485333 0.025765 0.069333
0 39 0.000000 0.560000 0.136071 0.376000
0 42 0.046699 0.546667 0.099839 0.168000
0 43 0.384863 0.496000 0.037037 0.077333
0 44 0.445250 0.482667 0.022544 0.056000
0 49 0.474235 0.480000 0.017713 0.042667
0 45 0.270531 0.504000 0.060386 0.101333
0 46 0.318035 0.485333 0.038647 0.098667
0 51 0.363929 0.490667 0.029791 0.064000
0 105 0.417069 0.490667 0.021739 0.045333
0 60 0.169887 0.498667 0.049114 0.106667
0 59 0.154589 0.498667 0.037037 0.066667
