0 11 0.473430 0.485333 0.056361 0.165333
0 32 0.752013 0.453333 0.234300 0.533333
0 33 0.595008 0.480000 0.089372 0.173333
0 30 0.551530 0.485333 0.054750 0.122667
0 44 0.162641 0.512000 0.131240 0.237333
0 49 0.357488 0.488000 0.051530 0.106667
0 45 0.071659 0.522667 0.128824 0.184000
0 46 0.208535 0.482667 0.063607 0.042667
0 47 0.430757 0.485333 0.029791 0.058667
0 51 0.299517 0.488000 0.051530 0.096000
0 105 0.398551 0.488000 0.014493 0.053333
0 60 0.000000 0.512000 0.033011 0.141333
0 59 0.019324 0.506667 0.061997 0.088000
0 63 0.516103 0.480000 0.018519 0.048000
