0 11 0.474235 0.480000 0.057166 0.170667
0 32 0.691626 0.456000 0.191626 0.397333
0 33 0.584541 0.477333 0.082126 0.154667
0 30 0.548309 0.482667 0.049114 0.112000
0 44 0.264090 0.493333 0.082931 0.170667
0 49 0.383253 0.480000 0.040258 0.090667
0 45 0.119968 0.517333 0.119163 0.162667
0 46 0.230274 0.480000 0.060386 0.138667
0 47 0.443639 0.480000 0.026570 0.053333
0 51 0.324477 0.488000 0.033816 0.082667
0 105 0.380837 0.488000 0.012882 0.045333
0 60 0.000805 0.506667 0.080515 0.125333
0 59 0.063607 0.498667 0.048309 0.088000
0 69 0.533011 0.474667 0.019324 0.037333
