0 11 0.480676 0.488000 0.066828 0.202667
0 32 0.597424 0.474667 0.110306 0.189333
0 33 0.562802 0.485333 0.041868 0.109333
0 30 0.541868 0.490667 0.030596 0.082667
0 42 0.000000 0.560000 0.099839 0.232000
0 43 0.341385 0.506667 0.050725 0.098667
0 44 0.422705 0.488000 0.028986 0.066667
0 49 0.459742 0.485333 0.020934 0.048000
0 45 0.253623 0.512000 0.066023 0.106667
0 46 0.308374 0.488000 0.038647 0.104000
0 51 0.360709 0.496000 0.028180 0.013333
0 105 0.406602 0.496000 0.021739 0.048000
0 60 0.145733 0.504000 0.070048 0.109333
0 59 0.134461 0.506667 0.033816 0.072000
