0 11 0.458937 0.466667 0.152979 0.464000
0 27 0.911433 0.437333 0.088567 0.562667
0 32 0.584541 0.456000 0.090177 0.152000
0 33 0.570048 0.464000 0.022544 0.040000
0 30 0.547504 0.464000 0.024960 0.016000
0 39 0.435588 0.472000 0.023349 0.050667
0 42 0.045894 0.520000 0.142512 0.186667
0 43 0.483092 0.461333 0.017713 0.032000
0 45 0.286634 0.485333 0.056361 0.093333
0 46 0.327697 0.466667 0.037842 0.090667
0 51 0.371176 0.472000 0.032206 0.058667
0 105 0.415459 0.469333 0.024155 0.045333
0 60 0.194042 0.477333 0.045894 0.101333
0 59 0.184380 0.477333 0.028986 0.066667
