0 11 0.472625 0.485333 0.057166 0.165333
0 32 0.782609 0.448000 0.217391 0.552000
0 33 0.597424 0.480000 0.094203 0.184000
0 30 0.553140 0.485333 0.055556 0.128000
0 44 0.105475 0.520000 0.161836 0.274667
0 49 0.347826 0.490667 0.045089 0.112000
0 45 0.051530 0.517333 0.138486 0.205333
0 46 0.205314 0.482667 0.065217 0.104000
0 47 0.425926 0.485333 0.032206 0.064000
0 51 0.296296 0.490667 0.051530 0.096000
0 105 0.395330 0.490667 0.016908 0.056000
0 59 0.002415 0.506667 0.067633 0.096000
0 63 0.516908 0.477333 0.018519 0.050667
0 66 0.267311 0.522667 0.007246 0.045333
