0 11 0.472625 0.482667 0.057971 0.170667
0 32 0.817230 0.448000 0.182770 0.552000
0 33 0.600644 0.480000 0.099034 0.189333
0 30 0.554750 0.485333 0.057166 0.130667
0 44 0.024155 0.522667 0.210145 0.328000
0 49 0.335749 0.490667 0.054750 0.120000
0 45 0.029791 0.514667 0.117552 0.197333
0 46 0.194847 0.485333 0.068438 0.146667
0 47 0.421095 0.485333 0.033011 0.064000
0 51 0.290660 0.490667 0.053140 0.098667
0 105 0.387279 0.490667 0.022544 0.056000
0 59 0.000000 0.509333 0.059581 0.101333
0 63 0.519324 0.477333 0.018519 0.048000
0 66 0.258454 0.504000 0.011272 0.061333
