0 11 0.459742 0.466667 0.149758 0.453333
0 27 0.900161 0.440000 0.099839 0.560000
0 32 0.582931 0.456000 0.091787 0.149333
0 33 0.568438 0.464000 0.022544 0.042667
0 30 0.549919 0.464000 0.022544 0.013333
0 39 0.442029 0.469333 0.021739 0.045333
0 42 0.050725 0.517333 0.139291 0.186667
0 43 0.486312 0.458667 0.016908 0.026667
0 45 0.286634 0.482667 0.056361 0.093333
0 46 0.330113 0.466667 0.035427 0.090667
0 51 0.371981 0.469333 0.031401 0.061333
0 105 0.417069 0.469333 0.026570 0.045333
0 60 0.194847 0.474667 0.046699 0.101333
0 59 0.185185 0.474667 0.029791 0.066667
