0 11 0.475040 0.480000 0.057166 0.170667
0 32 0.677134 0.458667 0.182770 0.368000
0 33 0.582126 0.480000 0.079710 0.146667
0 30 0.547504 0.482667 0.047504 0.109333
0 44 0.285829 0.498667 0.074074 0.149333
0 49 0.389694 0.480000 0.038647 0.088000
0 45 0.133655 0.514667 0.113527 0.160000
0 46 0.238325 0.480000 0.056361 0.138667
0 47 0.447665 0.480000 0.026570 0.050667
0 51 0.315620 0.488000 0.045089 0.074667
0 105 0.383253 0.490667 0.014493 0.050667
0 60 0.000000 0.506667 0.095008 0.160000
0 59 0.092593 0.498667 0.028180 0.090667
0 69 0.531401 0.474667 0.020129 0.037333
