0 11 0.480676 0.490667 0.067633 0.200000
0 32 0.595008 0.474667 0.108696 0.186667
0 33 0.561997 0.485333 0.042673 0.106667
0 30 0.541868 0.488000 0.030596 0.082667
0 42 0.000000 0.557333 0.110306 0.245333
0 43 0.351047 0.501333 0.047504 0.096000
0 44 0.425926 0.485333 0.027375 0.064000
0 49 0.462158 0.485333 0.020934 0.048000
0 45 0.256039 0.509333 0.066023 0.106667
0 46 0.309984 0.488000 0.038647 0.101333
0 51 0.363124 0.493333 0.026570 0.013333
0 105 0.409018 0.493333 0.022544 0.045333
0 60 0.148953 0.501333 0.070048 0.112000
0 59 0.136876 0.501333 0.040258 0.074667
