0 11 0.461353 0.464000 0.137681 0.418667
0 27 0.842190 0.440000 0.157810 0.560000
0 32 0.578905 0.450667 0.090177 0.146667
0 33 0.561192 0.456000 0.028986 0.061333
0 30 0.547504 0.458667 0.015298 0.013333
0 39 0.462963 0.461333 0.019324 0.042667
0 42 0.065217 0.512000 0.134461 0.178667
0 45 0.289855 0.477333 0.055556 0.093333
0 46 0.330918 0.461333 0.036232 0.090667
0 51 0.373591 0.464000 0.029791 0.061333
0 105 0.417069 0.464000 0.025765 0.045333
0 60 0.200483 0.472000 0.045089 0.098667
0 59 0.193237 0.472000 0.027375 0.066667
