0 11 0.463768 0.469333 0.118357 0.357333
0 27 0.754428 0.440000 0.245572 0.560000
0 32 0.571659 0.458667 0.086151 0.136000
0 33 0.557166 0.466667 0.024155 0.082667
0 30 0.547504 0.464000 0.012882 0.016000
0 40 0.000000 0.493333 0.064412 0.256000
0 39 0.478261 0.464000 0.016103 0.032000
0 42 0.099839 0.512000 0.117552 0.162667
0 45 0.302738 0.482667 0.047504 0.088000
0 46 0.337359 0.466667 0.033011 0.085333
0 51 0.376006 0.469333 0.028986 0.058667
0 105 0.418680 0.469333 0.024960 0.045333
0 60 0.210950 0.477333 0.053945 0.088000
0 59 0.205314 0.477333 0.023349 0.058667
