0 11 0.479871 0.488000 0.070048 0.210667
0 32 0.593398 0.472000 0.107085 0.181333
0 33 0.561997 0.482667 0.040258 0.106667
0 30 0.542673 0.488000 0.028180 0.080000
0 42 0.000000 0.554667 0.119968 0.240000
0 43 0.363929 0.501333 0.039452 0.088000
0 44 0.429952 0.485333 0.026570 0.064000
0 49 0.464573 0.482667 0.020934 0.048000
0 45 0.260064 0.509333 0.063607 0.104000
0 46 0.311594 0.488000 0.039452 0.101333
0 51 0.354267 0.488000 0.036232 0.069333
0 105 0.409823 0.490667 0.024960 0.048000
0 60 0.153784 0.501333 0.068438 0.112000
0 59 0.140097 0.501333 0.041063 0.074667
