0 11 0.459742 0.466667 0.151369 0.458667
0 27 0.906602 0.437333 0.093398 0.562667
0 32 0.584541 0.456000 0.090177 0.152000
0 33 0.570853 0.466667 0.020934 0.029333
0 30 0.547504 0.466667 0.023349 0.013333
0 39 0.438808 0.472000 0.022544 0.045333
0 42 0.048309 0.517333 0.141707 0.186667
0 43 0.483897 0.461333 0.018519 0.029333
0 45 0.286634 0.485333 0.056361 0.090667
0 46 0.330918 0.466667 0.034622 0.090667
0 51 0.371981 0.469333 0.031401 0.061333
0 105 0.417874 0.469333 0.024960 0.045333
0 60 0.194847 0.477333 0.057166 0.098667
0 59 0.184380 0.477333 0.028180 0.066667
