0 11 0.459742 0.474667 0.155395 0.466667
0 27 0.943639 0.562667 0.056361 0.437333
0 32 0.586151 0.458667 0.090177 0.152000
0 33 0.562802 0.469333 0.030596 0.029333
0 30 0.550725 0.472000 0.013688 0.013333
0 39 0.394525 0.482667 0.031401 0.066667
0 42 0.039452 0.522667 0.145733 0.189333
0 43 0.459742 0.466667 0.021739 0.045333
0 45 0.285024 0.488000 0.057166 0.093333
0 46 0.330113 0.469333 0.034622 0.093333
0 51 0.371176 0.472000 0.028180 0.061333
0 105 0.421095 0.472000 0.020934 0.048000
0 60 0.191626 0.480000 0.059581 0.101333
0 59 0.182770 0.480000 0.027375 0.064000
