0 11 0.462963 0.466667 0.122383 0.368000
0 27 0.765700 0.437333 0.234300 0.562667
0 32 0.572464 0.456000 0.086957 0.138667
0 33 0.559581 0.464000 0.023349 0.066667
0 30 0.550725 0.466667 0.010467 0.013333
0 40 0.000000 0.493333 0.057971 0.261333
0 39 0.476651 0.464000 0.016908 0.034667
0 42 0.095813 0.512000 0.118357 0.168000
0 45 0.301127 0.482667 0.048309 0.088000
0 46 0.337359 0.466667 0.032206 0.088000
0 51 0.376006 0.469333 0.028986 0.058667
0 105 0.417874 0.469333 0.025765 0.042667
0 60 0.210145 0.477333 0.053140 0.088000
0 59 0.199678 0.477333 0.026570 0.064000
