0 11 0.471820 0.477333 0.103865 0.320000
0 27 0.992754 0.653333 0.007246 0.346667
0 32 0.583736 0.466667 0.095008 0.154667
0 33 0.560386 0.477333 0.033816 0.093333
0 30 0.548309 0.477333 0.018519 0.037333
0 39 0.292271 0.506667 0.062802 0.125333
0 42 0.028986 0.530667 0.152174 0.194667
0 43 0.425926 0.482667 0.026570 0.056000
0 44 0.467794 0.472000 0.020129 0.048000
0 45 0.282609 0.496000 0.042673 0.090667
0 46 0.326892 0.477333 0.036232 0.085333
0 51 0.370370 0.480000 0.032206 0.066667
0 105 0.416264 0.482667 0.015298 0.040000
0 60 0.188406 0.488000 0.059581 0.101333
0 59 0.176329 0.488000 0.033816 0.064000
