0 11 0.458937 0.466667 0.154589 0.469333
0 27 0.923510 0.466667 0.076490 0.533333
0 32 0.585346 0.456000 0.090982 0.152000
0 33 0.566828 0.464000 0.025765 0.034667
0 30 0.550725 0.466667 0.017713 0.013333
0 39 0.429147 0.474667 0.023349 0.050667
0 42 0.045089 0.520000 0.142512 0.186667
0 43 0.479066 0.461333 0.018519 0.040000
0 45 0.285829 0.482667 0.056361 0.096000
0 46 0.330113 0.466667 0.034622 0.090667
0 51 0.371981 0.469333 0.031401 0.064000
0 105 0.417069 0.472000 0.021739 0.042667
0 60 0.193237 0.477333 0.058776 0.101333
0 59 0.182770 0.477333 0.028986 0.064000
