0 11 0.477456 0.482667 0.055556 0.170667
0 32 0.666667 0.458667 0.173913 0.344000
0 33 0.579710 0.480000 0.078100 0.141333
0 30 0.546699 0.482667 0.046699 0.106667
0 44 0.304348 0.490667 0.066023 0.144000
0 49 0.396135 0.482667 0.036232 0.080000
0 45 0.147343 0.512000 0.107085 0.152000
0 46 0.244767 0.482667 0.057166 0.133333
0 47 0.451691 0.480000 0.024155 0.050667
0 51 0.318035 0.490667 0.038647 0.037333
0 105 0.385668 0.490667 0.019324 0.050667
0 60 0.000000 0.509333 0.107890 0.154667
0 59 0.093398 0.498667 0.034622 0.093333
0 69 0.530596 0.477333 0.017713 0.037333
