0 11 0.459742 0.466667 0.154589 0.469333
0 27 0.928341 0.493333 0.071659 0.506667
0 32 0.586151 0.456000 0.089372 0.152000
0 33 0.560386 0.466667 0.033011 0.029333
0 30 0.545894 0.466667 0.016103 0.016000
0 39 0.425926 0.472000 0.024155 0.053333
0 42 0.043478 0.517333 0.142512 0.189333
0 43 0.476651 0.461333 0.019324 0.040000
0 45 0.285829 0.482667 0.056361 0.096000
0 46 0.330918 0.466667 0.033816 0.090667
0 51 0.371176 0.469333 0.031401 0.061333
0 105 0.417069 0.472000 0.017713 0.042667
0 60 0.193237 0.477333 0.057971 0.101333
0 59 0.182770 0.477333 0.029791 0.064000
