0 11 0.478261 0.480000 0.054750 0.173333
0 32 0.648953 0.464000 0.158615 0.301333
0 33 0.575684 0.480000 0.074879 0.133333
0 30 0.545089 0.482667 0.044283 0.104000
0 43 0.000000 0.549333 0.160225 0.410667
0 44 0.333333 0.493333 0.055556 0.120000
0 49 0.409018 0.482667 0.033011 0.072000
0 45 0.169082 0.506667 0.098229 0.146667
0 46 0.256844 0.480000 0.053140 0.128000
0 47 0.458132 0.477333 0.023349 0.048000
0 51 0.326087 0.488000 0.042673 0.077333
0 105 0.388889 0.488000 0.025765 0.056000
0 60 0.038647 0.504000 0.090982 0.056000
0 59 0.122383 0.498667 0.020129 0.069333
0 69 0.527375 0.480000 0.018519 0.034667
