0 11 0.462158 0.464000 0.135266 0.413333
0 27 0.833333 0.432000 0.166667 0.568000
0 32 0.577295 0.450667 0.090982 0.146667
0 33 0.561997 0.458667 0.026570 0.053333
0 30 0.547504 0.461333 0.015298 0.010667
0 39 0.465378 0.461333 0.018519 0.040000
0 42 0.068438 0.512000 0.132850 0.176000
0 45 0.290660 0.477333 0.055556 0.093333
0 46 0.331723 0.461333 0.035427 0.088000
0 51 0.373591 0.464000 0.029791 0.061333
0 105 0.417069 0.464000 0.025765 0.045333
0 60 0.202093 0.472000 0.044283 0.096000
0 59 0.195652 0.472000 0.025765 0.066667
