0 11 0.478261 0.485333 0.077295 0.237333
0 32 0.587762 0.474667 0.100644 0.165333
0 33 0.559581 0.482667 0.039452 0.098667
0 30 0.545089 0.485333 0.020934 0.066667
0 39 0.000000 0.549333 0.184380 0.314667
0 42 0.000000 0.541333 0.105475 0.136000
0 43 0.390499 0.493333 0.035427 0.077333
0 44 0.446860 0.482667 0.023349 0.053333
0 49 0.476651 0.480000 0.017713 0.042667
0 45 0.272142 0.504000 0.060386 0.101333
0 46 0.318841 0.485333 0.038647 0.096000
0 51 0.364734 0.490667 0.031401 0.064000
0 105 0.420290 0.488000 0.018519 0.050667
0 60 0.172303 0.496000 0.049114 0.106667
0 59 0.156200 0.498667 0.037037 0.072000
