0 11 0.458937 0.466667 0.157005 0.477333
0 27 0.942834 0.560000 0.057166 0.440000
0 32 0.586957 0.456000 0.090177 0.152000
0 33 0.561192 0.464000 0.031401 0.026667
0 30 0.545894 0.466667 0.023349 0.016000
0 39 0.413043 0.474667 0.027375 0.058667
0 42 0.040258 0.520000 0.144928 0.189333
0 43 0.470209 0.461333 0.019324 0.042667
0 45 0.285024 0.482667 0.057166 0.096000
0 46 0.330918 0.464000 0.033816 0.093333
0 51 0.371176 0.469333 0.031401 0.061333
0 105 0.437198 0.474667 0.005636 0.021333
0 60 0.191626 0.477333 0.058776 0.101333
0 59 0.182770 0.474667 0.031401 0.069333
