0 11 0.479066 0.488000 0.059581 0.173333
0 32 0.625604 0.464000 0.136876 0.253333
0 33 0.570048 0.482667 0.062802 0.122667
0 30 0.543478 0.485333 0.040258 0.096000
0 43 0.167472 0.522667 0.112721 0.216000
0 44 0.372786 0.490667 0.042673 0.096000
0 49 0.430757 0.485333 0.025765 0.064000
0 45 0.233494 0.512000 0.046699 0.018667
0 46 0.285024 0.485333 0.041063 0.117333
0 47 0.471014 0.482667 0.020129 0.040000
0 51 0.338969 0.490667 0.038647 0.077333
0 105 0.408213 0.490667 0.016103 0.053333
0 60 0.072464 0.506667 0.092593 0.136000
0 59 0.081320 0.520000 0.021739 0.037333
0 69 0.520934 0.480000 0.019324 0.040000
