0 11 0.475845 0.480000 0.086151 0.264000
0 32 0.586151 0.469333 0.099034 0.162667
0 33 0.558776 0.480000 0.037842 0.098667
0 30 0.546699 0.480000 0.020129 0.072000
0 39 0.152979 0.528000 0.119968 0.205333
0 42 0.004026 0.538667 0.161031 0.202667
0 43 0.404187 0.490667 0.032206 0.064000
0 44 0.454106 0.480000 0.022544 0.050667
0 49 0.482287 0.474667 0.016103 0.042667
0 45 0.276973 0.498667 0.059581 0.098667
0 46 0.322061 0.480000 0.038647 0.096000
0 51 0.367150 0.485333 0.034622 0.066667
0 105 0.422705 0.482667 0.018519 0.042667
0 60 0.180354 0.493333 0.046699 0.066667
0 59 0.165056 0.493333 0.037842 0.056000
