0 11 0.472625 0.477333 0.058776 0.170667
0 32 0.933172 0.458667 0.066828 0.541333
0 33 0.611111 0.474667 0.107085 0.210667
0 30 0.559581 0.482667 0.059581 0.138667
0 44 0.000000 0.530667 0.125604 0.405333
0 49 0.307568 0.488000 0.067633 0.138667
0 45 0.070048 0.528000 0.098229 0.176000
0 46 0.160225 0.477333 0.087762 0.178667
0 47 0.409823 0.480000 0.036232 0.074667
0 50 0.479066 0.466667 0.019324 0.045333
0 51 0.280193 0.488000 0.046699 0.098667
0 105 0.371981 0.485333 0.036232 0.066667
0 59 0.000000 0.504000 0.021739 0.021333
0 63 0.521739 0.474667 0.019324 0.045333
0 66 0.243961 0.493333 0.015298 0.072000
