0 11 0.473430 0.480000 0.096618 0.296000
0 32 0.583736 0.469333 0.095813 0.154667
0 33 0.560386 0.477333 0.034622 0.093333
0 30 0.547504 0.480000 0.019324 0.050667
0 39 0.263285 0.512000 0.071659 0.141333
0 42 0.023349 0.530667 0.154589 0.200000
0 43 0.419485 0.482667 0.025765 0.058667
0 44 0.462963 0.474667 0.021739 0.048000
0 45 0.286634 0.394667 0.052335 0.186667
0 46 0.328502 0.477333 0.034622 0.093333
0 51 0.369565 0.482667 0.033011 0.064000
0 105 0.417069 0.485333 0.010467 0.042667
0 60 0.186795 0.490667 0.057971 0.101333
0 59 0.176329 0.490667 0.027375 0.066667
