0 11 0.462158 0.472000 0.139291 0.421333
0 27 0.949275 0.581333 0.050725 0.418667
0 32 0.582931 0.461333 0.095008 0.152000
0 33 0.562802 0.469333 0.030596 0.064000
0 30 0.553945 0.472000 0.012077 0.016000
0 39 0.364734 0.488000 0.039452 0.080000
0 42 0.038647 0.525333 0.145733 0.189333
0 43 0.446860 0.472000 0.022544 0.048000
0 44 0.482287 0.464000 0.017713 0.040000
0 45 0.285024 0.488000 0.056361 0.096000
0 46 0.330113 0.472000 0.035427 0.090667
0 51 0.374396 0.474667 0.024960 0.016000
0 105 0.417069 0.474667 0.025765 0.048000
0 60 0.191626 0.482667 0.057971 0.101333
0 59 0.182770 0.482667 0.027375 0.064000
