0 11 0.458937 0.466667 0.153784 0.466667
0 27 0.917069 0.448000 0.082931 0.552000
0 32 0.585346 0.456000 0.089372 0.152000
0 33 0.570853 0.466667 0.021739 0.034667
0 30 0.552335 0.466667 0.020934 0.016000
0 39 0.432367 0.472000 0.023349 0.050667
0 42 0.045089 0.520000 0.143317 0.186667
0 43 0.480676 0.461333 0.018519 0.037333
0 45 0.285829 0.485333 0.057166 0.093333
0 46 0.330113 0.466667 0.035427 0.090667
0 51 0.371981 0.469333 0.031401 0.061333
0 105 0.416264 0.472000 0.022544 0.045333
0 60 0.193237 0.477333 0.058776 0.101333
0 59 0.183575 0.477333 0.029791 0.064000
