0 11 0.464573 0.469333 0.114332 0.349333
0 27 0.744767 0.442667 0.255233 0.557333
0 32 0.571659 0.458667 0.084541 0.136000
0 33 0.557971 0.466667 0.023349 0.082667
0 30 0.548309 0.466667 0.011272 0.016000
0 40 0.000000 0.493333 0.070853 0.250667
0 39 0.479871 0.464000 0.015298 0.029333
0 42 0.105475 0.512000 0.114332 0.160000
0 45 0.305958 0.482667 0.045089 0.085333
0 46 0.338164 0.466667 0.032206 0.085333
0 51 0.376812 0.469333 0.028180 0.058667
0 105 0.418680 0.469333 0.024960 0.042667
0 60 0.212560 0.477333 0.041868 0.088000
0 59 0.209340 0.477333 0.020934 0.056000
