0 11 0.480676 0.490667 0.061997 0.184000
0 32 0.609501 0.472000 0.122383 0.218667
0 33 0.566828 0.485333 0.049114 0.114667
0 30 0.542673 0.490667 0.033011 0.088000
0 42 0.000000 0.586667 0.028986 0.218667
0 43 0.276167 0.514667 0.074879 0.144000
0 44 0.398551 0.490667 0.032206 0.080000
0 49 0.444444 0.488000 0.024155 0.053333
0 45 0.228663 0.514667 0.068438 0.120000
0 46 0.291465 0.488000 0.047504 0.040000
0 51 0.349436 0.496000 0.036232 0.072000
0 60 0.110306 0.504000 0.081320 0.128000
0 59 0.108696 0.509333 0.030596 0.058667
