0 11 0.459742 0.472000 0.148953 0.450667
0 27 0.944444 0.568000 0.055556 0.432000
0 32 0.584541 0.461333 0.091787 0.152000
0 33 0.563607 0.469333 0.029791 0.048000
0 30 0.550725 0.472000 0.015298 0.018667
0 39 0.380837 0.485333 0.035427 0.072000
0 42 0.039452 0.525333 0.145733 0.189333
0 43 0.452496 0.469333 0.023349 0.048000
0 45 0.285024 0.488000 0.057166 0.096000
0 46 0.330918 0.469333 0.033816 0.093333
0 51 0.371176 0.472000 0.027375 0.061333
0 105 0.416264 0.474667 0.025765 0.045333
0 60 0.191626 0.482667 0.058776 0.101333
0 59 0.181159 0.482667 0.029791 0.064000
