0 11 0.459742 0.466667 0.156200 0.474667
0 27 0.940419 0.546667 0.059581 0.453333
0 32 0.586957 0.456000 0.089372 0.152000
0 33 0.561192 0.464000 0.032206 0.029333
0 30 0.549114 0.466667 0.013688 0.016000
0 39 0.417069 0.474667 0.026570 0.056000
0 42 0.039452 0.520000 0.145733 0.189333
0 43 0.472625 0.461333 0.018519 0.040000
0 45 0.285829 0.482667 0.056361 0.096000
0 46 0.330918 0.466667 0.033816 0.090667
0 51 0.371176 0.469333 0.031401 0.061333
0 60 0.191626 0.477333 0.058776 0.101333
0 59 0.182770 0.477333 0.029791 0.066667
