0 11 0.475845 0.477333 0.087762 0.274667
0 32 0.585346 0.469333 0.098229 0.160000
0 33 0.559581 0.477333 0.036232 0.098667
0 30 0.547504 0.480000 0.019324 0.066667
0 39 0.186795 0.522667 0.106280 0.189333
0 42 0.010467 0.536000 0.159420 0.202667
0 43 0.408213 0.488000 0.031401 0.064000
0 44 0.456522 0.477333 0.021739 0.050667
0 49 0.483897 0.474667 0.016908 0.042667
0 45 0.284219 0.498667 0.053140 0.098667
0 46 0.322866 0.480000 0.039452 0.096000
0 51 0.368760 0.482667 0.033816 0.066667
0 105 0.437198 0.488000 0.005636 0.032000
0 60 0.181159 0.490667 0.045894 0.101333
0 59 0.169082 0.493333 0.032206 0.066667
