0 11 0.475040 0.480000 0.092593 0.288000
0 32 0.583736 0.466667 0.097424 0.157333
0 33 0.556361 0.480000 0.037842 0.093333
0 30 0.549114 0.480000 0.016908 0.053333
0 39 0.239936 0.514667 0.082931 0.152000
0 42 0.020129 0.533333 0.155395 0.197333
0 43 0.416264 0.485333 0.028180 0.058667
0 44 0.460548 0.474667 0.021739 0.048000
0 45 0.297101 0.496000 0.041063 0.088000
0 46 0.324477 0.477333 0.038647 0.096000
0 51 0.369565 0.482667 0.033816 0.064000
0 105 0.418680 0.488000 0.020934 0.016000
0 60 0.185185 0.490667 0.048309 0.101333
0 59 0.173108 0.490667 0.034622 0.061333
