0 11 0.462158 0.464000 0.133655 0.408000
0 27 0.822866 0.437333 0.177134 0.562667
0 32 0.577295 0.450667 0.088567 0.146667
0 33 0.561997 0.458667 0.025765 0.058667
0 30 0.558776 0.464000 0.013688 0.013333
0 40 0.000000 0.496000 0.027375 0.277333
0 39 0.466989 0.461333 0.018519 0.040000
0 42 0.071659 0.512000 0.131240 0.176000
0 45 0.290660 0.477333 0.055556 0.093333
0 46 0.331723 0.461333 0.035427 0.090667
0 51 0.374396 0.466667 0.029791 0.058667
0 105 0.417069 0.464000 0.025765 0.045333
0 60 0.202093 0.472000 0.055556 0.096000
0 59 0.194042 0.472000 0.028986 0.066667
