0 11 0.475040 0.480000 0.090982 0.277333
0 32 0.584541 0.469333 0.098229 0.157333
0 33 0.559581 0.477333 0.035427 0.098667
0 30 0.549114 0.477333 0.018519 0.066667
0 39 0.216586 0.517333 0.091787 0.173333
0 42 0.014493 0.536000 0.158615 0.200000
0 43 0.412238 0.485333 0.030596 0.064000
0 44 0.458937 0.474667 0.021739 0.050667
0 45 0.292271 0.496000 0.045894 0.098667
0 46 0.325282 0.480000 0.037037 0.093333
0 51 0.368760 0.482667 0.032206 0.066667
0 105 0.438808 0.482667 0.005636 0.013333
0 60 0.184380 0.490667 0.047504 0.104000
0 59 0.172303 0.490667 0.032206 0.066667
