0 11 0.461353 0.472000 0.136876 0.408000
0 27 0.950886 0.586667 0.049114 0.413333
0 32 0.582931 0.461333 0.094203 0.152000
0 33 0.562802 0.469333 0.030596 0.074667
0 30 0.549919 0.472000 0.015298 0.018667
0 39 0.358293 0.490667 0.041063 0.082667
0 42 0.038647 0.525333 0.144928 0.189333
0 43 0.446860 0.472000 0.020129 0.048000
0 44 0.480676 0.466667 0.017713 0.040000
0 45 0.285024 0.488000 0.056361 0.096000
0 46 0.330918 0.472000 0.033011 0.090667
0 51 0.374396 0.474667 0.028180 0.058667
0 105 0.416264 0.474667 0.025765 0.045333
0 60 0.191626 0.482667 0.058776 0.101333
0 59 0.182770 0.485333 0.026570 0.058667
