0 11 0.466989 0.469333 0.093398 0.285333
0 27 0.658615 0.448000 0.199678 0.392000
0 32 0.561192 0.458667 0.076490 0.120000
0 33 0.548309 0.464000 0.021739 0.066667
0 30 0.539452 0.466667 0.014493 0.032000
0 40 0.000000 0.485333 0.141707 0.256000
0 42 0.156200 0.506667 0.094203 0.136000
0 45 0.310789 0.480000 0.048309 0.082667
0 46 0.347021 0.466667 0.028986 0.080000
0 51 0.380837 0.469333 0.028180 0.056000
0 105 0.420290 0.469333 0.024960 0.042667
0 60 0.238325 0.477333 0.035427 0.080000
0 61 0.000000 0.501333 0.015298 0.050667
