0 11 0.460548 0.466667 0.140097 0.421333
0 27 0.850242 0.445333 0.149758 0.554667
0 32 0.579710 0.453333 0.090177 0.146667
0 33 0.564412 0.461333 0.024960 0.048000
0 30 0.559581 0.464000 0.014493 0.016000
0 39 0.460548 0.464000 0.018519 0.040000
0 42 0.063607 0.512000 0.133655 0.181333
0 45 0.289855 0.480000 0.054750 0.093333
0 46 0.332528 0.464000 0.034622 0.088000
0 51 0.373591 0.466667 0.029791 0.058667
0 105 0.417874 0.466667 0.024960 0.045333
0 60 0.199678 0.474667 0.045089 0.096000
0 59 0.190016 0.474667 0.027375 0.066667
