0 11 0.462963 0.469333 0.123994 0.373333
0 27 0.776167 0.432000 0.223833 0.568000
0 32 0.574074 0.456000 0.086151 0.141333
0 33 0.557166 0.464000 0.027375 0.082667
0 30 0.548309 0.464000 0.013688 0.013333
0 40 0.000000 0.496000 0.050725 0.264000
0 39 0.475040 0.464000 0.016908 0.037333
0 42 0.090177 0.514667 0.121578 0.168000
0 45 0.298712 0.482667 0.049919 0.088000
0 46 0.336554 0.464000 0.033011 0.088000
0 51 0.375201 0.469333 0.028986 0.061333
0 105 0.418680 0.466667 0.024960 0.045333
0 60 0.208535 0.477333 0.051530 0.090667
0 59 0.198873 0.477333 0.026570 0.066667
