0 11 0.473430 0.485333 0.056361 0.165333
0 32 0.727858 0.453333 0.215781 0.480000
0 33 0.590982 0.480000 0.086957 0.165333
0 30 0.550725 0.482667 0.051530 0.120000
0 44 0.204509 0.504000 0.110306 0.208000
0 49 0.366345 0.485333 0.047504 0.101333
0 45 0.089372 0.520000 0.130435 0.178667
0 46 0.213366 0.482667 0.063607 0.085333
0 47 0.435588 0.482667 0.028986 0.056000
0 51 0.308374 0.488000 0.045894 0.093333
0 105 0.406602 0.488000 0.006441 0.034667
0 60 0.002415 0.512000 0.048309 0.133333
0 59 0.035427 0.504000 0.057971 0.088000
0 63 0.515298 0.477333 0.016103 0.050667
