0 11 0.473430 0.482667 0.057166 0.168000
0 32 0.707729 0.456000 0.202899 0.432000
0 33 0.587762 0.480000 0.083736 0.160000
0 30 0.549114 0.482667 0.049114 0.117333
0 44 0.238325 0.498667 0.093398 0.192000
0 49 0.376006 0.485333 0.042673 0.096000
0 45 0.104670 0.520000 0.126409 0.173333
0 46 0.221417 0.482667 0.059581 0.138667
0 47 0.439614 0.482667 0.028180 0.053333
0 51 0.318035 0.488000 0.037842 0.090667
0 60 0.025765 0.517333 0.040258 0.117333
0 59 0.049114 0.506667 0.053140 0.082667
0 63 0.513688 0.477333 0.016908 0.056000
0 69 0.536232 0.477333 0.016908 0.034667
