0 11 0.466184 0.477333 0.122383 0.365333
0 27 0.962158 0.640000 0.037842 0.360000
0 32 0.582931 0.461333 0.094203 0.154667
0 33 0.561192 0.469333 0.033011 0.093333
0 30 0.553140 0.472000 0.013688 0.018667
0 39 0.334944 0.493333 0.049114 0.098667
0 42 0.035427 0.525333 0.148148 0.192000
0 43 0.436393 0.472000 0.024960 0.056000
0 44 0.475040 0.466667 0.018519 0.042667
0 45 0.284219 0.490667 0.055556 0.093333
0 46 0.327697 0.469333 0.034622 0.050667
0 51 0.374396 0.474667 0.028180 0.066667
0 105 0.416264 0.474667 0.024960 0.048000
0 60 0.190821 0.482667 0.046699 0.101333
0 59 0.181965 0.485333 0.027375 0.061333
