0 11 0.458937 0.466667 0.146538 0.440000
0 27 0.872786 0.442667 0.127214 0.557333
0 32 0.582126 0.456000 0.090177 0.146667
0 33 0.567633 0.464000 0.023349 0.042667
0 30 0.558776 0.466667 0.015298 0.013333
0 39 0.453301 0.466667 0.020129 0.045333
0 42 0.057166 0.517333 0.136876 0.181333
0 45 0.288245 0.482667 0.056361 0.093333
0 46 0.330113 0.464000 0.036232 0.090667
0 51 0.372786 0.469333 0.030596 0.058667
0 105 0.417874 0.466667 0.024960 0.048000
0 60 0.197262 0.477333 0.057166 0.096000
0 59 0.188406 0.474667 0.029791 0.066667
