0 11 0.474235 0.472000 0.056361 0.170667
0 33 0.623994 0.469333 0.116747 0.234667
0 30 0.565217 0.477333 0.066828 0.149333
0 49 0.270531 0.485333 0.082126 0.165333
0 45 0.000000 0.528000 0.139291 0.248000
0 46 0.132850 0.474667 0.099839 0.192000
0 47 0.396940 0.480000 0.040258 0.080000
0 50 0.473430 0.461333 0.021739 0.058667
0 51 0.268921 0.488000 0.028180 0.090667
0 105 0.374396 0.482667 0.029791 0.066667
0 59 0.000000 0.525333 0.006441 0.045333
0 63 0.524960 0.466667 0.020129 0.048000
0 66 0.227053 0.493333 0.020934 0.074667
