0 11 0.479871 0.493333 0.061997 0.181333
0 32 0.612721 0.472000 0.125604 0.224000
0 33 0.566828 0.488000 0.053140 0.114667
0 30 0.542673 0.493333 0.034622 0.090667
0 43 0.256844 0.520000 0.082126 0.154667
0 44 0.393720 0.496000 0.035427 0.080000
0 49 0.441224 0.488000 0.024960 0.058667
0 45 0.223833 0.517333 0.064412 0.120000
0 46 0.288245 0.490667 0.044283 0.037333
0 51 0.345411 0.496000 0.037842 0.074667
0 105 0.423510 0.496000 0.005636 0.016000
0 60 0.102254 0.512000 0.083736 0.125333
0 59 0.101449 0.506667 0.033011 0.064000
