0 11 0.459742 0.472000 0.156200 0.469333
0 27 0.944444 0.560000 0.055556 0.440000
0 32 0.586151 0.456000 0.090982 0.154667
0 33 0.561997 0.466667 0.031401 0.034667
0 30 0.549919 0.469333 0.016103 0.013333
0 39 0.398551 0.480000 0.029791 0.064000
0 42 0.039452 0.522667 0.145733 0.186667
0 43 0.461353 0.466667 0.021739 0.042667
0 45 0.285024 0.485333 0.057166 0.096000
0 46 0.329308 0.466667 0.035427 0.093333
0 51 0.371176 0.472000 0.029791 0.061333
0 105 0.422705 0.472000 0.019324 0.045333
0 60 0.191626 0.480000 0.058776 0.098667
0 59 0.182770 0.480000 0.029791 0.064000
