0 11 0.458937 0.466667 0.157005 0.474667
0 27 0.933172 0.506667 0.066828 0.493333
0 32 0.586151 0.456000 0.090177 0.152000
0 33 0.565217 0.466667 0.028180 0.032000
0 30 0.546699 0.469333 0.020934 0.013333
0 39 0.423510 0.474667 0.025765 0.053333
0 42 0.042673 0.517333 0.143317 0.189333
0 43 0.475040 0.461333 0.020129 0.040000
0 45 0.285829 0.482667 0.056361 0.096000
0 46 0.330918 0.466667 0.033816 0.090667
0 51 0.371981 0.469333 0.030596 0.061333
0 105 0.417069 0.472000 0.013688 0.042667
0 60 0.192432 0.477333 0.046699 0.101333
0 59 0.182770 0.477333 0.030596 0.066667
