0 11 0.460548 0.466667 0.142512 0.434667
0 27 0.865539 0.448000 0.134461 0.552000
0 32 0.580515 0.456000 0.090982 0.146667
0 33 0.570048 0.464000 0.020129 0.045333
0 30 0.560386 0.466667 0.013688 0.013333
0 39 0.455717 0.466667 0.020129 0.042667
0 42 0.059581 0.517333 0.135266 0.178667
0 45 0.288245 0.482667 0.056361 0.090667
0 46 0.330918 0.464000 0.035427 0.090667
0 51 0.372786 0.469333 0.030596 0.058667
0 105 0.417069 0.466667 0.025765 0.048000
0 60 0.198068 0.474667 0.056361 0.098667
0 59 0.190016 0.477333 0.025765 0.064000
