0 11 0.479066 0.488000 0.060386 0.178667
0 32 0.619968 0.466667 0.132850 0.242667
0 33 0.569243 0.485333 0.058776 0.120000
0 30 0.543478 0.488000 0.040258 0.093333
0 43 0.204509 0.522667 0.104670 0.194667
0 44 0.380032 0.496000 0.040258 0.088000
0 49 0.433977 0.485333 0.025765 0.061333
0 45 0.210950 0.517333 0.070048 0.085333
0 46 0.280998 0.488000 0.047504 0.106667
0 47 0.473430 0.482667 0.020129 0.042667
0 51 0.341385 0.493333 0.038647 0.074667
0 105 0.411433 0.490667 0.013688 0.048000
0 60 0.083736 0.506667 0.089372 0.133333
0 59 0.087762 0.501333 0.048309 0.061333
0 69 0.520129 0.477333 0.019324 0.042667
