0 11 0.479066 0.482667 0.055556 0.173333
0 32 0.640902 0.464000 0.152979 0.285333
0 33 0.574879 0.480000 0.071659 0.130667
0 30 0.545089 0.482667 0.041868 0.101333
0 43 0.000000 0.541333 0.206924 0.333333
0 44 0.345411 0.490667 0.051530 0.114667
0 49 0.421095 0.485333 0.024960 0.069333
0 45 0.194847 0.506667 0.078100 0.141333
0 46 0.262480 0.482667 0.051530 0.125333
0 47 0.462158 0.480000 0.021739 0.045333
0 51 0.329308 0.490667 0.032206 0.074667
0 105 0.394525 0.490667 0.023349 0.053333
0 60 0.033011 0.506667 0.101449 0.120000
0 59 0.129630 0.501333 0.018519 0.042667
0 69 0.527375 0.480000 0.017713 0.034667
