0 11 0.479871 0.482667 0.055556 0.176000
0 32 0.635266 0.464000 0.147343 0.274667
0 33 0.573269 0.480000 0.069243 0.130667
0 30 0.544283 0.485333 0.041868 0.098667
0 43 0.057971 0.536000 0.184380 0.277333
0 44 0.355072 0.490667 0.048309 0.106667
0 49 0.424316 0.485333 0.025765 0.066667
0 45 0.216586 0.509333 0.061997 0.130667
0 46 0.268116 0.482667 0.049919 0.122667
0 47 0.464573 0.480000 0.022544 0.045333
0 51 0.332528 0.490667 0.038647 0.074667
0 105 0.397746 0.488000 0.026570 0.053333
0 60 0.047504 0.509333 0.078100 0.141333
0 59 0.139291 0.501333 0.015298 0.042667
0 69 0.526570 0.480000 0.016908 0.037333
