0 11 0.480676 0.488000 0.064412 0.197333
0 32 0.601449 0.472000 0.114332 0.200000
0 33 0.563607 0.485333 0.045894 0.109333
0 30 0.541868 0.490667 0.031401 0.082667
0 42 0.000000 0.565333 0.075684 0.216000
0 43 0.321256 0.506667 0.057971 0.114667
0 44 0.413849 0.493333 0.029791 0.069333
0 49 0.454106 0.485333 0.022544 0.050667
0 45 0.244767 0.512000 0.069243 0.112000
0 46 0.301932 0.488000 0.038647 0.101333
0 51 0.357488 0.496000 0.031401 0.064000
0 105 0.406602 0.496000 0.014493 0.045333
0 60 0.132850 0.504000 0.074879 0.120000
0 59 0.123188 0.498667 0.045894 0.082667
