0 11 0.459742 0.466667 0.148148 0.450667
0 27 0.893720 0.442667 0.106280 0.557333
0 32 0.582126 0.456000 0.091787 0.149333
0 33 0.566828 0.464000 0.024155 0.034667
0 30 0.547504 0.464000 0.020934 0.013333
0 39 0.447665 0.466667 0.018519 0.048000
0 42 0.051530 0.517333 0.139291 0.184000
0 45 0.287440 0.482667 0.055556 0.093333
0 46 0.330918 0.464000 0.034622 0.093333
0 51 0.371981 0.466667 0.031401 0.064000
0 105 0.417069 0.466667 0.025765 0.048000
0 60 0.195652 0.474667 0.046699 0.101333
0 59 0.185185 0.474667 0.031401 0.066667
