0 11 0.473430 0.474667 0.057971 0.170667
0 33 0.616747 0.472000 0.111916 0.221333
0 30 0.561997 0.480000 0.066023 0.144000
0 44 0.000000 0.618667 0.030596 0.381333
0 49 0.290660 0.482667 0.074074 0.154667
0 45 0.004026 0.525333 0.150564 0.237333
0 46 0.146538 0.474667 0.094203 0.186667
0 47 0.404187 0.480000 0.037842 0.074667
0 50 0.475845 0.461333 0.021739 0.053333
0 51 0.274557 0.485333 0.041868 0.098667
0 105 0.367955 0.482667 0.037842 0.061333
0 59 0.004831 0.506667 0.015298 0.085333
0 63 0.523349 0.472000 0.020129 0.045333
0 66 0.235910 0.493333 0.017713 0.074667
