0 11 0.459742 0.466667 0.155395 0.474667
0 27 0.943639 0.560000 0.056361 0.440000
0 32 0.586957 0.456000 0.090982 0.154667
0 33 0.561997 0.464000 0.031401 0.032000
0 30 0.555556 0.469333 0.007246 0.013333
0 39 0.403382 0.477333 0.028180 0.061333
0 42 0.039452 0.520000 0.145733 0.189333
0 43 0.463768 0.464000 0.020934 0.042667
0 45 0.285024 0.482667 0.056361 0.096000
0 46 0.330918 0.464000 0.033816 0.093333
0 51 0.371176 0.469333 0.032206 0.061333
0 105 0.424316 0.469333 0.018519 0.048000
0 60 0.191626 0.477333 0.058776 0.101333
0 59 0.182770 0.477333 0.026570 0.066667
