0 11 0.459742 0.466667 0.156200 0.474667
0 27 0.944444 0.560000 0.055556 0.440000
0 32 0.586957 0.456000 0.090982 0.152000
0 33 0.566828 0.464000 0.025765 0.029333
0 30 0.557971 0.469333 0.012882 0.013333
0 39 0.405797 0.477333 0.028986 0.061333
0 42 0.038647 0.517333 0.146538 0.189333
0 43 0.465378 0.461333 0.020934 0.045333
0 45 0.285024 0.482667 0.056361 0.096000
0 46 0.329308 0.464000 0.035427 0.093333
0 51 0.371176 0.469333 0.030596 0.061333
0 105 0.427536 0.469333 0.015298 0.042667
0 60 0.191626 0.477333 0.057971 0.101333
0 59 0.182770 0.474667 0.029791 0.069333
