0 11 0.459742 0.466667 0.156200 0.477333
0 27 0.937198 0.528000 0.062802 0.472000
0 32 0.586151 0.456000 0.090177 0.152000
0 33 0.561192 0.466667 0.032206 0.029333
0 30 0.545894 0.466667 0.016908 0.016000
0 39 0.419485 0.472000 0.025765 0.056000
0 42 0.041868 0.517333 0.144122 0.189333
0 43 0.474235 0.461333 0.018519 0.040000
0 45 0.285829 0.482667 0.056361 0.096000
0 46 0.331723 0.466667 0.033011 0.090667
0 51 0.371176 0.469333 0.031401 0.061333
0 105 0.415459 0.469333 0.012077 0.040000
0 60 0.191626 0.477333 0.057166 0.101333
0 59 0.182770 0.477333 0.031401 0.069333
