0 11 0.477456 0.485333 0.079710 0.242667
0 32 0.586957 0.472000 0.100644 0.165333
0 33 0.559581 0.482667 0.038647 0.098667
0 30 0.545089 0.482667 0.023349 0.072000
0 39 0.048309 0.541333 0.171498 0.269333
0 42 0.000000 0.541333 0.134461 0.213333
0 43 0.395330 0.493333 0.033816 0.069333
0 44 0.448470 0.482667 0.024155 0.053333
0 49 0.478261 0.477333 0.016908 0.042667
0 45 0.274557 0.504000 0.059581 0.098667
0 46 0.319646 0.482667 0.039452 0.098667
0 51 0.365539 0.490667 0.033011 0.064000
0 105 0.423510 0.488000 0.016908 0.048000
0 60 0.179549 0.498667 0.045089 0.080000
0 59 0.161031 0.496000 0.039452 0.045333
