0 11 0.459742 0.466667 0.147343 0.445333
0 27 0.888084 0.442667 0.111916 0.557333
0 32 0.582126 0.453333 0.090982 0.149333
0 33 0.567633 0.464000 0.022544 0.037333
0 30 0.552335 0.464000 0.020934 0.016000
0 39 0.448470 0.466667 0.020129 0.045333
0 42 0.054750 0.517333 0.136876 0.184000
0 45 0.287440 0.482667 0.056361 0.090667
0 46 0.330918 0.464000 0.034622 0.090667
0 51 0.371981 0.466667 0.031401 0.061333
0 105 0.417069 0.466667 0.025765 0.048000
0 60 0.196457 0.474667 0.056361 0.101333
0 59 0.187601 0.474667 0.028180 0.066667
