0 11 0.462158 0.474667 0.141707 0.429333
0 27 0.946860 0.576000 0.053140 0.424000
0 32 0.582931 0.461333 0.094203 0.152000
0 33 0.562802 0.469333 0.031401 0.061333
0 30 0.550725 0.469333 0.016103 0.018667
0 39 0.371176 0.488000 0.037037 0.077333
0 42 0.038647 0.525333 0.146538 0.189333
0 43 0.448470 0.472000 0.022544 0.048000
0 44 0.483897 0.464000 0.016908 0.037333
0 45 0.285024 0.488000 0.057166 0.096000
0 46 0.330918 0.472000 0.033011 0.090667
0 51 0.369565 0.474667 0.028986 0.061333
0 105 0.417069 0.474667 0.025765 0.048000
0 60 0.191626 0.482667 0.057971 0.101333
0 59 0.182770 0.482667 0.030596 0.064000
