0 11 0.462963 0.466667 0.126409 0.384000
0 27 0.789050 0.440000 0.210950 0.560000
0 32 0.574879 0.453333 0.087762 0.144000
0 33 0.563607 0.461333 0.022544 0.064000
0 30 0.553945 0.461333 0.016103 0.013333
0 40 0.000000 0.496000 0.045089 0.269333
0 39 0.473430 0.461333 0.016103 0.037333
0 42 0.085346 0.514667 0.123994 0.168000
0 45 0.297101 0.480000 0.051530 0.090667
0 46 0.335749 0.464000 0.033816 0.088000
0 51 0.375201 0.469333 0.028986 0.058667
0 105 0.418680 0.466667 0.024960 0.045333
0 60 0.206924 0.477333 0.043478 0.090667
0 59 0.194847 0.477333 0.028180 0.064000
