0 11 0.479066 0.485333 0.057166 0.173333
0 32 0.629630 0.464000 0.142512 0.261333
0 33 0.570853 0.480000 0.066828 0.128000
0 30 0.544283 0.485333 0.040258 0.096000
0 43 0.119968 0.528000 0.146538 0.245333
0 44 0.364734 0.490667 0.044283 0.101333
0 49 0.429147 0.485333 0.024155 0.064000
0 45 0.221417 0.509333 0.061192 0.112000
0 46 0.273752 0.485333 0.049114 0.120000
0 47 0.467794 0.480000 0.020934 0.042667
0 51 0.335749 0.490667 0.037842 0.077333
0 105 0.404992 0.490667 0.017713 0.053333
0 60 0.059581 0.506667 0.098229 0.138667
0 59 0.067633 0.498667 0.094203 0.064000
0 69 0.524960 0.480000 0.017713 0.040000
