0 11 0.480676 0.490667 0.065217 0.197333
0 32 0.599034 0.474667 0.111916 0.194667
0 33 0.563607 0.485333 0.044283 0.109333
0 30 0.541868 0.490667 0.031401 0.082667
0 42 0.000000 0.562667 0.088567 0.221333
0 43 0.331723 0.506667 0.053945 0.106667
0 44 0.418680 0.490667 0.028986 0.069333
0 49 0.456522 0.485333 0.022544 0.050667
0 45 0.248792 0.512000 0.068438 0.109333
0 46 0.305958 0.488000 0.039452 0.104000
0 51 0.362319 0.496000 0.027375 0.064000
0 105 0.406602 0.496000 0.017713 0.045333
0 60 0.144928 0.504000 0.066828 0.109333
0 59 0.130435 0.506667 0.035427 0.050667
