0 11 0.461353 0.466667 0.140902 0.429333
0 27 0.857488 0.448000 0.142512 0.552000
0 32 0.579710 0.456000 0.090177 0.146667
0 33 0.566023 0.464000 0.024155 0.048000
0 30 0.557166 0.464000 0.016908 0.016000
0 39 0.458132 0.466667 0.019324 0.042667
0 42 0.061192 0.517333 0.135266 0.178667
0 45 0.289050 0.482667 0.055556 0.090667
0 46 0.331723 0.464000 0.034622 0.090667
0 51 0.372786 0.466667 0.030596 0.061333
0 105 0.417874 0.466667 0.024960 0.048000
0 60 0.198873 0.474667 0.055556 0.098667
0 59 0.188406 0.474667 0.033816 0.066667
