0 11 0.459742 0.466667 0.156200 0.474667
0 27 0.944444 0.562667 0.055556 0.437333
0 32 0.586957 0.456000 0.090982 0.154667
0 33 0.567633 0.464000 0.026570 0.032000
0 30 0.549114 0.466667 0.019324 0.016000
0 39 0.409823 0.477333 0.027375 0.058667
0 42 0.039452 0.517333 0.144928 0.189333
0 43 0.467794 0.464000 0.020129 0.040000
0 45 0.285024 0.482667 0.057166 0.096000
0 46 0.330113 0.464000 0.034622 0.093333
0 51 0.371176 0.469333 0.031401 0.061333
0 105 0.429952 0.472000 0.012077 0.042667
0 60 0.191626 0.477333 0.057971 0.101333
0 59 0.181965 0.477333 0.028986 0.066667
