0 11 0.472625 0.480000 0.100644 0.306667
0 32 0.583736 0.469333 0.095813 0.154667
0 33 0.559581 0.477333 0.035427 0.093333
0 30 0.548309 0.477333 0.016908 0.048000
0 39 0.276973 0.506667 0.069243 0.136000
0 42 0.025765 0.530667 0.154589 0.197333
0 43 0.422705 0.482667 0.026570 0.058667
0 44 0.465378 0.472000 0.021739 0.050667
0 45 0.285024 0.493333 0.046699 0.058667
0 46 0.326087 0.477333 0.037037 0.093333
0 51 0.369565 0.482667 0.033011 0.064000
0 105 0.415459 0.485333 0.013688 0.040000
0 60 0.187601 0.490667 0.058776 0.101333
0 59 0.177939 0.490667 0.028986 0.064000
