0 11 0.459742 0.474667 0.151369 0.453333
0 27 0.944444 0.562667 0.055556 0.437333
0 32 0.584541 0.458667 0.091787 0.152000
0 33 0.561997 0.466667 0.033816 0.048000
0 30 0.552335 0.472000 0.016908 0.018667
0 39 0.388889 0.482667 0.030596 0.072000
0 42 0.040258 0.522667 0.144928 0.189333
0 43 0.454911 0.466667 0.021739 0.048000
0 45 0.285024 0.488000 0.057166 0.093333
0 46 0.330113 0.469333 0.034622 0.093333
0 51 0.371176 0.472000 0.026570 0.061333
0 105 0.417874 0.472000 0.024155 0.048000
0 60 0.191626 0.480000 0.058776 0.101333
0 59 0.181965 0.482667 0.028986 0.061333
