0 11 0.462963 0.474667 0.131240 0.392000
0 27 0.953301 0.594667 0.046699 0.405333
0 32 0.582931 0.461333 0.094203 0.152000
0 33 0.559581 0.469333 0.034622 0.096000
0 30 0.553140 0.472000 0.013688 0.016000
0 39 0.351047 0.490667 0.043478 0.090667
0 42 0.037842 0.525333 0.144928 0.189333
0 43 0.442029 0.472000 0.023349 0.050667
0 44 0.479066 0.466667 0.017713 0.040000
0 45 0.285024 0.488000 0.056361 0.096000
0 46 0.330113 0.469333 0.033011 0.090667
0 51 0.374396 0.474667 0.028180 0.061333
0 105 0.417069 0.474667 0.026570 0.048000
0 60 0.191626 0.482667 0.058776 0.101333
0 59 0.181965 0.482667 0.028180 0.064000
