0 11 0.480676 0.488000 0.063607 0.192000
0 32 0.603865 0.472000 0.116747 0.205333
0 33 0.565217 0.485333 0.046699 0.112000
0 30 0.541868 0.490667 0.031401 0.085333
0 42 0.000000 0.568000 0.062802 0.213333
0 43 0.309179 0.506667 0.061192 0.128000
0 44 0.408213 0.490667 0.031401 0.072000
0 49 0.450886 0.485333 0.023349 0.053333
0 45 0.239936 0.514667 0.070853 0.112000
0 46 0.300322 0.488000 0.036232 0.080000
0 51 0.358293 0.496000 0.029791 0.069333
0 105 0.404187 0.496000 0.013688 0.045333
0 60 0.125604 0.504000 0.077295 0.122667
0 59 0.118357 0.504000 0.041063 0.066667
