0 11 0.465378 0.469333 0.111916 0.341333
0 27 0.735105 0.442667 0.256844 0.557333
0 32 0.570048 0.458667 0.084541 0.133333
0 33 0.556361 0.466667 0.024155 0.080000
0 30 0.547504 0.464000 0.015298 0.018667
0 40 0.000000 0.490667 0.078100 0.248000
0 39 0.481481 0.464000 0.015298 0.024000
0 42 0.110306 0.509333 0.111916 0.160000
0 45 0.308374 0.482667 0.043478 0.085333
0 46 0.338969 0.466667 0.032206 0.085333
0 51 0.376812 0.469333 0.028180 0.058667
0 105 0.418680 0.469333 0.024155 0.042667
0 60 0.216586 0.477333 0.049114 0.085333
0 59 0.211755 0.474667 0.022544 0.053333
