0 11 0.466989 0.474667 0.118357 0.354667
0 27 0.966184 0.669333 0.033816 0.330667
0 32 0.583736 0.461333 0.095008 0.154667
0 33 0.561997 0.472000 0.031401 0.093333
0 30 0.551530 0.472000 0.014493 0.018667
0 39 0.326087 0.496000 0.051530 0.104000
0 42 0.033816 0.525333 0.149758 0.192000
0 43 0.433172 0.472000 0.025765 0.056000
0 44 0.473430 0.466667 0.019324 0.045333
0 45 0.284219 0.490667 0.052335 0.093333
0 46 0.327697 0.472000 0.034622 0.037333
0 51 0.372786 0.474667 0.030596 0.066667
0 105 0.417069 0.477333 0.023349 0.045333
0 60 0.190016 0.482667 0.059581 0.104000
0 59 0.181965 0.482667 0.028180 0.066667
