0 11 0.470209 0.477333 0.108696 0.330667
0 27 0.977456 0.648000 0.022544 0.352000
0 32 0.583736 0.466667 0.095008 0.152000
0 33 0.560386 0.472000 0.033011 0.093333
0 30 0.546699 0.477333 0.020129 0.034667
0 39 0.305153 0.504000 0.058776 0.112000
0 42 0.032206 0.530667 0.149758 0.192000
0 43 0.428341 0.480000 0.025765 0.056000
0 44 0.469404 0.469333 0.020129 0.048000
0 45 0.283414 0.493333 0.042673 0.088000
0 46 0.325282 0.474667 0.039452 0.066667
0 51 0.371176 0.480000 0.031401 0.061333
0 105 0.416264 0.480000 0.017713 0.045333
0 60 0.190016 0.488000 0.045894 0.101333
0 59 0.180354 0.485333 0.029791 0.066667
