0 11 0.480676 0.490667 0.062802 0.186667
0 32 0.606280 0.472000 0.119968 0.210667
0 33 0.565217 0.485333 0.048309 0.114667
0 30 0.542673 0.490667 0.032206 0.088000
0 42 0.000000 0.573333 0.046699 0.218667
0 43 0.293881 0.509333 0.067633 0.133333
0 44 0.404187 0.490667 0.033816 0.077333
0 49 0.447665 0.485333 0.024155 0.056000
0 45 0.235105 0.514667 0.070048 0.114667
0 46 0.295491 0.488000 0.045089 0.053333
0 51 0.354267 0.496000 0.032206 0.072000
0 60 0.117552 0.504000 0.079710 0.125333
0 59 0.115942 0.506667 0.031401 0.053333
