0 11 0.464573 0.474667 0.127214 0.381333
0 27 0.956522 0.613333 0.043478 0.386667
0 32 0.582931 0.461333 0.094203 0.154667
0 33 0.559581 0.469333 0.033816 0.096000
0 30 0.552335 0.472000 0.013688 0.018667
0 39 0.344605 0.493333 0.043478 0.090667
0 42 0.036232 0.525333 0.147343 0.189333
0 43 0.438003 0.472000 0.025765 0.053333
0 44 0.476651 0.466667 0.020129 0.042667
0 45 0.284219 0.490667 0.057166 0.093333
0 46 0.328502 0.469333 0.034622 0.088000
0 51 0.375201 0.474667 0.027375 0.064000
0 105 0.417069 0.474667 0.024960 0.045333
0 60 0.190821 0.482667 0.058776 0.101333
0 59 0.181159 0.480000 0.031401 0.066667
