0 11 0.460548 0.474667 0.144928 0.437333
0 27 0.945250 0.570667 0.054750 0.429333
0 32 0.582931 0.461333 0.094203 0.152000
0 33 0.562802 0.469333 0.030596 0.050667
0 30 0.557166 0.472000 0.009662 0.018667
0 39 0.376006 0.485333 0.036232 0.077333
0 42 0.039452 0.525333 0.145733 0.189333
0 43 0.450886 0.469333 0.022544 0.048000
0 45 0.285024 0.488000 0.057166 0.096000
0 46 0.330113 0.472000 0.034622 0.090667
0 51 0.371176 0.472000 0.027375 0.066667
0 105 0.417874 0.474667 0.024960 0.048000
0 60 0.191626 0.482667 0.057971 0.101333
0 59 0.182770 0.482667 0.029791 0.064000
