0 11 0.479871 0.490667 0.061192 0.178667
0 32 0.615942 0.469333 0.128824 0.234667
0 33 0.567633 0.488000 0.055556 0.117333
0 30 0.543478 0.490667 0.035427 0.090667
0 43 0.232689 0.522667 0.092593 0.170667
0 44 0.387279 0.496000 0.037037 0.085333
0 49 0.438003 0.488000 0.024960 0.058667
0 45 0.217391 0.517333 0.069243 0.122667
0 46 0.285024 0.490667 0.046699 0.104000
0 51 0.343800 0.496000 0.037842 0.074667
0 105 0.418680 0.496000 0.010467 0.016000
0 60 0.092593 0.512000 0.086957 0.128000
0 59 0.096618 0.506667 0.043478 0.058667
