0 11 0.468599 0.477333 0.112721 0.341333
0 27 0.972625 0.645333 0.027375 0.354667
0 32 0.582931 0.464000 0.095008 0.154667
0 33 0.561192 0.472000 0.032206 0.093333
0 30 0.548309 0.472000 0.021739 0.032000
0 39 0.316425 0.501333 0.054750 0.106667
0 42 0.032206 0.528000 0.149758 0.192000
0 43 0.431562 0.474667 0.025765 0.058667
0 44 0.471014 0.469333 0.020129 0.045333
0 45 0.282609 0.490667 0.050725 0.090667
0 46 0.329308 0.472000 0.036232 0.042667
0 51 0.370370 0.477333 0.032206 0.064000
0 105 0.416264 0.477333 0.021739 0.048000
0 60 0.190016 0.485333 0.060386 0.101333
0 59 0.180354 0.485333 0.027375 0.066667
