0 11 0.462158 0.464000 0.131240 0.400000
0 27 0.813205 0.437333 0.186795 0.562667
0 32 0.576490 0.450667 0.089372 0.144000
0 33 0.561192 0.461333 0.025765 0.061333
0 30 0.553945 0.464000 0.016908 0.010667
0 40 0.000000 0.498667 0.032206 0.272000
0 39 0.469404 0.458667 0.016908 0.040000
0 42 0.076490 0.509333 0.128019 0.176000
0 45 0.293076 0.480000 0.053945 0.090667
0 46 0.334944 0.461333 0.033011 0.090667
0 51 0.374396 0.466667 0.030596 0.058667
0 105 0.417069 0.464000 0.025765 0.048000
0 60 0.203704 0.472000 0.054750 0.098667
0 59 0.194042 0.474667 0.027375 0.066667
