10 13 372.99992399999996 177.0 27.999648 16.000124999999997 1 1 1
11 13 366.999822 177.0 28.999458 16.999875 1 1 1
12 13 360.99971999999997 178.000125 30.00051 16.999875 1 1 1
13 13 354.999618 177.0 31.00032 16.999875 1 1 1
14 13 346.99989600000004 175.999875 33.99975 18.0 1 1 1
15 13 339.000174 175.000125 34.99956 19.000124999999997 1 1 1
16 13 333.00007200000005 175.000125 34.99956 19.000124999999997 1 1 1
17 13 322.99948800000004 174.0 38.000232000000004 19.999875 1 1 1
18 13 313.999956 175.000125 39.000042 19.000124999999997 1 1 1
19 13 304.00061400000004 174.0 40.999662 19.999875 1 1 1
20 13 294.99984 177.0 41.999472 19.999875 1 1 1
21 13 283.99944600000003 175.999875 45.000144 22.000125 1 1 1
22 13 273.000294 175.999875 45.999954 22.000125 1 1 1
23 13 261.00009 174.0 47.999574 22.999875 1 1 1
24 13 247.00026599999998 174.0 52.000056 24.0 1 1 1
25 13 233.000442 175.000125 54.999486000000005 24.0 1 1 1
26 13 219.000618 175.999875 57.000347999999995 25.000125 1 1 1
27 13 202.000122 175.000125 61.999398 26.999999999999996 1 1 1
28 13 185.999436 175.999875 65.00007 28.000125 1 1 1
29 13 167.000562 175.000125 70.000362 28.999875 1 1 1
30 13 146.999394 174.0 74.999412 31.000125 1 1 1
31 13 124.999848 172.999875 82.00056599999999 31.999875000000003 1 1 1
32 13 100.99944 174.0 87.999426 33.0 1 1 1
33 13 73.999602 175.999875 95.00058 34.000125 1 1 1
34 13 46.999764 177.0 102.00049200000001 36.0 1 1 1
35 13 15.999443999999999 175.999875 111.000024 40.000125 1 1 1
36 13 0.0 177.0 103.000302 42.0 1 1 1
37 13 0.0 177.0 77.00027399999999 45.0 1 1 1
38 13 0.0 178.000125 46.999764 40.000125 1 1 1
141 41 318.00043800000003 178.999875 32.00013 16.999875 1 1 1
142 41 313.000146 178.999875 34.99956 16.999875 1 1 1
143 41 308.999664 178.000125 36.000612000000004 18.0 1 1 1
144 41 305.000424 178.000125 37.000422 18.0 1 1 1
145 41 300.000132 178.000125 37.000422 16.999875 1 1 1
146 41 296.99946 178.000125 38.000232000000004 18.0 1 1 1
147 41 294.00003000000004 178.000125 37.000422 18.0 1 1 1
148 41 289.999548 178.999875 39.999852 16.999875 1 1 1
149 41 287.000118 178.999875 39.999852 16.999875 1 1 1
150 41 282.999636 178.000125 39.000042 19.000124999999997 1 1 1
151 41 280.000206 178.000125 45.000144 19.999875 1 1 1
152 41 276.999534 178.999875 52.000056 19.000124999999997 1 1 1
153 41 273.000294 178.999875 47.999574 19.999875 1 1 1
154 41 269.999622 178.999875 50.000436 19.000124999999997 1 1 1
155 41 267.000192 178.999875 32.00013 19.999875 1 1 1
156 41 265.000572 178.999875 45.000144 21.0 1 1 1
157 41 261.9999 178.999875 45.000144 21.0 1 1 1
158 41 259.00047 178.999875 45.000144 21.0 1 1 1
159 41 254.999988 178.999875 46.999764 22.000125 1 1 1
160 41 247.00026599999998 178.999875 51.000246000000004 22.999875 1 1 1
161 41 243.999594 178.999875 51.000246000000004 22.999875 1 1 1
162 41 239.000544 178.999875 52.999866000000004 24.0 1 1 1
163 41 234.000252 180.0 54.999486000000005 24.0 1 1 1
164 41 228.00015 181.000125 53.999676 24.0 1 1 1
165 41 221.00023800000002 181.999875 54.999486000000005 24.0 1 1 1
170 9 250.999506 178.999875 45.000144 28.000125 1 1 1
170 25 329.9994 184.000125 19.000116000000002 18.0 1 1 1
170 41 183.000006 184.000125 61.999398 26.999999999999996 1 1 1
171 9 261.9999 180.0 28.999458 26.999999999999996 1 1 1
171 25 325.00034999999997 184.000125 33.99975 18.0 1 1 1
171 41 174.000474 184.000125 61.999398 25.999875000000003 1 1 1
172 9 252.00055799999998 178.999875 33.99975 28.000125 1 1 1
172 25 321.999678 183.0 33.99975 18.0 1 1 1
172 41 176.999904 183.0 50.000436 28.999875 1 1 1
173 9 241.99997399999998 178.999875 38.000232000000004 28.000125 1 1 1
173 25 324.00054 181.999875 30.00051 19.000124999999997 1 1 1
173 41 156.000168 181.999875 64.00026 28.000125 1 1 1
174 9 231.99938999999998 178.999875 43.000524 28.999875 1 1 1
174 25 312.000336 183.0 39.000042 19.000124999999997 1 1 1
174 41 142.000344 183.0 70.000362 28.999875 1 1 1
175 9 219.000618 178.000125 48.999384 30.0 1 1 1
175 25 318.00043800000003 181.999875 30.00051 21.0 1 1 1
175 41 129.00033 183.0 71.999982 30.0 1 1 1
176 9 206.000604 178.999875 56.000538 30.0 1 1 1
176 25 306.00023400000003 181.999875 38.000232000000004 21.0 1 1 1
176 41 115.00050599999999 183.0 72.999792 31.999875000000003 1 1 1
177 9 191.999538 180.0 61.999398 31.000125 1 1 1
177 25 298.000512 183.0 41.999472 22.000125 1 1 1
177 41 100.99944 183.0 70.000362 33.0 1 1 1
178 9 175.000284 180.0 70.000362 31.000125 1 1 1
178 25 292.00041 183.0 41.999472 22.000125 1 1 1
178 41 84.000186 183.0 69.000552 34.000125 1 1 1
179 9 163.99989 178.000125 71.999982 31.999875000000003 1 1 1
179 25 285.000498 183.0 47.999574 22.000125 1 1 1
179 41 66.99969 181.000125 98.99982 34.999875 1 1 1
180 9 156.000168 177.0 71.000172 34.000125 1 1 1
180 25 278.000586 181.000125 45.999954 22.999875 1 1 1
180 41 45.999954 180.0 66.99969 34.999875 1 1 1
181 9 136.00024200000001 175.999875 79.999704 36.0 1 1 1
181 25 272.00048400000003 180.0 46.999764 22.999875 1 1 1
181 41 25.000218 184.000125 109.000404 31.999875000000003 1 1 1
182 9 121.000608 175.999875 85.99980599999999 37.000125000000004 1 1 1
182 25 265.000572 181.000125 48.999384 22.999875 1 1 1
182 41 0.9998100000000001 181.000125 116.000316 37.999875 1 1 1
183 9 105.99973200000001 177.0 85.99980599999999 37.999875 1 1 1
183 25 257.999418 181.000125 50.000436 24.0 1 1 1
183 41 13.999824 183.0 85.99980599999999 36.0 1 1 1
184 9 89.000478 178.000125 92.999718 37.999875 1 1 1
184 25 248.000076 181.999875 53.999676 24.0 1 1 1
184 41 34.99956 184.000125 46.999764 37.000125000000004 1 1 1
185 9 70.000362 177.0 99.99963000000001 40.000125 1 1 1
185 25 240.000354 181.999875 54.999486000000005 25.000125 1 1 1
185 41 0.0 183.0 59.999778 40.000125 1 1 1
186 9 51.000246000000004 178.000125 106.999542 40.999875 1 1 1
186 25 229.99976999999998 181.000125 58.000158 25.999875000000003 1 1 1
186 41 0.0 184.999875 38.000232000000004 40.000125 1 1 1
187 9 27.999648 178.000125 112.99964399999999 40.999875 1 1 1
187 25 220.00042800000003 181.999875 59.999778 26.999999999999996 1 1 1
187 41 0.0 192.0 11.000394 36.0 1 1 1
188 9 6.000102 178.999875 118.99974599999999 46.000125 1 1 1
188 25 209.99984400000002 183.0 61.999398 26.999999999999996 1 1 1
189 9 2.9994300000000003 180.0 103.000302 49.000125000000004 1 1 1
189 25 196.99983 184.000125 65.99988 28.000125 1 1 1
190 9 0.0 181.999875 84.999996 49.999875 1 1 1
190 25 185.999436 186.0 69.000552 28.000125 1 1 1
191 9 0.0 184.000125 64.00026 48.0 1 1 1
191 25 171.99961199999998 187.999875 69.000552 28.999875 1 1 1
192 9 0.0 186.0 39.999852 30.0 1 1 1
192 25 163.99989 187.999875 69.000552 26.999999999999996 1 1 1
192 24 569.9997539999999 180.0 13.000014 12.0 1 1 1
193 25 142.000344 187.999875 80.99951399999999 31.000125 1 1 1
193 24 569.9997539999999 180.0 13.999824 12.0 1 1 1
194 25 124.999848 187.999875 85.99980599999999 31.999875000000003 1 1 1
194 24 568.000134 180.0 14.999633999999999 13.999875 1 1 1
195 25 105.99973200000001 187.999875 91.000098 34.000125 1 1 1
195 24 567.000324 181.000125 15.999443999999999 13.999875 1 1 1
196 25 85.99980599999999 186.0 97.0002 34.999875 1 1 1
196 24 566.000514 180.0 17.000496000000002 15.0 1 1 1
197 25 63.00045 184.999875 104.000112 37.000125000000004 1 1 1
197 24 563.999652 180.0 18.000306000000002 15.0 1 1 1
198 25 38.000232000000004 184.000125 111.000024 37.999875 1 1 1
198 24 562.9998420000001 178.999875 17.000496000000002 16.999875 1 1 1
199 25 11.000394 184.999875 118.99974599999999 40.999875 1 1 1
199 24 561.000222 181.000125 18.000306000000002 16.999875 1 1 1
200 25 0.0 186.0 109.000404 43.000125000000004 1 1 1
200 24 559.000602 181.000125 18.000306000000002 18.0 1 1 1
201 25 0.0 187.000125 84.000186 36.0 1 1 1
201 24 555.0001199999999 181.000125 20.999736 18.0 1 1 1
202 25 0.0 186.0 58.999967999999996 42.0 1 1 1
202 24 551.999448 178.999875 21.999546 19.999875 1 1 1
203 25 0.0 189.0 30.00051 43.000125000000004 1 1 1
203 24 549.000018 180.0 23.000598 19.000124999999997 1 1 1
204 24 547.000398 178.999875 24.000408 21.0 1 1 1
204 29 566.000514 180.0 13.999824 13.000125 1 1 1
205 24 542.999916 180.0 26.000028 22.000125 1 1 1
205 29 564.999462 180.0 13.999824 13.999875 1 1 1
206 24 538.999434 178.000125 27.999648 24.0 1 1 1
206 29 563.999652 178.000125 14.999633999999999 15.0 1 1 1
207 24 535.000194 177.0 30.00051 25.000125 1 1 1
207 29 562.000032 177.0 15.999443999999999 15.0 1 1 1
208 24 529.999902 178.000125 32.00013 26.999999999999996 1 1 1
208 29 561.000222 178.000125 15.999443999999999 16.000124999999997 1 1 1
209 24 524.99961 180.0 34.99956 28.999875 1 1 1
209 29 559.000602 180.0 18.000306000000002 18.0 1 1 1
210 24 517.9996980000001 181.999875 38.000232000000004 31.000125 1 1 1
210 29 555.99993 181.999875 19.999926 18.0 1 1 1
211 24 509.999976 181.999875 40.999662 34.000125 1 1 1
211 29 553.0005 183.0 21.999546 18.0 1 1 1
212 24 502.00025400000004 181.000125 45.999954 37.000125000000004 1 1 1
212 29 549.999828 181.000125 24.000408 19.000124999999997 1 1 1
213 24 490.99986 178.999875 51.000246000000004 40.999875 1 1 1
213 29 548.000208 180.0 24.000408 19.999875 1 1 1
214 24 477.999846 180.0 58.000158 45.0 1 1 1
214 29 544.9995359999999 180.0 26.000028 21.0 1 1 1
215 24 462.000402 180.0 65.99988 51.00000000000001 1 1 1
215 29 542.000106 181.000125 27.999648 21.0 1 1 1
216 24 440.999424 181.000125 76.00046400000001 58.999875 1 1 1
216 29 538.999434 181.000125 28.999458 24.0 1 1 1
217 24 411.999966 181.000125 91.999908 70.999875 1 1 1
217 29 535.000194 181.999875 31.00032 25.000125 1 1 1
218 24 370.00049399999995 183.0 116.000316 85.000125 1 1 1
218 29 529.999902 183.0 33.99975 25.999875000000003 1 1 1
219 24 306.00023400000003 186.0 155.000358 106.000125 1 1 1
219 29 524.99961 184.999875 37.000422 28.000125 1 1 1
220 24 190.999728 189.0 231.99938999999998 142.999875 1 1 1
220 29 518.999508 186.0 39.999852 31.000125 1 1 1
221 24 0.0 192.0 357.00048 183.0 1 1 1
221 29 512.999406 186.0 44.000334 33.0 1 1 1
222 24 0.0 204.00000000000003 220.00042800000003 171.0 1 1 1
222 29 503.99987400000003 187.000125 48.999384 36.0 1 1 1
223 29 494.00053199999996 184.999875 52.999866000000004 40.999875 1 1 1
224 29 481.000518 186.0 59.999778 45.0 1 1 1
225 29 465.999642 186.0 67.9995 51.00000000000001 1 1 1
226 29 444.99990599999995 187.000125 78.999894 58.999875 1 1 1
227 29 416.000448 187.999875 97.0002 69.0 1 1 1
228 29 373.999734 190.000125 121.000608 85.000125 1 1 1
229 29 306.00023400000003 193.999875 163.99989 106.999875 1 1 1
230 29 183.999816 198.0 247.00026599999998 147.0 1 1 1
231 29 0.0 207.00000000000003 364.000392 168.0 1 1 1
232 29 0.0 232.000125 217.99956600000002 142.999875 1 1 1
256 30 560.000412 180.0 18.000306000000002 15.0 1 1 1
257 30 559.000602 178.999875 18.000306000000002 16.000124999999997 1 1 1
258 30 557.99955 175.000125 18.000306000000002 16.999875 1 1 1
259 30 555.99993 172.999875 19.000116000000002 18.0 1 1 1
260 30 554.00031 175.999875 19.999926 19.000124999999997 1 1 1
261 30 551.999448 178.000125 19.999926 19.000124999999997 1 1 1
262 30 549.000018 175.999875 21.999546 19.999875 1 1 1
263 30 546.000588 174.0 24.000408 21.0 1 1 1
264 30 542.999916 172.999875 24.000408 21.0 1 1 1
265 30 537.999624 174.0 26.999838 22.000125 1 1 1
266 30 534.000384 174.0 28.999458 24.0 1 1 1
267 30 529.000092 174.0 31.00032 25.999875000000003 1 1 1
268 30 523.9998 174.0 32.99994 28.000125 1 1 1
269 30 517.9996980000001 174.0 36.000612000000004 30.0 1 1 1
270 30 510.999786 172.999875 39.000042 31.999875000000003 1 1 1
271 30 505.999494 174.0 41.999472 34.000125 1 1 1
272 30 497.999772 172.999875 47.999574 39.0 1 1 1
273 30 489.00024 174.0 51.000246000000004 42.0 1 1 1
274 30 477.000036 174.0 58.000158 46.000125 1 1 1
275 30 463.00021200000003 174.0 65.99988 52.999874999999996 1 1 1
276 30 444.99990599999995 172.999875 74.999412 60.0 1 1 1
277 30 419.99968800000005 172.000125 89.000478 70.999875 1 1 1
278 30 386.99974799999995 169.999875 106.999542 85.000125 1 1 1
279 30 335.999502 169.000125 139.999482 103.000125 1 1 1
280 30 257.999418 168.0 190.999728 130.999875 1 1 1
281 30 108.000594 165.0 298.000512 180.0 1 1 1
282 30 0.0 163.000125 334.99969200000004 211.999875 1 1 1
283 30 0.0 154.000125 178.999524 220.999875 1 1 1
