0 50 0.421648 0.475936 0.022617 0.058824
0 124 0.962843 0.387701 0.037157 0.417112
0 123 0.576737 0.449198 0.037964 0.451872
0 104 0.000000 0.620321 0.025848 0.379679
0 152 0.764136 0.366310 0.039580 0.377005
0 153 0.810178 0.395722 0.043619 0.326203
0 101 0.399031 0.473262 0.013732 0.168449
0 99 0.381260 0.475936 0.016963 0.168449
0 113 0.452342 0.465241 0.014540 0.165775
0 157 0.470921 0.465241 0.010501 0.122995
0 156 0.486268 0.470588 0.012116 0.157754
0 132 0.407108 0.465241 0.012924 0.155080
