0 50 0.426494 0.465241 0.023425 0.064171
0 123 0.615509 0.425134 0.044426 0.494652
0 152 0.781906 0.344920 0.052504 0.425134
0 153 0.873990 0.366310 0.037964 0.374332
0 101 0.403069 0.457219 0.016963 0.189840
0 99 0.382876 0.462567 0.019386 0.184492
0 113 0.455574 0.457219 0.016155 0.171123
0 157 0.474960 0.459893 0.011309 0.122995
0 156 0.493538 0.459893 0.012924 0.163102
0 129 0.545234 0.441176 0.018578 0.088235
0 132 0.398223 0.457219 0.008078 0.160428
0 52 0.507270 0.459893 0.013732 0.147059
