0 50 0.428110 0.465241 0.024233 0.061497
0 123 0.626817 0.422460 0.047658 0.510695
0 152 0.785945 0.350267 0.042811 0.422460
0 153 0.892569 0.363636 0.035541 0.385027
0 101 0.407108 0.457219 0.016155 0.192513
0 99 0.383683 0.459893 0.020194 0.192513
0 113 0.457189 0.454545 0.017771 0.173797
0 157 0.476575 0.457219 0.012924 0.120321
0 156 0.496769 0.459893 0.012924 0.163102
0 129 0.550081 0.438503 0.016155 0.090909
0 132 0.398223 0.451872 0.010501 0.163102
0 52 0.510501 0.459893 0.013732 0.144385
