0 50 0.433764 0.483957 0.029887 0.074866
0 101 0.000000 0.657754 0.034733 0.342246
0 113 0.509693 0.462567 0.022617 0.243316
0 126 0.352989 0.475936 0.017771 0.168449
0 158 0.337641 0.475936 0.012924 0.157754
0 110 0.592892 0.459893 0.012116 0.152406
0 157 0.492730 0.462567 0.016155 0.157754
0 156 0.541195 0.470588 0.020194 0.224599
0 129 0.571890 0.457219 0.021002 0.187166
0 130 0.603393 0.443850 0.014540 0.160428
0 132 0.150242 0.489305 0.028271 0.114973
0 52 0.561389 0.475936 0.016963 0.187166
