0 50 0.449919 0.483957 0.035541 0.085561
0 113 0.578352 0.467914 0.033118 0.323529
0 126 0.330372 0.462567 0.025848 0.262032
0 158 0.277868 0.470588 0.020194 0.256684
0 110 0.700323 0.454545 0.025040 0.256684
0 127 0.665590 0.449198 0.035541 0.248663
0 157 0.521809 0.462567 0.024233 0.179144
0 156 0.606624 0.489305 0.015347 0.280749
0 103 0.578352 0.475936 0.014540 0.120321
0 128 0.557351 0.481283 0.022617 0.227273
0 129 0.618740 0.454545 0.024233 0.227273
0 130 0.635703 0.446524 0.015347 0.187166
