0 50 0.458805 0.459893 0.026656 0.066845
0 101 0.337641 0.430481 0.042811 0.500000
0 99 0.281099 0.451872 0.058966 0.548128
0 113 0.520194 0.433155 0.019386 0.213904
0 126 0.397415 0.446524 0.012116 0.141711
0 158 0.386107 0.449198 0.011309 0.093583
0 157 0.508078 0.435829 0.012924 0.147059
0 156 0.554120 0.441176 0.014540 0.205882
0 129 0.591276 0.427807 0.018578 0.179144
0 130 0.609855 0.422460 0.015347 0.131016
0 132 0.289984 0.454545 0.009693 0.077540
0 52 0.571082 0.443850 0.020194 0.181818
