0 50 0.448304 0.481283 0.037157 0.088235
0 113 0.576737 0.473262 0.045234 0.326203
0 126 0.327141 0.459893 0.027464 0.264706
0 158 0.272213 0.465241 0.021002 0.267380
0 110 0.705977 0.457219 0.025848 0.259358
0 127 0.671244 0.449198 0.033926 0.262032
0 157 0.521002 0.462567 0.024233 0.179144
0 156 0.608239 0.489305 0.016155 0.280749
0 103 0.577544 0.473262 0.018578 0.243316
0 128 0.558158 0.483957 0.021002 0.227273
0 129 0.620355 0.459893 0.024233 0.227273
0 130 0.635703 0.443850 0.016155 0.192513
