0 50 0.442649 0.500000 0.039580 0.098930
0 113 0.617932 0.483957 0.043619 0.403743
0 126 0.271405 0.483957 0.035541 0.371658
0 158 0.190630 0.486631 0.033118 0.350267
0 110 0.800485 0.454545 0.045234 0.401070
0 127 0.747173 0.457219 0.047658 0.398396
0 157 0.518578 0.478610 0.020194 0.189840
0 156 0.622779 0.494652 0.009693 0.056150
0 103 0.576737 0.486631 0.027464 0.299465
0 128 0.562197 0.505348 0.021002 0.248663
0 129 0.632472 0.470588 0.025040 0.077540
0 130 0.645396 0.489305 0.016155 0.179144
