0 50 0.440226 0.489305 0.042003 0.101604
0 113 0.637318 0.481283 0.045234 0.441176
0 126 0.239095 0.459893 0.052504 0.430481
0 158 0.141357 0.470588 0.046850 0.401070
0 110 0.873990 0.465241 0.058158 0.491979
0 127 0.806139 0.457219 0.061389 0.489305
0 157 0.512924 0.470588 0.021809 0.197861
0 156 0.628433 0.500000 0.028271 0.360963
0 103 0.583199 0.489305 0.027464 0.312834
0 128 0.562197 0.502674 0.027464 0.264706
0 129 0.635703 0.486631 0.018578 0.064171
0 102 0.605816 0.502674 0.018578 0.267380
0 130 0.652666 0.462567 0.008885 0.034759
