0 50 0.459612 0.462567 0.026656 0.066845
0 101 0.357027 0.430481 0.033118 0.459893
0 99 0.307754 0.451872 0.050081 0.489305
0 113 0.515347 0.441176 0.020194 0.211230
0 126 0.400646 0.449198 0.012924 0.139037
0 158 0.389338 0.451872 0.011309 0.093583
0 157 0.507270 0.435829 0.014540 0.149733
0 156 0.553312 0.446524 0.013732 0.200535
0 129 0.592084 0.427807 0.014540 0.176471
0 130 0.607431 0.422460 0.014540 0.120321
0 132 0.305331 0.457219 0.017771 0.088235
0 52 0.570275 0.446524 0.020194 0.176471
