0 50 0.440226 0.470588 0.042811 0.104278
0 113 0.647011 0.467914 0.046042 0.467914
0 126 0.211632 0.449198 0.067044 0.473262
0 158 0.109855 0.457219 0.045234 0.438503
0 110 0.927302 0.433155 0.062197 0.566845
0 127 0.849758 0.427807 0.059774 0.561497
0 157 0.510501 0.454545 0.016963 0.205882
0 156 0.638126 0.483957 0.019386 0.347594
0 103 0.588045 0.467914 0.026656 0.328877
0 128 0.565428 0.481283 0.027464 0.267380
0 129 0.639742 0.449198 0.023425 0.090909
0 102 0.611470 0.486631 0.020194 0.278075
0 130 0.658320 0.438503 0.008078 0.053476
