0 50 0.452342 0.459893 0.029079 0.069519
0 101 0.280291 0.425134 0.066236 0.574866
0 99 0.208401 0.451872 0.084814 0.548128
0 113 0.521002 0.435829 0.019386 0.219251
0 126 0.386107 0.454545 0.013732 0.141711
0 158 0.375606 0.451872 0.011309 0.106952
0 157 0.504847 0.441176 0.014540 0.149733
0 156 0.552504 0.451872 0.016963 0.205882
0 129 0.588853 0.427807 0.021809 0.179144
0 130 0.609855 0.419786 0.016963 0.139037
0 132 0.262520 0.459893 0.012924 0.064171
0 52 0.575121 0.451872 0.016963 0.179144
