0 50 0.458805 0.459893 0.027464 0.066845
0 101 0.361874 0.425134 0.033926 0.433155
0 99 0.315024 0.443850 0.049273 0.462567
0 113 0.514540 0.438503 0.018578 0.211230
0 126 0.401454 0.449198 0.012924 0.136364
0 158 0.390145 0.451872 0.011309 0.136364
0 157 0.508078 0.438503 0.010501 0.144385
0 156 0.550889 0.435829 0.015347 0.208556
0 129 0.592084 0.430481 0.015347 0.173797
0 130 0.605816 0.422460 0.014540 0.106952
0 132 0.311793 0.457219 0.016963 0.133690
0 52 0.569467 0.443850 0.020194 0.176471
