0 50 0.448304 0.478610 0.037157 0.088235
0 113 0.592892 0.467914 0.033118 0.336898
0 126 0.323910 0.454545 0.028271 0.272727
0 158 0.266559 0.462567 0.021809 0.270053
0 110 0.712439 0.449198 0.025848 0.270053
0 127 0.676898 0.451872 0.032310 0.267380
0 157 0.521002 0.462567 0.023425 0.179144
0 156 0.611470 0.494652 0.016155 0.280749
0 103 0.578352 0.473262 0.020194 0.262032
0 128 0.558966 0.481283 0.020194 0.219251
0 129 0.621971 0.462567 0.022617 0.224599
0 130 0.636511 0.441176 0.016963 0.195187
