0 50 0.437803 0.475936 0.029887 0.072193
0 101 0.093700 0.427807 0.076737 0.572193
0 99 0.000000 0.475936 0.088045 0.524064
0 113 0.508078 0.451872 0.023425 0.232620
0 126 0.361874 0.462567 0.016155 0.160428
0 158 0.347334 0.465241 0.012924 0.152406
0 110 0.592084 0.454545 0.011309 0.141711
0 157 0.494346 0.451872 0.015347 0.160428
0 156 0.544426 0.457219 0.017771 0.224599
0 129 0.575121 0.446524 0.019386 0.179144
0 130 0.605008 0.433155 0.013732 0.157754
0 132 0.183360 0.465241 0.021002 0.106952
0 52 0.563005 0.470588 0.019386 0.179144
