0 50 0.436187 0.457219 0.022617 0.061497
0 123 0.667205 0.419786 0.053312 0.564171
0 152 0.777060 0.344920 0.082391 0.454545
0 153 0.955574 0.344920 0.034733 0.435829
0 101 0.410339 0.446524 0.016155 0.205882
0 99 0.386914 0.454545 0.021809 0.205882
0 113 0.463651 0.443850 0.014540 0.179144
0 157 0.483845 0.435829 0.014540 0.133690
0 156 0.504039 0.451872 0.013732 0.163102
0 129 0.556543 0.433155 0.016155 0.141711
0 132 0.396607 0.451872 0.014540 0.160428
0 52 0.521809 0.451872 0.014540 0.147059
