0 50 0.443457 0.500000 0.039580 0.098930
0 113 0.613893 0.470588 0.042003 0.406417
0 126 0.276252 0.486631 0.035541 0.358289
0 158 0.202746 0.489305 0.032310 0.347594
0 110 0.786753 0.457219 0.048465 0.385027
0 127 0.736672 0.457219 0.045234 0.382353
0 157 0.520194 0.478610 0.022617 0.192513
0 156 0.623586 0.491979 0.006462 0.042781
0 103 0.578352 0.489305 0.026656 0.294118
0 128 0.561389 0.508021 0.019386 0.245989
0 129 0.630856 0.473262 0.024233 0.069519
0 130 0.644588 0.497326 0.018578 0.168449
