0 50 0.454766 0.489305 0.034733 0.085561
0 113 0.572698 0.465241 0.021809 0.302139
0 126 0.348950 0.470588 0.024233 0.227273
0 158 0.315832 0.475936 0.016963 0.211230
0 110 0.670436 0.465241 0.020194 0.208556
0 127 0.640549 0.465241 0.024233 0.203209
0 157 0.521809 0.470588 0.021002 0.171123
0 156 0.593700 0.489305 0.016155 0.272727
0 128 0.555735 0.486631 0.020194 0.205882
0 129 0.613893 0.465241 0.021809 0.211230
0 130 0.632472 0.454545 0.014540 0.179144
0 132 0.000000 0.540107 0.009693 0.077540
