0 50 0.430533 0.462567 0.024233 0.061497
0 123 0.638934 0.427807 0.053312 0.524064
0 152 0.788368 0.347594 0.040388 0.430481
0 153 0.913570 0.358289 0.036349 0.401070
0 101 0.406300 0.451872 0.019386 0.200535
0 99 0.385299 0.462567 0.020194 0.189840
0 113 0.459612 0.449198 0.016155 0.176471
0 157 0.478998 0.443850 0.014540 0.133690
0 156 0.500808 0.457219 0.011309 0.165775
0 129 0.549273 0.438503 0.019386 0.096257
0 132 0.398223 0.454545 0.012116 0.160428
0 52 0.513732 0.459893 0.015347 0.141711
