0 50 0.454766 0.489305 0.033118 0.080214
0 113 0.559774 0.475936 0.029887 0.283422
0 126 0.354604 0.467914 0.024233 0.216578
0 158 0.323910 0.473262 0.015347 0.211230
0 110 0.662359 0.462567 0.019386 0.203209
0 127 0.632472 0.467914 0.023425 0.192513
0 157 0.520194 0.473262 0.023425 0.168449
0 156 0.587237 0.491979 0.018578 0.256684
0 128 0.558966 0.486631 0.012116 0.187166
0 129 0.609855 0.467914 0.024233 0.213904
0 130 0.630048 0.451872 0.010501 0.179144
0 132 0.013732 0.475936 0.029079 0.163102
