0 50 0.437803 0.451872 0.044426 0.106952
0 113 0.659128 0.435829 0.057351 0.491979
0 126 0.169628 0.433155 0.071082 0.556150
0 158 0.050081 0.443850 0.053312 0.510695
0 127 0.937803 0.401070 0.062197 0.598930
0 157 0.501616 0.425134 0.016963 0.213904
0 156 0.641357 0.459893 0.032310 0.393048
0 103 0.591276 0.449198 0.029079 0.344920
0 128 0.571890 0.459893 0.022617 0.288770
0 129 0.646204 0.430481 0.032310 0.093583
0 102 0.617932 0.470588 0.021809 0.275401
0 130 0.658320 0.422460 0.008078 0.042781
