0 50 0.441842 0.497326 0.040388 0.098930
0 113 0.626010 0.491979 0.040388 0.409091
0 126 0.265751 0.478610 0.036349 0.385027
0 158 0.180937 0.486631 0.036349 0.366310
0 110 0.814216 0.449198 0.049273 0.427807
0 127 0.757674 0.459893 0.052504 0.411765
0 157 0.516963 0.478610 0.022617 0.200535
0 156 0.621163 0.508021 0.020194 0.339572
0 103 0.577544 0.489305 0.028271 0.307487
0 128 0.561389 0.500000 0.022617 0.254011
0 129 0.634087 0.475936 0.008078 0.029412
0 102 0.600969 0.502674 0.013732 0.264706
0 130 0.649435 0.457219 0.011309 0.085561
