0 50 0.445880 0.489305 0.037964 0.093583
0 113 0.600162 0.483957 0.037964 0.358289
0 126 0.303716 0.465241 0.030695 0.304813
0 158 0.239903 0.465241 0.027464 0.288770
0 110 0.739903 0.467914 0.029079 0.318182
0 127 0.700323 0.462567 0.033926 0.304813
0 157 0.521809 0.467914 0.022617 0.189840
0 156 0.617932 0.516043 0.018578 0.283422
0 103 0.577544 0.483957 0.025040 0.278075
0 128 0.556543 0.500000 0.025848 0.235294
0 129 0.630048 0.467914 0.021002 0.240642
0 130 0.642165 0.459893 0.014540 0.197861
