0 50 0.441034 0.494652 0.041195 0.101604
0 113 0.628433 0.486631 0.044426 0.422460
0 126 0.257674 0.470588 0.040388 0.401070
0 158 0.169628 0.481283 0.038772 0.377005
0 110 0.831179 0.457219 0.065428 0.438503
0 127 0.772213 0.459893 0.054927 0.433155
0 157 0.515347 0.475936 0.025040 0.203209
0 156 0.623586 0.508021 0.023425 0.352941
0 103 0.580775 0.497326 0.026656 0.307487
0 128 0.559774 0.500000 0.025848 0.259358
0 129 0.639742 0.483957 0.006462 0.056150
0 102 0.604200 0.513369 0.012116 0.262032
0 130 0.649435 0.465241 0.012924 0.042781
