0 50 0.441842 0.470588 0.029887 0.072193
0 101 0.182553 0.425134 0.066236 0.574866
0 99 0.064620 0.443850 0.123586 0.556150
0 113 0.512116 0.446524 0.021809 0.232620
0 126 0.369952 0.459893 0.015347 0.155080
0 158 0.356220 0.459893 0.012116 0.144385
0 110 0.592084 0.446524 0.012116 0.136364
0 157 0.498384 0.449198 0.014540 0.152406
0 156 0.546850 0.459893 0.016963 0.213904
0 129 0.579968 0.443850 0.019386 0.176471
0 130 0.607431 0.427807 0.015347 0.152406
0 52 0.568659 0.457219 0.016963 0.184492
