0 50 0.440226 0.470588 0.029079 0.074866
0 101 0.142165 0.433155 0.072698 0.566845
0 99 0.004847 0.451872 0.140549 0.548128
0 113 0.510501 0.449198 0.021809 0.232620
0 126 0.365913 0.462567 0.015347 0.157754
0 158 0.352181 0.462567 0.012116 0.149733
0 110 0.592084 0.451872 0.011309 0.139037
0 157 0.495961 0.454545 0.014540 0.152406
0 156 0.546042 0.462567 0.016963 0.216578
0 129 0.577544 0.443850 0.017771 0.176471
0 130 0.605008 0.430481 0.016155 0.144385
0 132 0.195477 0.467914 0.025848 0.106952
0 52 0.566236 0.467914 0.018578 0.179144
