0 50 0.445073 0.467914 0.029887 0.072193
0 101 0.214863 0.414439 0.062197 0.585561
0 99 0.109047 0.430481 0.113086 0.569519
0 113 0.512116 0.443850 0.025040 0.229947
0 126 0.373183 0.454545 0.015347 0.155080
0 158 0.360258 0.457219 0.013732 0.141711
0 157 0.500000 0.443850 0.015347 0.155080
0 156 0.548465 0.451872 0.015347 0.216578
0 129 0.582391 0.441176 0.019386 0.176471
0 130 0.607431 0.425134 0.016155 0.144385
0 132 0.221325 0.494652 0.010501 0.045455
0 52 0.570275 0.451872 0.016963 0.187166
