0 50 0.441034 0.494652 0.042003 0.101604
0 113 0.634087 0.489305 0.043619 0.425134
0 126 0.248788 0.462567 0.046042 0.419786
0 158 0.155897 0.467914 0.035541 0.387701
0 110 0.851373 0.454545 0.050889 0.483957
0 127 0.788368 0.462567 0.054927 0.459893
0 157 0.514540 0.473262 0.024233 0.203209
0 156 0.628433 0.518717 0.022617 0.347594
0 103 0.582391 0.500000 0.027464 0.312834
0 128 0.560582 0.505348 0.026656 0.264706
0 129 0.638934 0.483957 0.008885 0.024064
0 102 0.605008 0.508021 0.014540 0.270053
0 130 0.650242 0.473262 0.010501 0.034759
