0 50 0.458805 0.459893 0.027464 0.069519
0 101 0.348142 0.430481 0.037964 0.481283
0 99 0.295638 0.454545 0.053312 0.524064
0 113 0.518578 0.435829 0.018578 0.211230
0 126 0.399031 0.449198 0.012924 0.136364
0 158 0.387722 0.451872 0.011309 0.090909
0 157 0.508885 0.435829 0.012116 0.152406
0 156 0.553312 0.443850 0.015347 0.205882
0 129 0.591276 0.427807 0.019386 0.179144
0 130 0.609855 0.419786 0.014540 0.125668
0 132 0.297254 0.457219 0.015347 0.090909
0 52 0.571082 0.443850 0.018578 0.179144
