0 50 0.448304 0.475936 0.036349 0.090909
0 113 0.592892 0.465241 0.036349 0.334225
0 126 0.319871 0.454545 0.029079 0.278075
0 158 0.260097 0.462567 0.022617 0.262032
0 110 0.718094 0.449198 0.028271 0.280749
0 127 0.680937 0.449198 0.033926 0.275401
0 157 0.521002 0.459893 0.023425 0.181818
0 156 0.617124 0.491979 0.010501 0.291444
0 103 0.579968 0.473262 0.021002 0.272727
0 128 0.555735 0.481283 0.024233 0.227273
0 129 0.624394 0.459893 0.022617 0.229947
0 130 0.638934 0.443850 0.014540 0.195187
