0 50 0.437803 0.457219 0.023425 0.061497
0 123 0.682553 0.409091 0.054120 0.566845
0 152 0.788368 0.347594 0.085622 0.459893
0 153 0.968498 0.334225 0.031502 0.459893
0 101 0.411147 0.446524 0.017771 0.205882
0 99 0.386914 0.454545 0.022617 0.208556
0 113 0.463651 0.443850 0.016155 0.179144
0 157 0.485460 0.441176 0.014540 0.133690
0 156 0.510501 0.454545 0.009693 0.160428
0 129 0.558966 0.430481 0.016155 0.147059
0 132 0.393376 0.449198 0.004039 0.024064
0 52 0.525848 0.451872 0.014540 0.149733
