0 50 0.440226 0.459893 0.042811 0.106952
0 113 0.654281 0.459893 0.046042 0.481283
0 126 0.201131 0.441176 0.068659 0.491979
0 158 0.088853 0.446524 0.052504 0.457219
0 110 0.959612 0.433155 0.040388 0.566845
0 127 0.875606 0.417112 0.071890 0.582888
0 157 0.507270 0.443850 0.019386 0.208556
0 156 0.642165 0.481283 0.026656 0.358289
0 103 0.591276 0.462567 0.026656 0.334225
0 128 0.567851 0.467914 0.026656 0.278075
0 129 0.642973 0.446524 0.025040 0.085561
0 102 0.613893 0.475936 0.022617 0.283422
0 130 0.661551 0.457219 0.008885 0.034759
