0 50 0.434572 0.481283 0.030695 0.074866
0 101 0.000000 0.409091 0.086430 0.590909
0 113 0.508885 0.457219 0.021809 0.240642
0 126 0.354604 0.470588 0.017771 0.168449
0 158 0.339257 0.475936 0.013732 0.149733
0 110 0.591276 0.459893 0.012924 0.147059
0 157 0.492730 0.457219 0.015347 0.160428
0 156 0.542811 0.465241 0.018578 0.224599
0 129 0.571890 0.451872 0.020194 0.187166
0 130 0.604200 0.443850 0.013732 0.155080
0 132 0.161551 0.481283 0.033118 0.155080
0 52 0.561389 0.473262 0.016963 0.184492
