0 50 0.447496 0.478610 0.037157 0.090909
0 113 0.594507 0.462567 0.037157 0.350267
0 126 0.312601 0.454545 0.033926 0.291444
0 158 0.253635 0.465241 0.025040 0.283422
0 110 0.724556 0.457219 0.029079 0.288770
0 127 0.686591 0.449198 0.033118 0.286096
0 157 0.521002 0.462567 0.023425 0.181818
0 156 0.618740 0.497326 0.011309 0.296791
0 103 0.579968 0.475936 0.020194 0.278075
0 128 0.555735 0.486631 0.024233 0.227273
0 129 0.625202 0.459893 0.022617 0.227273
0 130 0.640549 0.449198 0.014540 0.195187
