0 50 0.432956 0.459893 0.023425 0.061497
0 123 0.651858 0.427807 0.053312 0.542781
0 152 0.778675 0.344920 0.064620 0.446524
0 153 0.931341 0.350267 0.037157 0.417112
0 101 0.411147 0.451872 0.014540 0.197861
0 99 0.386107 0.459893 0.021002 0.197861
0 113 0.460420 0.443850 0.016155 0.179144
0 157 0.482229 0.441176 0.012924 0.133690
0 156 0.500808 0.457219 0.015347 0.163102
0 129 0.553312 0.438503 0.016155 0.120321
0 132 0.401454 0.470588 0.010501 0.144385
0 52 0.518578 0.454545 0.014540 0.147059
