0 50 0.446688 0.483957 0.037964 0.090909
0 113 0.597738 0.470588 0.037964 0.352941
0 126 0.308562 0.457219 0.033118 0.299465
0 158 0.247981 0.462567 0.025848 0.291444
0 110 0.731826 0.465241 0.029079 0.299465
0 127 0.693861 0.451872 0.033118 0.296791
0 157 0.521809 0.462567 0.021809 0.187166
0 156 0.621971 0.502674 0.011309 0.294118
0 103 0.578352 0.475936 0.024233 0.275401
0 128 0.554927 0.491979 0.025848 0.232620
0 129 0.626817 0.459893 0.024233 0.235294
0 130 0.642165 0.451872 0.013732 0.197861
