0 50 0.439418 0.481283 0.042811 0.101604
0 113 0.643780 0.473262 0.043619 0.454545
0 126 0.226171 0.454545 0.059774 0.451872
0 158 0.126817 0.465241 0.040388 0.414439
0 110 0.897415 0.443850 0.067044 0.529412
0 127 0.827141 0.443850 0.058158 0.532086
0 157 0.512116 0.459893 0.021002 0.203209
0 156 0.632472 0.486631 0.025040 0.360963
0 103 0.584814 0.473262 0.028271 0.320856
0 128 0.563005 0.497326 0.029079 0.259358
0 129 0.637318 0.505348 0.003231 0.034759
0 102 0.606624 0.486631 0.022617 0.278075
0 130 0.652666 0.446524 0.010501 0.069519
