0 50 0.436187 0.478610 0.030695 0.074866
0 101 0.038772 0.417112 0.090468 0.582888
0 113 0.508885 0.451872 0.020194 0.237968
0 126 0.358643 0.465241 0.016963 0.165775
0 158 0.343296 0.470588 0.012924 0.149733
0 110 0.590468 0.457219 0.012924 0.147059
0 157 0.493538 0.454545 0.014540 0.157754
0 156 0.544426 0.459893 0.016963 0.224599
0 129 0.572698 0.449198 0.019386 0.181818
0 130 0.604200 0.441176 0.013732 0.152406
0 132 0.171244 0.473262 0.029887 0.152406
0 52 0.561389 0.473262 0.017771 0.179144
