0 50 0.436995 0.449198 0.045234 0.109626
0 113 0.663166 0.433155 0.057351 0.516043
0 126 0.145396 0.425134 0.076737 0.574866
0 158 0.021002 0.446524 0.057351 0.542781
0 127 0.975767 0.510695 0.024233 0.489305
0 157 0.497577 0.425134 0.016963 0.211230
0 156 0.643780 0.454545 0.029079 0.406417
0 103 0.587237 0.443850 0.032310 0.344920
0 128 0.574313 0.459893 0.023425 0.288770
0 129 0.648627 0.422460 0.021809 0.098930
0 102 0.620355 0.459893 0.021002 0.291444
0 130 0.657512 0.417112 0.011309 0.037433
