0 50 0.451535 0.462567 0.028271 0.072193
0 101 0.264136 0.422460 0.064620 0.577540
0 99 0.180937 0.454545 0.093700 0.545455
0 113 0.517771 0.438503 0.022617 0.221925
0 126 0.379645 0.451872 0.016963 0.147059
0 158 0.371567 0.457219 0.011309 0.117647
0 157 0.503231 0.443850 0.013732 0.147059
0 156 0.553312 0.451872 0.014540 0.205882
0 129 0.587237 0.427807 0.021002 0.181818
0 130 0.609855 0.422460 0.016963 0.152406
0 132 0.244750 0.457219 0.023425 0.096257
0 52 0.573506 0.446524 0.017771 0.187166
