0 50 0.453958 0.489305 0.033118 0.082888
0 113 0.553312 0.478610 0.030695 0.275401
0 126 0.357027 0.470588 0.022617 0.213904
0 158 0.325525 0.475936 0.016155 0.211230
0 110 0.656704 0.462567 0.018578 0.197861
0 127 0.628433 0.467914 0.020194 0.192513
0 157 0.520194 0.473262 0.022617 0.168449
0 156 0.584006 0.497326 0.017771 0.251337
0 128 0.554927 0.489305 0.012116 0.093583
0 129 0.607431 0.467914 0.022617 0.208556
0 130 0.631664 0.454545 0.012116 0.171123
0 132 0.027464 0.483957 0.027464 0.149733
