0 50 0.439418 0.457219 0.024233 0.061497
0 123 0.697092 0.398396 0.055735 0.582888
0 152 0.800485 0.342246 0.079968 0.473262
0 153 0.987076 0.516043 0.012924 0.074866
0 101 0.411147 0.443850 0.017771 0.219251
0 99 0.388530 0.454545 0.021809 0.213904
0 113 0.463651 0.441176 0.018578 0.181818
0 157 0.487884 0.441176 0.013732 0.133690
0 156 0.512116 0.454545 0.012924 0.163102
0 129 0.560582 0.425134 0.016963 0.155080
0 132 0.391761 0.449198 0.004847 0.040107
0 52 0.531502 0.449198 0.015347 0.157754
