0 50 0.448304 0.465241 0.028271 0.072193
0 101 0.243134 0.414439 0.059774 0.585561
0 99 0.147819 0.454545 0.104200 0.545455
0 113 0.515347 0.438503 0.022617 0.227273
0 126 0.377221 0.454545 0.015347 0.152406
0 158 0.365913 0.457219 0.012116 0.128342
0 157 0.500808 0.441176 0.015347 0.155080
0 156 0.550081 0.451872 0.016155 0.211230
0 129 0.584814 0.435829 0.020194 0.176471
0 130 0.609047 0.425134 0.015347 0.147059
0 132 0.232633 0.457219 0.022617 0.155080
0 52 0.572698 0.449198 0.016963 0.184492
