0 50 0.439418 0.451872 0.043619 0.106952
0 113 0.657512 0.443850 0.051696 0.481283
0 126 0.184976 0.433155 0.071082 0.532086
0 158 0.072698 0.443850 0.050081 0.467914
0 127 0.903877 0.401070 0.090468 0.598930
0 157 0.504847 0.433155 0.018578 0.211230
0 156 0.643780 0.465241 0.029887 0.385027
0 103 0.593700 0.451872 0.025040 0.342246
0 128 0.571082 0.459893 0.021809 0.286096
0 129 0.644588 0.441176 0.013732 0.085561
0 102 0.617124 0.473262 0.021809 0.283422
0 130 0.657512 0.427807 0.012116 0.053476
