0 50 0.454766 0.489305 0.034733 0.082888
0 113 0.563813 0.470588 0.029079 0.291444
0 126 0.351373 0.467914 0.024233 0.221925
0 158 0.320679 0.473262 0.016155 0.208556
0 110 0.666397 0.462567 0.020194 0.208556
0 127 0.634895 0.465241 0.025040 0.197861
0 157 0.521002 0.467914 0.024233 0.173797
0 156 0.590468 0.486631 0.019386 0.270053
0 128 0.558966 0.483957 0.014540 0.208556
0 129 0.612278 0.465241 0.022617 0.211230
0 130 0.630856 0.451872 0.012924 0.181818
0 132 0.000000 0.483957 0.026656 0.184492
