0 50 0.302100 0.483957 0.063005 0.189840
0 113 0.357027 0.459893 0.062197 0.540107
0 156 0.381260 0.467914 0.023425 0.451872
0 103 0.249596 0.470588 0.042003 0.443850
0 128 0.169628 0.489305 0.044426 0.344920
0 129 0.382876 0.457219 0.033118 0.342246
0 102 0.281906 0.497326 0.020194 0.344920
0 130 0.323102 0.451872 0.018578 0.278075
0 131 0.327948 0.473262 0.035541 0.334225
0 117 0.524233 0.449198 0.016963 0.117647
0 114 0.432956 0.465241 0.012116 0.114973
0 115 0.443457 0.462567 0.012116 0.114973
