0 50 0.287561 0.489305 0.072698 0.211230
0 113 0.282714 0.467914 0.075929 0.532086
0 156 0.330372 0.481283 0.039580 0.465241
0 103 0.195477 0.475936 0.049273 0.475936
0 128 0.134087 0.491979 0.048465 0.355615
0 129 0.355412 0.454545 0.036349 0.355615
0 102 0.231018 0.491979 0.033926 0.368984
0 130 0.298061 0.459893 0.013732 0.208556
0 131 0.306947 0.540107 0.006462 0.013369
0 117 0.527464 0.446524 0.016155 0.114973
0 114 0.430533 0.465241 0.012116 0.114973
0 115 0.443457 0.462567 0.011309 0.117647
