0 50 0.294830 0.500000 0.019386 0.176471
0 113 0.319871 0.446524 0.055735 0.553476
0 156 0.348142 0.489305 0.049273 0.454545
0 103 0.225363 0.470588 0.048465 0.454545
0 128 0.151858 0.491979 0.044426 0.350267
0 129 0.370759 0.462567 0.033926 0.350267
0 102 0.252827 0.494652 0.037157 0.363636
0 130 0.302100 0.459893 0.023425 0.272727
0 131 0.317447 0.473262 0.021809 0.334225
0 117 0.525848 0.449198 0.016963 0.117647
0 114 0.431341 0.467914 0.011309 0.114973
0 115 0.444265 0.465241 0.010501 0.114973
