0 50 0.298061 0.483957 0.054927 0.187166
0 113 0.340065 0.446524 0.059774 0.553476
0 156 0.369144 0.481283 0.033118 0.449198
0 103 0.239095 0.475936 0.042811 0.449198
0 128 0.161551 0.494652 0.043619 0.347594
0 129 0.377221 0.462567 0.033118 0.342246
0 102 0.266559 0.497326 0.029079 0.355615
0 130 0.315832 0.457219 0.016963 0.272727
0 131 0.320679 0.470588 0.028271 0.334225
0 117 0.525040 0.449198 0.017771 0.114973
0 114 0.431341 0.462567 0.012924 0.114973
0 115 0.444265 0.465241 0.011309 0.112299
