0 50 0.281099 0.494652 0.084814 0.205882
0 113 0.299677 0.457219 0.065428 0.542781
0 156 0.338449 0.481283 0.050889 0.467914
0 103 0.209208 0.470588 0.047658 0.467914
0 128 0.140549 0.489305 0.047658 0.352941
0 129 0.363489 0.457219 0.034733 0.352941
0 102 0.246365 0.491979 0.034733 0.371658
0 130 0.304523 0.459893 0.012116 0.240642
0 131 0.311793 0.475936 0.029079 0.339572
0 117 0.527464 0.451872 0.016963 0.125668
0 114 0.430533 0.467914 0.012116 0.112299
0 115 0.442649 0.462567 0.012116 0.114973
