0 64 0.456381 0.462567 0.019386 0.058824
0 81 0.378837 0.454545 0.050889 0.141711
0 114 0.622779 0.467914 0.045234 0.524064
0 115 0.694669 0.454545 0.061389 0.545455
0 116 0.168013 0.459893 0.058966 0.475936
0 139 0.496769 0.451872 0.025040 0.235294
0 140 0.586430 0.454545 0.020194 0.195187
0 143 0.867528 0.422460 0.049273 0.288770
0 141 0.921648 0.401070 0.029887 0.280749
0 142 0.744750 0.430481 0.018578 0.208556
0 108 0.432956 0.478610 0.012924 0.117647
0 144 0.420840 0.478610 0.012924 0.112299
