0 64 0.428110 0.457219 0.028271 0.088235
0 81 0.340065 0.443850 0.063813 0.165775
0 114 0.608239 0.473262 0.052504 0.438503
0 115 0.672052 0.462567 0.062197 0.443850
0 116 0.000000 0.475936 0.042811 0.435829
0 139 0.289176 0.465241 0.033118 0.270053
0 140 0.526656 0.467914 0.021809 0.187166
0 143 0.683360 0.435829 0.028271 0.280749
0 141 0.882876 0.411765 0.062197 0.379679
0 142 0.814216 0.425134 0.033926 0.304813
0 108 0.349758 0.475936 0.021809 0.179144
0 144 0.321486 0.475936 0.021002 0.192513
0 161 0.945880 0.403743 0.047658 0.360963
