0 64 0.453958 0.454545 0.012116 0.064171
0 81 0.374798 0.446524 0.048465 0.149733
0 114 0.624394 0.454545 0.048465 0.497326
0 115 0.702746 0.435829 0.062197 0.524064
0 116 0.172859 0.462567 0.063813 0.465241
0 139 0.456381 0.457219 0.026656 0.237968
0 140 0.584006 0.443850 0.021002 0.197861
0 143 0.831987 0.427807 0.028271 0.176471
0 141 0.920032 0.398396 0.034733 0.299465
0 142 0.763328 0.422460 0.026656 0.237968
0 108 0.421648 0.470588 0.012924 0.131016
0 144 0.404685 0.473262 0.012924 0.093583
