0 64 0.441034 0.451872 0.024233 0.077540
0 81 0.367528 0.441176 0.050081 0.157754
0 114 0.629241 0.470588 0.054927 0.462567
0 115 0.697092 0.449198 0.059774 0.459893
0 116 0.084814 0.457219 0.058966 0.441176
0 139 0.346527 0.454545 0.038772 0.262032
0 140 0.554927 0.451872 0.022617 0.187166
0 143 0.731826 0.441176 0.037964 0.288770
0 141 0.899838 0.409091 0.061389 0.336898
0 142 0.803716 0.414439 0.031502 0.280749
0 108 0.378029 0.473262 0.017771 0.155080
0 144 0.351373 0.465241 0.009693 0.171123
