0 64 0.444265 0.451872 0.024233 0.077540
0 81 0.361874 0.441176 0.059774 0.157754
0 114 0.629241 0.454545 0.047658 0.473262
0 115 0.701131 0.454545 0.069467 0.475936
0 116 0.110662 0.475936 0.053312 0.427807
0 139 0.370759 0.454545 0.025848 0.256684
0 140 0.561389 0.449198 0.024233 0.192513
0 143 0.743134 0.427807 0.027464 0.294118
0 141 0.911955 0.403743 0.041195 0.334225
0 142 0.802100 0.411765 0.029887 0.272727
0 108 0.388530 0.473262 0.013732 0.149733
0 144 0.360258 0.473262 0.016155 0.160428
