0 64 0.451535 0.457219 0.021809 0.061497
0 81 0.373183 0.443850 0.049273 0.152406
0 114 0.626817 0.467914 0.043619 0.500000
0 115 0.703554 0.449198 0.060582 0.518717
0 116 0.172859 0.451872 0.057351 0.451872
0 139 0.446688 0.454545 0.033118 0.240642
0 140 0.584006 0.449198 0.018578 0.192513
0 143 0.802100 0.433155 0.040388 0.280749
0 141 0.918417 0.406417 0.049273 0.299465
0 142 0.768982 0.422460 0.026656 0.243316
0 108 0.416801 0.473262 0.015347 0.128342
0 144 0.400646 0.475936 0.012924 0.120321
