0 64 0.453958 0.457219 0.014540 0.061497
0 81 0.375606 0.446524 0.048465 0.149733
0 114 0.624394 0.459893 0.055735 0.494652
0 115 0.701131 0.433155 0.067044 0.516043
0 116 0.171244 0.457219 0.065428 0.473262
0 139 0.465267 0.451872 0.018578 0.240642
0 140 0.584006 0.446524 0.023425 0.195187
0 143 0.838449 0.430481 0.029887 0.168449
0 141 0.923263 0.403743 0.032310 0.286096
0 142 0.763328 0.422460 0.023425 0.237968
0 108 0.423263 0.470588 0.012924 0.122995
0 144 0.407108 0.475936 0.011309 0.085561
