0 64 0.454766 0.462567 0.021002 0.061497
0 81 0.378029 0.451872 0.050889 0.144385
0 114 0.619548 0.465241 0.056543 0.516043
0 115 0.693861 0.449198 0.075929 0.529412
0 116 0.169628 0.470588 0.057351 0.478610
0 139 0.475767 0.462567 0.033926 0.232620
0 140 0.584006 0.454545 0.022617 0.195187
0 143 0.856220 0.422460 0.029887 0.296791
0 141 0.915994 0.411765 0.055735 0.280749
0 142 0.754443 0.427807 0.024233 0.232620
0 108 0.428918 0.473262 0.012116 0.117647
0 144 0.414378 0.475936 0.012924 0.125668
