0 64 0.433764 0.457219 0.025848 0.080214
0 81 0.351373 0.443850 0.058966 0.168449
0 114 0.622779 0.473262 0.040388 0.451872
0 115 0.686591 0.459893 0.054120 0.446524
0 116 0.033926 0.473262 0.066236 0.433155
0 139 0.323102 0.459893 0.023425 0.270053
0 140 0.542003 0.462567 0.021002 0.184492
0 143 0.713247 0.446524 0.025040 0.280749
0 141 0.899031 0.398396 0.033118 0.368984
0 142 0.809370 0.417112 0.031502 0.294118
0 108 0.364297 0.473262 0.019386 0.176471
0 144 0.341680 0.478610 0.016155 0.176471
