0 64 0.450727 0.454545 0.022617 0.069519
0 81 0.370759 0.443850 0.057351 0.155080
0 114 0.630048 0.475936 0.065428 0.486631
0 115 0.707593 0.454545 0.071890 0.505348
0 116 0.159128 0.451872 0.058158 0.443850
0 139 0.420840 0.454545 0.034733 0.248663
0 140 0.579160 0.451872 0.024233 0.192513
0 143 0.777868 0.438503 0.054120 0.291444
0 141 0.923263 0.401070 0.030695 0.232620
0 142 0.785945 0.422460 0.025040 0.254011
0 108 0.407916 0.478610 0.012924 0.117647
0 144 0.388530 0.475936 0.012116 0.141711
