0 64 0.450727 0.454545 0.022617 0.069519
0 81 0.369952 0.443850 0.054120 0.155080
0 114 0.633279 0.470588 0.064620 0.486631
0 115 0.711632 0.443850 0.062197 0.494652
0 116 0.153473 0.454545 0.064620 0.438503
0 139 0.420032 0.451872 0.031502 0.251337
0 140 0.578352 0.449198 0.021002 0.192513
0 143 0.779483 0.427807 0.050081 0.307487
0 141 0.923263 0.398396 0.035541 0.245989
0 142 0.792407 0.422460 0.023425 0.259358
0 108 0.404685 0.478610 0.015347 0.117647
0 144 0.386107 0.470588 0.013732 0.144385
