0 64 0.454766 0.459893 0.017771 0.061497
0 81 0.377221 0.446524 0.051696 0.149733
0 114 0.623586 0.470588 0.054927 0.510695
0 115 0.699515 0.441176 0.073506 0.518717
0 116 0.170436 0.451872 0.064620 0.470588
0 139 0.471729 0.451872 0.020194 0.243316
0 140 0.584006 0.451872 0.024233 0.195187
0 143 0.846527 0.433155 0.051696 0.286096
0 141 0.919225 0.403743 0.049273 0.291444
0 142 0.760905 0.422460 0.023425 0.237968
0 108 0.425687 0.481283 0.012116 0.112299
0 144 0.408724 0.475936 0.012116 0.104278
