0 64 0.425687 0.457219 0.028271 0.093583
0 81 0.331179 0.443850 0.067044 0.165775
0 114 0.600162 0.473262 0.038772 0.411765
0 115 0.668821 0.454545 0.046042 0.427807
0 139 0.260097 0.467914 0.035541 0.275401
0 140 0.519386 0.462567 0.019386 0.192513
0 143 0.669628 0.443850 0.014540 0.272727
0 141 0.879645 0.417112 0.069467 0.379679
0 142 0.819871 0.422460 0.034733 0.315508
0 108 0.337641 0.478610 0.022617 0.189840
0 144 0.310178 0.473262 0.022617 0.200535
0 161 0.917609 0.411765 0.066236 0.358289
