0 64 0.423263 0.457219 0.030695 0.093583
0 81 0.328756 0.441176 0.067044 0.171123
0 114 0.593700 0.473262 0.036349 0.425134
0 115 0.663166 0.459893 0.050081 0.425134
0 139 0.247981 0.465241 0.037964 0.278075
0 140 0.512924 0.465241 0.020194 0.187166
0 143 0.658320 0.443850 0.018578 0.272727
0 141 0.878029 0.417112 0.042811 0.390374
0 142 0.827141 0.422460 0.033118 0.312834
0 108 0.330372 0.475936 0.022617 0.203209
0 144 0.303716 0.473262 0.025040 0.184492
0 161 0.925687 0.401070 0.037157 0.350267
