0 64 0.424071 0.457219 0.030695 0.093583
0 81 0.330372 0.441176 0.067044 0.171123
0 114 0.598546 0.470588 0.034733 0.422460
0 115 0.666397 0.462567 0.046850 0.422460
0 139 0.252019 0.470588 0.038772 0.275401
0 140 0.516155 0.467914 0.019386 0.187166
0 143 0.667205 0.441176 0.013732 0.125668
0 141 0.878029 0.411765 0.057351 0.393048
0 142 0.823102 0.422460 0.033118 0.296791
0 108 0.333603 0.478610 0.022617 0.192513
0 144 0.306947 0.475936 0.025848 0.195187
0 161 0.928110 0.406417 0.050081 0.358289
