0 64 0.453958 0.454545 0.019386 0.064171
0 81 0.372375 0.443850 0.054927 0.152406
0 114 0.626010 0.459893 0.046850 0.483957
0 115 0.704362 0.435829 0.059774 0.508021
0 116 0.168013 0.459893 0.051696 0.451872
0 139 0.439418 0.449198 0.022617 0.248663
0 140 0.581583 0.446524 0.019386 0.195187
0 143 0.802100 0.433155 0.043619 0.291444
0 141 0.919225 0.401070 0.046042 0.304813
0 142 0.777060 0.422460 0.024233 0.245989
0 108 0.412763 0.478610 0.017771 0.125668
0 144 0.396607 0.470588 0.012924 0.117647
