0 64 0.455574 0.462567 0.020194 0.061497
0 81 0.378029 0.451872 0.051696 0.147059
0 114 0.619548 0.462567 0.051696 0.510695
0 115 0.693053 0.435829 0.062197 0.524064
0 116 0.166397 0.465241 0.059774 0.481283
0 139 0.481422 0.457219 0.029887 0.232620
0 140 0.584814 0.457219 0.020194 0.192513
0 143 0.861874 0.430481 0.057351 0.283422
0 141 0.915994 0.406417 0.050081 0.283422
0 142 0.750404 0.427807 0.022617 0.227273
0 108 0.432149 0.478610 0.012116 0.114973
0 144 0.418417 0.473262 0.012116 0.114973
