0 64 0.438611 0.451872 0.025040 0.080214
0 81 0.361066 0.441176 0.054927 0.160428
0 114 0.629241 0.465241 0.046042 0.467914
0 115 0.694669 0.443850 0.054120 0.462567
0 116 0.071082 0.457219 0.067044 0.441176
0 139 0.340872 0.465241 0.041195 0.254011
0 140 0.553312 0.451872 0.018578 0.192513
0 143 0.726979 0.441176 0.034733 0.286096
0 141 0.899031 0.409091 0.062197 0.344920
0 142 0.806947 0.414439 0.029079 0.286096
0 108 0.374798 0.478610 0.019386 0.165775
0 144 0.346527 0.491979 0.017771 0.147059
