0 64 0.449111 0.454545 0.022617 0.072193
0 81 0.366721 0.441176 0.058966 0.160428
0 114 0.635703 0.467914 0.045234 0.483957
0 115 0.710016 0.457219 0.058966 0.478610
0 116 0.135703 0.451872 0.054120 0.433155
0 139 0.391761 0.459893 0.033926 0.248663
0 140 0.573506 0.451872 0.021809 0.189840
0 143 0.758481 0.443850 0.048465 0.291444
0 141 0.916801 0.398396 0.042003 0.336898
0 142 0.798061 0.417112 0.029887 0.270053
0 108 0.396607 0.505348 0.002423 0.032086
0 144 0.372375 0.475936 0.019386 0.149733
