0 64 0.432149 0.457219 0.026656 0.082888
0 81 0.348142 0.443850 0.059774 0.176471
0 114 0.617932 0.470588 0.045234 0.451872
0 115 0.681745 0.449198 0.049273 0.446524
0 116 0.025040 0.465241 0.052504 0.435829
0 139 0.311793 0.462567 0.027464 0.267380
0 140 0.537157 0.457219 0.018578 0.192513
0 143 0.709208 0.446524 0.025848 0.283422
0 141 0.895800 0.395722 0.034733 0.366310
0 142 0.809370 0.417112 0.031502 0.294118
0 108 0.359451 0.475936 0.021002 0.176471
0 144 0.336026 0.475936 0.017771 0.181818
