0 64 0.420840 0.443850 0.033118 0.101604
0 81 0.327948 0.427807 0.063813 0.176471
0 114 0.583199 0.454545 0.041195 0.414439
0 115 0.648627 0.438503 0.056543 0.406417
0 139 0.207593 0.451872 0.043619 0.294118
0 140 0.504847 0.451872 0.015347 0.187166
0 143 0.634895 0.427807 0.029079 0.280749
0 141 0.882068 0.393048 0.057351 0.422460
0 142 0.846527 0.401070 0.037157 0.336898
0 108 0.309370 0.459893 0.029079 0.221925
0 144 0.284330 0.467914 0.024233 0.168449
0 161 0.904685 0.377005 0.038772 0.352941
