0 64 0.456381 0.454545 0.016963 0.064171
0 81 0.373183 0.443850 0.057351 0.152406
0 114 0.626010 0.465241 0.043619 0.500000
0 115 0.703554 0.438503 0.058966 0.505348
0 116 0.170436 0.451872 0.052504 0.454545
0 139 0.442649 0.451872 0.027464 0.240642
0 140 0.581583 0.446524 0.021002 0.195187
0 143 0.802908 0.435829 0.034733 0.280749
0 141 0.918417 0.403743 0.052504 0.307487
0 142 0.771405 0.422460 0.026656 0.245989
0 108 0.415186 0.475936 0.016155 0.122995
0 144 0.398223 0.475936 0.013732 0.098930
