0 64 0.449919 0.451872 0.022617 0.072193
0 81 0.368336 0.441176 0.057351 0.157754
0 114 0.637318 0.465241 0.049273 0.483957
0 115 0.713247 0.457219 0.056543 0.491979
0 116 0.141357 0.457219 0.063005 0.441176
0 139 0.399838 0.454545 0.027464 0.251337
0 140 0.575121 0.449198 0.020194 0.192513
0 143 0.764943 0.438503 0.036349 0.294118
0 141 0.914378 0.401070 0.042003 0.320856
0 142 0.795638 0.417112 0.029079 0.267380
0 108 0.398223 0.467914 0.008885 0.064171
0 144 0.375606 0.470588 0.018578 0.149733
