0 64 0.430533 0.457219 0.027464 0.082888
0 81 0.344911 0.443850 0.061389 0.165775
0 114 0.613893 0.457219 0.044426 0.446524
0 115 0.676898 0.449198 0.054927 0.449198
0 116 0.013732 0.467914 0.058158 0.441176
0 139 0.302100 0.467914 0.033926 0.264706
0 140 0.531502 0.459893 0.021809 0.192513
0 143 0.700323 0.438503 0.023425 0.280749
0 141 0.886914 0.395722 0.047658 0.374332
0 142 0.810178 0.417112 0.033118 0.294118
0 108 0.357027 0.478610 0.020194 0.171123
0 144 0.329564 0.470588 0.019386 0.187166
