0 64 0.436995 0.454545 0.025848 0.080214
0 81 0.355412 0.441176 0.058158 0.163102
0 114 0.626817 0.457219 0.039580 0.462567
0 115 0.693053 0.451872 0.052504 0.459893
0 116 0.056543 0.473262 0.075121 0.430481
0 139 0.337641 0.462567 0.037964 0.259358
0 140 0.550081 0.457219 0.017771 0.189840
0 143 0.721325 0.435829 0.025848 0.275401
0 141 0.901454 0.398396 0.052504 0.360963
0 142 0.806139 0.417112 0.031502 0.288770
0 108 0.371567 0.475936 0.019386 0.173797
0 144 0.350565 0.473262 0.012924 0.171123
