0 64 0.429725 0.457219 0.027464 0.085561
0 81 0.343296 0.443850 0.061389 0.165775
0 114 0.610662 0.465241 0.046850 0.438503
0 115 0.674475 0.457219 0.062197 0.443850
0 116 0.001616 0.473262 0.050889 0.433155
0 139 0.294023 0.467914 0.037964 0.267380
0 140 0.529079 0.462567 0.021002 0.189840
0 143 0.687399 0.438503 0.027464 0.090909
0 141 0.872375 0.403743 0.066236 0.379679
0 142 0.812601 0.419786 0.030695 0.294118
0 108 0.352989 0.481283 0.021809 0.168449
0 144 0.324717 0.475936 0.021809 0.189840
0 161 0.942649 0.401070 0.057351 0.352941
