0 64 0.442649 0.454545 0.024233 0.072193
0 81 0.359451 0.441176 0.060582 0.157754
0 114 0.629241 0.465241 0.054927 0.465241
0 115 0.698708 0.459893 0.064620 0.473262
0 116 0.098546 0.467914 0.055735 0.430481
0 139 0.365913 0.454545 0.021809 0.259358
0 140 0.557351 0.449198 0.025848 0.192513
0 143 0.735864 0.435829 0.034733 0.291444
0 141 0.903069 0.403743 0.054120 0.336898
0 142 0.802908 0.411765 0.030695 0.275401
0 108 0.384491 0.473262 0.013732 0.165775
0 144 0.355412 0.470588 0.013732 0.168449
