0 64 0.419225 0.443850 0.033926 0.098930
0 81 0.329564 0.427807 0.062197 0.176471
0 114 0.584814 0.446524 0.037157 0.422460
0 115 0.649435 0.446524 0.059774 0.409091
0 139 0.214055 0.449198 0.038772 0.294118
0 140 0.504847 0.457219 0.016963 0.187166
0 143 0.642973 0.427807 0.019386 0.280749
0 141 0.876414 0.401070 0.067851 0.414439
0 142 0.841680 0.403743 0.035541 0.334225
0 108 0.313409 0.467914 0.028271 0.211230
0 144 0.289984 0.462567 0.024233 0.219251
0 161 0.901454 0.385027 0.050081 0.350267
