0 64 0.445880 0.454545 0.024233 0.072193
0 81 0.363489 0.441176 0.059774 0.168449
0 114 0.631664 0.446524 0.042811 0.475936
0 115 0.702746 0.449198 0.065428 0.478610
0 116 0.121163 0.467914 0.051696 0.430481
0 139 0.377221 0.459893 0.033926 0.251337
0 140 0.564620 0.449198 0.021002 0.192513
0 143 0.750404 0.433155 0.028271 0.288770
0 141 0.913570 0.395722 0.045234 0.339572
0 142 0.800485 0.411765 0.030695 0.275401
0 108 0.392569 0.473262 0.012924 0.064171
0 144 0.365913 0.470588 0.017771 0.160428
