0 64 0.450727 0.454545 0.022617 0.069519
0 81 0.369952 0.441176 0.050081 0.157754
0 114 0.634895 0.457219 0.058966 0.483957
0 115 0.713247 0.441176 0.057351 0.502674
0 116 0.148627 0.457219 0.070275 0.443850
0 139 0.415994 0.449198 0.026656 0.254011
0 140 0.579160 0.446524 0.020194 0.195187
0 143 0.779483 0.438503 0.037157 0.291444
0 141 0.924879 0.401070 0.037157 0.248663
0 142 0.794830 0.419786 0.023425 0.262032
0 108 0.402262 0.475936 0.013732 0.125668
0 144 0.380452 0.470588 0.016963 0.144385
