0 64 0.455574 0.462567 0.020194 0.061497
0 81 0.378837 0.451872 0.050081 0.144385
0 114 0.619548 0.459893 0.049273 0.516043
0 115 0.693053 0.435829 0.067851 0.534759
0 116 0.165590 0.470588 0.058966 0.473262
0 139 0.474152 0.459893 0.037157 0.232620
0 140 0.584814 0.451872 0.021002 0.197861
0 143 0.864297 0.422460 0.032310 0.288770
0 141 0.920840 0.403743 0.047658 0.283422
0 142 0.752827 0.427807 0.023425 0.229947
0 108 0.429725 0.473262 0.012924 0.125668
0 144 0.416801 0.475936 0.012116 0.104278
