0 64 0.457189 0.465241 0.019386 0.056150
0 81 0.380452 0.454545 0.049273 0.141711
0 114 0.621163 0.457219 0.054927 0.521390
0 115 0.694669 0.441176 0.061389 0.542781
0 116 0.162359 0.473262 0.067851 0.486631
0 139 0.502423 0.465241 0.033926 0.224599
0 140 0.586430 0.459893 0.023425 0.192513
0 143 0.892569 0.422460 0.035541 0.286096
0 141 0.920032 0.409091 0.029079 0.272727
0 142 0.735057 0.433155 0.024233 0.141711
0 108 0.434572 0.478610 0.012924 0.117647
0 144 0.423263 0.475936 0.010501 0.117647
