0 64 0.427302 0.457219 0.027464 0.088235
0 81 0.334410 0.443850 0.067044 0.165775
0 114 0.606624 0.486631 0.054120 0.430481
0 115 0.671244 0.454545 0.057351 0.435829
0 116 0.000000 0.489305 0.029887 0.414439
0 139 0.283522 0.459893 0.025040 0.275401
0 140 0.524233 0.465241 0.021002 0.187166
0 143 0.670436 0.449198 0.022617 0.267380
0 141 0.875606 0.417112 0.073506 0.377005
0 142 0.817447 0.425134 0.031502 0.299465
0 108 0.345719 0.473262 0.021002 0.184492
0 144 0.318255 0.475936 0.020194 0.192513
0 161 0.949111 0.406417 0.031502 0.358289
