0 64 0.434572 0.457219 0.026656 0.080214
0 81 0.353796 0.441176 0.057351 0.165775
0 114 0.625202 0.462567 0.038772 0.457219
0 115 0.688207 0.459893 0.054120 0.454545
0 116 0.044426 0.478610 0.076737 0.433155
0 139 0.333603 0.459893 0.028271 0.264706
0 140 0.546042 0.462567 0.019386 0.184492
0 143 0.716478 0.438503 0.028271 0.152406
0 141 0.900646 0.398396 0.044426 0.363636
0 142 0.806947 0.417112 0.031502 0.286096
0 108 0.367528 0.473262 0.019386 0.163102
0 144 0.343296 0.473262 0.018578 0.187166
