0 64 0.450727 0.451872 0.022617 0.072193
0 81 0.369144 0.441176 0.059774 0.157754
0 114 0.635703 0.457219 0.044426 0.483957
0 115 0.714863 0.451872 0.054120 0.500000
0 116 0.144588 0.459893 0.069467 0.443850
0 139 0.407916 0.449198 0.021809 0.256684
0 140 0.578352 0.446524 0.019386 0.195187
0 143 0.773829 0.433155 0.025848 0.304813
0 141 0.926494 0.401070 0.037964 0.251337
0 142 0.797254 0.419786 0.024233 0.264706
0 108 0.400646 0.473262 0.010501 0.061497
0 144 0.378837 0.470588 0.017771 0.149733
