0 64 0.453150 0.454545 0.020194 0.064171
0 81 0.371567 0.443850 0.058158 0.152406
0 114 0.626817 0.454545 0.053312 0.494652
0 115 0.704362 0.441176 0.067851 0.513369
0 116 0.167205 0.467914 0.049273 0.449198
0 139 0.434572 0.449198 0.022617 0.248663
0 140 0.578352 0.446524 0.024233 0.195187
0 143 0.801292 0.433155 0.024233 0.291444
0 141 0.920840 0.398396 0.038772 0.299465
0 142 0.777060 0.422460 0.028271 0.248663
0 108 0.411955 0.475936 0.013732 0.131016
0 144 0.394184 0.470588 0.012116 0.136364
