0 64 0.453150 0.457219 0.021002 0.061497
0 81 0.374798 0.443850 0.052504 0.149733
0 114 0.626010 0.459893 0.045234 0.505348
0 115 0.702746 0.443850 0.060582 0.526738
0 116 0.174475 0.465241 0.061389 0.459893
0 139 0.449919 0.459893 0.033118 0.232620
0 140 0.584006 0.446524 0.019386 0.195187
0 143 0.822294 0.425134 0.025848 0.187166
0 141 0.915994 0.401070 0.044426 0.299465
0 142 0.768174 0.422460 0.024233 0.240642
0 108 0.419225 0.470588 0.014540 0.133690
0 144 0.402262 0.470588 0.014540 0.096257
