0 64 0.455574 0.462567 0.021002 0.058824
0 81 0.378837 0.451872 0.050081 0.147059
0 114 0.620355 0.470588 0.049273 0.529412
0 115 0.693053 0.446524 0.062197 0.537433
0 116 0.166397 0.457219 0.059774 0.475936
0 139 0.492730 0.454545 0.018578 0.235294
0 140 0.586430 0.457219 0.020194 0.195187
0 143 0.860258 0.433155 0.059774 0.278075
0 141 0.915994 0.401070 0.040388 0.286096
0 142 0.747981 0.430481 0.017771 0.219251
0 108 0.432956 0.481283 0.012116 0.101604
0 144 0.419225 0.478610 0.012116 0.090909
