0 64 0.457997 0.465241 0.019386 0.056150
0 81 0.380452 0.451872 0.049273 0.147059
0 114 0.621163 0.465241 0.056543 0.534759
0 115 0.693053 0.443850 0.069467 0.532086
0 116 0.158320 0.465241 0.070275 0.489305
0 139 0.506462 0.459893 0.030695 0.227273
0 140 0.585622 0.462567 0.025848 0.192513
0 143 0.889338 0.430481 0.059774 0.275401
0 141 0.918417 0.403743 0.034733 0.259358
0 142 0.731826 0.433155 0.025040 0.139037
0 108 0.436187 0.475936 0.012924 0.120321
0 144 0.424071 0.473262 0.011309 0.101604
