0 64 0.422456 0.454545 0.031502 0.093583
0 81 0.325525 0.435829 0.068659 0.171123
0 114 0.592084 0.478610 0.037964 0.419786
0 115 0.660743 0.449198 0.042811 0.411765
0 139 0.244750 0.462567 0.029887 0.278075
0 140 0.509693 0.462567 0.018578 0.189840
0 143 0.649435 0.449198 0.024233 0.262032
0 141 0.878837 0.411765 0.044426 0.403743
0 142 0.830372 0.422460 0.033926 0.320856
0 108 0.325525 0.465241 0.024233 0.211230
0 144 0.301292 0.467914 0.023425 0.176471
0 161 0.919225 0.401070 0.042811 0.355615
