0 64 0.454766 0.459893 0.021002 0.061497
0 81 0.376414 0.451872 0.050889 0.147059
0 114 0.621971 0.473262 0.057351 0.513369
0 115 0.696284 0.451872 0.077544 0.526738
0 116 0.170436 0.457219 0.059774 0.462567
0 139 0.474960 0.457219 0.029079 0.237968
0 140 0.583199 0.454545 0.027464 0.195187
0 143 0.851373 0.425134 0.038772 0.291444
0 141 0.920032 0.403743 0.050889 0.291444
0 142 0.756866 0.427807 0.024233 0.232620
0 108 0.427302 0.481283 0.012116 0.112299
0 144 0.411955 0.478610 0.012924 0.122995
