0 64 0.451535 0.454545 0.021809 0.066845
0 81 0.371567 0.441176 0.056543 0.155080
0 114 0.627625 0.465241 0.063005 0.491979
0 115 0.705170 0.454545 0.073506 0.502674
0 116 0.164782 0.457219 0.050081 0.451872
0 139 0.421648 0.454545 0.035541 0.245989
0 140 0.579968 0.449198 0.023425 0.195187
0 143 0.790792 0.435829 0.037157 0.294118
0 141 0.923263 0.398396 0.026656 0.229947
0 142 0.782714 0.422460 0.025848 0.254011
0 108 0.408724 0.475936 0.013732 0.120321
0 144 0.392569 0.473262 0.011309 0.125668
