0 64 0.420840 0.446524 0.032310 0.098930
0 81 0.331179 0.427807 0.061389 0.176471
0 114 0.587237 0.449198 0.034733 0.417112
0 115 0.651858 0.449198 0.054120 0.411765
0 139 0.223748 0.451872 0.034733 0.286096
0 140 0.505654 0.459893 0.017771 0.184492
0 143 0.650242 0.441176 0.018578 0.272727
0 141 0.869952 0.406417 0.066236 0.406417
0 142 0.837641 0.411765 0.035541 0.334225
0 108 0.316640 0.465241 0.027464 0.211230
0 144 0.293215 0.462567 0.023425 0.235294
0 161 0.909532 0.403743 0.051696 0.352941
