0 64 0.425687 0.457219 0.029079 0.090909
0 81 0.331179 0.443850 0.068659 0.168449
0 114 0.603393 0.486631 0.050889 0.422460
0 115 0.670436 0.451872 0.046850 0.427807
0 139 0.275444 0.462567 0.024233 0.278075
0 140 0.521809 0.465241 0.018578 0.189840
0 143 0.671244 0.449198 0.016155 0.267380
0 141 0.882068 0.414439 0.064620 0.382353
0 142 0.819063 0.425134 0.031502 0.307487
0 108 0.341680 0.475936 0.021002 0.192513
0 144 0.314216 0.475936 0.021002 0.195187
0 161 0.932956 0.409091 0.050081 0.358289
