0 64 0.456381 0.465241 0.020194 0.056150
0 81 0.379645 0.451872 0.050081 0.144385
0 114 0.621971 0.459893 0.047658 0.526738
0 115 0.694669 0.451872 0.059774 0.548128
0 116 0.163166 0.467914 0.067044 0.491979
0 139 0.500000 0.462567 0.032310 0.227273
0 140 0.587237 0.459893 0.020194 0.189840
0 143 0.887722 0.422460 0.025040 0.286096
0 141 0.921648 0.401070 0.024233 0.280749
0 142 0.743134 0.430481 0.017771 0.224599
0 108 0.436995 0.478610 0.009693 0.109626
0 144 0.422456 0.475936 0.012116 0.117647
