0 64 0.421648 0.451872 0.032310 0.096257
0 81 0.324717 0.433155 0.068659 0.171123
0 114 0.589661 0.465241 0.037964 0.419786
0 115 0.652666 0.446524 0.049273 0.417112
0 139 0.234249 0.454545 0.029887 0.283422
0 140 0.507270 0.462567 0.018578 0.187166
0 143 0.647011 0.446524 0.025040 0.264706
0 141 0.871567 0.411765 0.056543 0.403743
0 142 0.833603 0.419786 0.035541 0.310160
0 108 0.322294 0.465241 0.025040 0.213904
0 144 0.298061 0.459893 0.021809 0.179144
0 161 0.915994 0.403743 0.046042 0.355615
