0 64 0.389338 0.441176 0.065428 0.187166
0 81 0.305331 0.425134 0.079160 0.197861
0 114 0.507270 0.438503 0.033926 0.288770
0 115 0.550081 0.430481 0.029079 0.288770
0 139 0.204362 0.462567 0.030695 0.237968
0 140 0.483037 0.446524 0.018578 0.165775
0 143 0.537964 0.449198 0.028271 0.237968
0 141 0.750404 0.414439 0.061389 0.486631
0 142 0.940226 0.379679 0.049273 0.393048
0 108 0.117124 0.481283 0.057351 0.451872
0 144 0.075121 0.470588 0.052504 0.227273
0 161 0.665590 0.409091 0.033926 0.291444
0 162 0.899031 0.422460 0.059774 0.465241
