0 64 0.386914 0.441176 0.066236 0.189840
0 81 0.305331 0.425134 0.078352 0.197861
0 114 0.504847 0.446524 0.029079 0.278075
0 115 0.547658 0.425134 0.029079 0.291444
0 139 0.207593 0.462567 0.029079 0.232620
0 140 0.486268 0.451872 0.016155 0.160428
0 143 0.538772 0.451872 0.027464 0.237968
0 141 0.741519 0.414439 0.047658 0.483957
0 142 0.935380 0.385027 0.054120 0.385027
0 108 0.109047 0.491979 0.063813 0.489305
0 144 0.071082 0.473262 0.064620 0.409091
0 161 0.660743 0.403743 0.025040 0.296791
0 162 0.888530 0.427807 0.054120 0.459893
