0 64 0.364297 0.441176 0.084006 0.224599
0 81 0.305331 0.425134 0.075929 0.197861
0 114 0.478191 0.449198 0.028271 0.256684
0 115 0.541195 0.441176 0.032310 0.254011
0 139 0.227787 0.457219 0.030695 0.219251
0 143 0.516963 0.454545 0.017771 0.232620
0 141 0.689822 0.425134 0.046850 0.465241
0 142 0.936187 0.385027 0.053312 0.385027
0 108 0.034733 0.478610 0.089661 0.521390
0 144 0.000000 0.470588 0.071082 0.510695
0 161 0.617124 0.419786 0.025040 0.264706
0 162 0.794023 0.438503 0.058966 0.411765
