0 64 0.352181 0.441176 0.092892 0.237968
0 81 0.305331 0.425134 0.075121 0.197861
0 114 0.470921 0.454545 0.028271 0.245989
0 115 0.536349 0.435829 0.035541 0.248663
0 139 0.239903 0.454545 0.022617 0.213904
0 143 0.512116 0.462567 0.019386 0.221925
0 141 0.659935 0.438503 0.071082 0.451872
0 142 0.935380 0.382353 0.054120 0.387701
0 108 0.003231 0.494652 0.095315 0.505348
0 144 0.000000 0.483957 0.040388 0.516043
0 161 0.592892 0.425134 0.037157 0.256684
0 162 0.755250 0.443850 0.064620 0.403743
