0 64 0.395800 0.441176 0.059774 0.179144
0 81 0.305331 0.425134 0.079160 0.197861
0 114 0.517771 0.443850 0.029887 0.299465
0 115 0.557351 0.422460 0.039580 0.296791
0 139 0.195477 0.454545 0.030695 0.248663
0 140 0.483845 0.449198 0.016963 0.168449
0 143 0.550081 0.446524 0.016155 0.245989
0 141 0.763328 0.419786 0.084814 0.483957
0 142 0.933764 0.385027 0.053312 0.136364
0 108 0.138126 0.475936 0.057351 0.411765
0 144 0.098546 0.470588 0.047658 0.299465
0 161 0.683360 0.409091 0.036349 0.302139
0 162 0.928918 0.427807 0.071082 0.467914
