0 64 0.423263 0.446524 0.035541 0.109626
0 81 0.322294 0.427807 0.071082 0.184492
0 114 0.584814 0.449198 0.033926 0.411765
0 115 0.654281 0.441176 0.046850 0.403743
0 139 0.197900 0.449198 0.034733 0.296791
0 140 0.504039 0.459893 0.016963 0.187166
0 143 0.630048 0.435829 0.021002 0.280749
0 141 0.878029 0.398396 0.067851 0.459893
0 142 0.873183 0.403743 0.036349 0.302139
0 108 0.294830 0.467914 0.028271 0.235294
0 144 0.268982 0.465241 0.026656 0.163102
0 161 0.897415 0.395722 0.012116 0.064171
