0 64 0.403069 0.443850 0.052504 0.160428
0 81 0.305331 0.427807 0.079160 0.197861
0 114 0.531502 0.443850 0.035541 0.326203
0 115 0.571890 0.422460 0.031502 0.320856
0 139 0.193861 0.451872 0.025040 0.152406
0 140 0.479806 0.451872 0.020194 0.173797
0 143 0.558966 0.443850 0.019386 0.254011
0 141 0.812601 0.409091 0.088853 0.505348
0 142 0.933764 0.385027 0.054120 0.382353
0 108 0.165590 0.481283 0.050889 0.371658
0 144 0.130856 0.473262 0.042811 0.270053
0 161 0.716478 0.395722 0.046042 0.328877
