0 64 0.379645 0.441176 0.073506 0.200535
0 81 0.305331 0.425134 0.079160 0.197861
0 114 0.495153 0.443850 0.025848 0.272727
0 115 0.543619 0.435829 0.032310 0.275401
0 139 0.214863 0.459893 0.030695 0.229947
0 143 0.526656 0.451872 0.021809 0.237968
0 141 0.718094 0.422460 0.071082 0.478610
0 142 0.935380 0.382353 0.054120 0.390374
0 108 0.081583 0.470588 0.072698 0.508021
0 144 0.048465 0.462567 0.064620 0.451872
0 161 0.638934 0.409091 0.037964 0.286096
0 162 0.848142 0.438503 0.070275 0.443850
