0 64 0.409532 0.438503 0.046042 0.144385
0 81 0.305331 0.419786 0.079160 0.197861
0 114 0.550081 0.435829 0.042811 0.363636
0 115 0.592892 0.419786 0.046850 0.352941
0 139 0.168013 0.451872 0.034733 0.117647
0 140 0.483845 0.446524 0.017771 0.179144
0 143 0.579968 0.425134 0.016963 0.270053
0 141 0.870759 0.385027 0.048465 0.524064
0 142 0.935380 0.377005 0.054120 0.385027
0 108 0.197900 0.470588 0.045234 0.334225
0 144 0.161551 0.467914 0.039580 0.288770
0 161 0.780291 0.379679 0.035541 0.350267
