0 64 0.410339 0.438503 0.046850 0.141711
0 81 0.305331 0.419786 0.079160 0.197861
0 114 0.554120 0.427807 0.036349 0.374332
0 115 0.600162 0.425134 0.046042 0.358289
0 139 0.166397 0.457219 0.018578 0.165775
0 140 0.484653 0.446524 0.017771 0.184492
0 143 0.584006 0.430481 0.021002 0.264706
0 141 0.877221 0.382353 0.063813 0.524064
0 142 0.934572 0.377005 0.055735 0.385027
0 108 0.204362 0.467914 0.042003 0.334225
0 144 0.170436 0.467914 0.036349 0.243316
0 161 0.781099 0.385027 0.062197 0.350267
