0 64 0.421648 0.443850 0.033118 0.104278
0 81 0.327948 0.427807 0.063813 0.179144
0 114 0.583199 0.457219 0.043619 0.414439
0 115 0.651858 0.425134 0.045234 0.401070
0 139 0.205170 0.451872 0.040388 0.294118
0 140 0.503231 0.451872 0.017771 0.189840
0 143 0.630856 0.438503 0.028271 0.259358
0 141 0.882068 0.377005 0.044426 0.446524
0 142 0.851373 0.398396 0.037157 0.350267
0 108 0.304523 0.465241 0.027464 0.227273
0 144 0.279483 0.459893 0.025040 0.173797
0 161 0.891761 0.379679 0.045234 0.350267
