0 64 0.356220 0.441176 0.090468 0.235294
0 81 0.305331 0.425134 0.075121 0.200535
0 114 0.472536 0.459893 0.029887 0.243316
0 115 0.537964 0.433155 0.034733 0.251337
0 139 0.235864 0.459893 0.026656 0.216578
0 143 0.512924 0.454545 0.018578 0.229947
0 141 0.664782 0.435829 0.066236 0.454545
0 142 0.936187 0.382353 0.053312 0.390374
0 108 0.014540 0.489305 0.088853 0.510695
0 144 0.000000 0.475936 0.051696 0.524064
0 161 0.605008 0.419786 0.029079 0.262032
0 162 0.775444 0.435829 0.051696 0.411765
