0 64 0.424879 0.446524 0.034733 0.109626
0 81 0.322294 0.427807 0.071890 0.184492
0 114 0.585622 0.451872 0.037157 0.411765
0 115 0.651858 0.435829 0.046042 0.393048
0 139 0.193861 0.457219 0.036349 0.291444
0 140 0.502423 0.454545 0.018578 0.187166
0 143 0.621163 0.435829 0.031502 0.280749
0 141 0.877221 0.406417 0.079968 0.462567
0 142 0.880452 0.409091 0.037157 0.334225
0 108 0.290792 0.465241 0.029079 0.243316
0 144 0.266559 0.462567 0.025848 0.171123
0 161 0.894184 0.390374 0.014540 0.029412
