0 64 0.424879 0.443850 0.036349 0.112299
0 81 0.321486 0.425134 0.073506 0.187166
0 114 0.584814 0.446524 0.037157 0.419786
0 115 0.649435 0.425134 0.042811 0.395722
0 139 0.189822 0.459893 0.035541 0.288770
0 140 0.501616 0.451872 0.021002 0.189840
0 143 0.619548 0.441176 0.036349 0.275401
0 141 0.882068 0.403743 0.088045 0.470588
0 142 0.887722 0.403743 0.040388 0.355615
0 108 0.286753 0.459893 0.030695 0.259358
0 144 0.262520 0.454545 0.026656 0.197861
0 161 0.889338 0.393048 0.016155 0.056150
