0 64 0.385299 0.441176 0.068659 0.192513
0 81 0.305331 0.425134 0.079160 0.197861
0 114 0.501616 0.449198 0.029887 0.272727
0 115 0.548465 0.422460 0.028271 0.288770
0 139 0.210824 0.459893 0.028271 0.229947
0 143 0.535541 0.451872 0.022617 0.237968
0 141 0.738288 0.414439 0.049273 0.486631
0 142 0.935380 0.382353 0.054120 0.382353
0 108 0.101777 0.486631 0.065428 0.491979
0 144 0.060582 0.467914 0.067851 0.425134
0 161 0.643780 0.409091 0.039580 0.291444
0 162 0.862682 0.435829 0.074313 0.451872
