0 64 0.412763 0.438503 0.044426 0.139037
0 81 0.306139 0.422460 0.079160 0.197861
0 114 0.559774 0.438503 0.039580 0.382353
0 115 0.606624 0.417112 0.043619 0.374332
0 139 0.164782 0.462567 0.029079 0.288770
0 140 0.485460 0.449198 0.020194 0.187166
0 143 0.590468 0.435829 0.023425 0.278075
0 141 0.886107 0.390374 0.086430 0.516043
0 142 0.932956 0.379679 0.054927 0.390374
0 108 0.214055 0.465241 0.040388 0.320856
0 144 0.183360 0.454545 0.035541 0.237968
0 161 0.792407 0.382353 0.059774 0.360963
