0 64 0.415994 0.441176 0.042003 0.133690
0 81 0.309370 0.422460 0.078352 0.195187
0 114 0.569467 0.438503 0.033118 0.387701
0 115 0.624394 0.427807 0.044426 0.377005
0 139 0.166397 0.454545 0.035541 0.296791
0 140 0.490307 0.451872 0.018578 0.184492
0 143 0.598546 0.433155 0.021002 0.275401
0 141 0.884491 0.403743 0.082391 0.500000
0 142 0.934572 0.387701 0.049273 0.425134
0 108 0.229402 0.470588 0.041195 0.299465
0 144 0.196284 0.465241 0.037964 0.219251
0 161 0.831179 0.390374 0.037964 0.350267
