0 64 0.408724 0.438503 0.047658 0.147059
0 81 0.305331 0.422460 0.079968 0.195187
0 114 0.548465 0.441176 0.037964 0.352941
0 115 0.592084 0.414439 0.037964 0.347594
0 139 0.179321 0.454545 0.023425 0.117647
0 140 0.483845 0.446524 0.017771 0.179144
0 143 0.575929 0.430481 0.021002 0.264706
0 141 0.859451 0.393048 0.062197 0.513369
0 142 0.935380 0.377005 0.054120 0.390374
0 108 0.193053 0.473262 0.049273 0.334225
0 144 0.157512 0.465241 0.037964 0.254011
0 161 0.768174 0.382353 0.031502 0.347594
