0 64 0.396607 0.441176 0.059774 0.173797
0 81 0.305331 0.425134 0.079160 0.197861
0 114 0.520194 0.443850 0.032310 0.302139
0 115 0.556543 0.425134 0.037964 0.299465
0 139 0.193861 0.454545 0.031502 0.251337
0 140 0.483845 0.449198 0.016963 0.171123
0 143 0.552504 0.443850 0.012924 0.240642
0 141 0.770598 0.414439 0.078352 0.486631
0 142 0.935380 0.385027 0.034733 0.144385
0 108 0.142165 0.478610 0.055735 0.403743
0 144 0.105008 0.478610 0.046850 0.286096
0 161 0.696284 0.398396 0.033118 0.312834
0 162 0.959612 0.417112 0.040388 0.486631
