0 64 0.424879 0.443850 0.037157 0.117647
0 81 0.319063 0.425134 0.075121 0.189840
0 114 0.581583 0.441176 0.045234 0.401070
0 115 0.641357 0.433155 0.054927 0.401070
0 139 0.180129 0.451872 0.037964 0.296791
0 140 0.500000 0.454545 0.022617 0.189840
0 143 0.619548 0.435829 0.024233 0.272727
0 141 0.895800 0.406417 0.087237 0.486631
0 142 0.903069 0.401070 0.047658 0.136364
0 108 0.273021 0.470588 0.038772 0.256684
0 144 0.250404 0.459893 0.027464 0.304813
0 161 0.865913 0.390374 0.038772 0.352941
