0 64 0.422456 0.446524 0.034733 0.106952
0 81 0.323910 0.427807 0.069467 0.181818
0 114 0.584814 0.449198 0.036349 0.401070
0 115 0.653473 0.435829 0.044426 0.406417
0 139 0.201939 0.449198 0.033926 0.294118
0 140 0.506462 0.459893 0.015347 0.184492
0 143 0.631664 0.433155 0.028271 0.278075
0 141 0.885299 0.395722 0.049273 0.451872
0 142 0.865913 0.403743 0.035541 0.326203
0 108 0.297254 0.467914 0.028271 0.232620
0 144 0.272213 0.457219 0.025848 0.168449
0 161 0.928918 0.663102 0.019386 0.090909
