0 64 0.420840 0.441176 0.040388 0.120321
0 81 0.315832 0.422460 0.076737 0.189840
0 114 0.577544 0.443850 0.054927 0.403743
0 115 0.637318 0.419786 0.047658 0.387701
0 139 0.172859 0.457219 0.038772 0.294118
0 140 0.498384 0.449198 0.021002 0.189840
0 143 0.609855 0.430481 0.027464 0.278075
0 141 0.899838 0.401070 0.068659 0.494652
0 142 0.924071 0.395722 0.039580 0.363636
0 108 0.260905 0.467914 0.042003 0.267380
0 144 0.233441 0.459893 0.029887 0.197861
0 161 0.865105 0.387701 0.036349 0.360963
