0 64 0.377221 0.438503 0.075121 0.208556
0 81 0.305331 0.425134 0.078352 0.197861
0 114 0.492730 0.446524 0.029079 0.267380
0 115 0.542811 0.433155 0.033118 0.275401
0 139 0.218094 0.462567 0.029079 0.224599
0 143 0.524233 0.454545 0.024233 0.232620
0 141 0.710016 0.425134 0.079160 0.475936
0 142 0.935380 0.382353 0.054120 0.395722
0 108 0.074313 0.473262 0.078352 0.508021
0 144 0.036349 0.481283 0.068659 0.438503
0 161 0.638126 0.409091 0.022617 0.280749
0 162 0.836834 0.427807 0.057351 0.433155
