0 64 0.391761 0.441176 0.063005 0.184492
0 81 0.305331 0.425134 0.079160 0.197861
0 114 0.512116 0.433155 0.024233 0.294118
0 115 0.553312 0.430481 0.027464 0.291444
0 139 0.201131 0.462567 0.033118 0.240642
0 140 0.485460 0.449198 0.015347 0.165775
0 143 0.541195 0.446524 0.016963 0.240642
0 141 0.756866 0.417112 0.070275 0.483957
0 142 0.944265 0.379679 0.046850 0.395722
0 108 0.124394 0.478610 0.055735 0.441176
0 144 0.081583 0.462567 0.052504 0.219251
0 161 0.671244 0.411765 0.039580 0.296791
0 162 0.908724 0.430481 0.076737 0.457219
