0 64 0.406300 0.446524 0.049273 0.152406
0 81 0.305331 0.427807 0.079968 0.197861
0 114 0.542811 0.435829 0.030695 0.344920
0 115 0.582391 0.433155 0.037964 0.331551
0 139 0.178514 0.465241 0.021002 0.155080
0 140 0.482229 0.454545 0.017771 0.179144
0 143 0.569467 0.451872 0.019386 0.245989
0 141 0.830372 0.411765 0.090468 0.516043
0 142 0.935380 0.387701 0.053312 0.387701
0 108 0.180937 0.470588 0.043619 0.368984
0 144 0.145396 0.470588 0.042811 0.256684
0 161 0.738288 0.406417 0.058158 0.334225
