0 64 0.405493 0.443850 0.050889 0.155080
0 81 0.305331 0.425134 0.079968 0.197861
0 114 0.538772 0.435829 0.030695 0.336898
0 115 0.582391 0.427807 0.037157 0.334225
0 139 0.180129 0.449198 0.021809 0.112299
0 140 0.481422 0.451872 0.018578 0.173797
0 143 0.566236 0.446524 0.017771 0.248663
0 141 0.821486 0.411765 0.099354 0.508021
0 142 0.936187 0.385027 0.053312 0.390374
0 108 0.176898 0.478610 0.045234 0.366310
0 144 0.139742 0.478610 0.042811 0.187166
0 161 0.737480 0.398396 0.046850 0.326203
