0 64 0.416801 0.441176 0.042003 0.128342
0 81 0.310178 0.419786 0.078352 0.195187
0 114 0.570275 0.435829 0.034733 0.387701
0 115 0.624394 0.427807 0.046850 0.379679
0 139 0.167205 0.451872 0.037964 0.294118
0 140 0.492730 0.451872 0.019386 0.184492
0 143 0.600969 0.430481 0.027464 0.275401
0 141 0.886107 0.403743 0.075121 0.500000
0 142 0.930533 0.390374 0.050081 0.419786
0 108 0.238288 0.465241 0.036349 0.302139
0 144 0.206785 0.462567 0.047658 0.254011
0 161 0.828756 0.395722 0.066236 0.358289
