0 64 0.424879 0.443850 0.036349 0.114973
0 81 0.319871 0.425134 0.075121 0.187166
0 114 0.582391 0.441176 0.038772 0.406417
0 115 0.642973 0.427807 0.052504 0.401070
0 139 0.184168 0.451872 0.037157 0.291444
0 140 0.500808 0.454545 0.023425 0.189840
0 143 0.618740 0.441176 0.034733 0.278075
0 141 0.887722 0.401070 0.090468 0.481283
0 142 0.894184 0.454545 0.046850 0.302139
0 108 0.279483 0.459893 0.033926 0.264706
0 144 0.256866 0.454545 0.027464 0.200535
0 161 0.861066 0.398396 0.045234 0.339572
