0 64 0.399031 0.441176 0.055735 0.171123
0 81 0.305331 0.425134 0.079160 0.197861
0 114 0.522617 0.438503 0.032310 0.312834
0 115 0.553312 0.427807 0.045234 0.307487
0 139 0.193053 0.454545 0.031502 0.259358
0 140 0.483037 0.449198 0.017771 0.171123
0 143 0.551696 0.449198 0.022617 0.248663
0 141 0.789984 0.414439 0.056543 0.489305
0 142 0.935380 0.385027 0.050081 0.382353
0 108 0.147011 0.470588 0.054927 0.409091
0 144 0.114701 0.475936 0.044426 0.256684
0 161 0.698708 0.403743 0.037157 0.312834
0 162 0.970921 0.419786 0.029079 0.475936
