0 64 0.422456 0.443850 0.033926 0.106952
0 81 0.325525 0.425134 0.067044 0.184492
0 114 0.584006 0.451872 0.041195 0.406417
0 115 0.654281 0.427807 0.042811 0.403743
0 139 0.203554 0.449198 0.036349 0.294118
0 140 0.504039 0.451872 0.017771 0.189840
0 143 0.634087 0.443850 0.029079 0.272727
0 141 0.889338 0.393048 0.037964 0.441176
0 142 0.858643 0.401070 0.037157 0.310160
0 108 0.300485 0.467914 0.028271 0.229947
0 144 0.275444 0.457219 0.026656 0.173797
0 161 0.907108 0.430481 0.033926 0.312834
