0 64 0.371567 0.441176 0.079160 0.213904
0 81 0.305331 0.427807 0.076737 0.195187
0 114 0.486268 0.454545 0.032310 0.262032
0 115 0.543619 0.430481 0.031502 0.270053
0 139 0.222940 0.451872 0.027464 0.224599
0 143 0.521002 0.459893 0.025848 0.229947
0 141 0.702746 0.422460 0.069467 0.478610
0 142 0.935380 0.385027 0.054120 0.387701
0 108 0.055735 0.491979 0.089661 0.497326
0 144 0.012924 0.473262 0.064620 0.267380
0 161 0.621163 0.419786 0.033926 0.270053
0 162 0.802908 0.435829 0.068659 0.417112
