0 64 0.418417 0.441176 0.041195 0.122995
0 81 0.312601 0.419786 0.078352 0.195187
0 114 0.573506 0.435829 0.044426 0.393048
0 115 0.630048 0.422460 0.043619 0.387701
0 139 0.169628 0.457219 0.037964 0.291444
0 140 0.495153 0.449198 0.018578 0.187166
0 143 0.607431 0.435829 0.029079 0.275401
0 141 0.899838 0.390374 0.054927 0.513369
0 142 0.931341 0.390374 0.045234 0.417112
0 108 0.244750 0.459893 0.033926 0.299465
0 144 0.214055 0.454545 0.034733 0.208556
0 161 0.830372 0.401070 0.071890 0.355615
