0 64 0.368336 0.441176 0.080775 0.219251
0 81 0.305331 0.425134 0.076737 0.197861
0 114 0.481422 0.449198 0.032310 0.259358
0 115 0.542811 0.435829 0.029887 0.262032
0 139 0.225363 0.451872 0.028271 0.224599
0 143 0.520194 0.457219 0.021809 0.227273
0 141 0.696284 0.422460 0.061389 0.473262
0 142 0.936187 0.382353 0.052504 0.387701
0 108 0.046042 0.486631 0.093700 0.513369
0 144 0.000000 0.465241 0.077544 0.513369
0 161 0.619548 0.422460 0.033926 0.267380
0 162 0.794830 0.438503 0.075929 0.414439
