0 64 0.374798 0.441176 0.075929 0.208556
0 81 0.305331 0.425134 0.076737 0.197861
0 114 0.490307 0.454545 0.029079 0.259358
0 115 0.542003 0.430481 0.033118 0.267380
0 139 0.220517 0.457219 0.028271 0.227273
0 143 0.522617 0.457219 0.025040 0.229947
0 141 0.710016 0.422460 0.072698 0.478610
0 142 0.935380 0.385027 0.054120 0.422460
0 108 0.064620 0.483957 0.082391 0.497326
0 144 0.023425 0.475936 0.060582 0.237968
0 161 0.629241 0.411765 0.025848 0.278075
0 162 0.827948 0.430481 0.046850 0.430481
