0 64 0.423263 0.443850 0.037964 0.120321
0 81 0.317447 0.425134 0.076737 0.189840
0 114 0.579968 0.441176 0.051696 0.409091
0 115 0.636511 0.430481 0.055735 0.401070
0 139 0.176090 0.457219 0.038772 0.294118
0 140 0.499192 0.454545 0.022617 0.187166
0 143 0.621163 0.433155 0.017771 0.278075
0 141 0.897415 0.403743 0.082391 0.486631
0 142 0.924071 0.398396 0.036349 0.155080
0 108 0.265751 0.475936 0.042811 0.256684
0 144 0.243134 0.465241 0.027464 0.192513
0 161 0.868336 0.390374 0.033926 0.355615
