0 64 0.348950 0.441176 0.095315 0.240642
0 81 0.305331 0.425134 0.074313 0.197861
0 114 0.470113 0.451872 0.026656 0.245989
0 115 0.536349 0.441176 0.035541 0.243316
0 139 0.241519 0.449198 0.024233 0.216578
0 143 0.509693 0.465241 0.021002 0.219251
0 141 0.659128 0.441176 0.067851 0.449198
0 142 0.935380 0.382353 0.054120 0.385027
0 108 0.000000 0.491979 0.092892 0.508021
0 144 0.000000 0.486631 0.027464 0.513369
0 161 0.591276 0.427807 0.037157 0.254011
0 162 0.750404 0.441176 0.067851 0.409091
