0 64 0.401454 0.443850 0.054927 0.160428
0 81 0.305331 0.425134 0.078352 0.197861
0 114 0.529079 0.435829 0.033118 0.318182
0 115 0.563005 0.422460 0.038772 0.318182
0 139 0.190630 0.451872 0.032310 0.259358
0 140 0.481422 0.451872 0.019386 0.171123
0 143 0.554927 0.441176 0.023425 0.254011
0 141 0.804523 0.406417 0.075121 0.508021
0 142 0.935380 0.382353 0.053312 0.387701
0 108 0.160743 0.473262 0.049273 0.411765
0 144 0.126817 0.467914 0.042811 0.278075
0 161 0.699515 0.403743 0.062197 0.318182
0 162 0.973344 0.799465 0.026656 0.093583
