0 64 0.400646 0.441176 0.054927 0.168449
0 81 0.305331 0.425134 0.079160 0.197861
0 114 0.525040 0.433155 0.028271 0.320856
0 115 0.565428 0.425134 0.036349 0.312834
0 139 0.192246 0.454545 0.029887 0.256684
0 140 0.482229 0.449198 0.017771 0.171123
0 143 0.554927 0.446524 0.026656 0.275401
0 141 0.798061 0.409091 0.054120 0.497326
0 142 0.934572 0.385027 0.053312 0.379679
0 108 0.153473 0.473262 0.050081 0.403743
0 144 0.121971 0.467914 0.042003 0.283422
0 161 0.698708 0.406417 0.054927 0.312834
0 162 0.970921 0.422460 0.029079 0.473262
