0 64 0.361066 0.441176 0.086430 0.227273
0 81 0.305331 0.425134 0.075929 0.197861
0 114 0.474960 0.454545 0.029887 0.254011
0 115 0.539580 0.438503 0.029079 0.248663
0 139 0.231826 0.459893 0.029887 0.216578
0 143 0.515347 0.454545 0.016155 0.232620
0 141 0.682553 0.427807 0.048465 0.465241
0 142 0.935380 0.382353 0.054120 0.385027
0 108 0.024233 0.470588 0.084814 0.529412
0 144 0.000000 0.465241 0.061389 0.534759
0 161 0.612278 0.417112 0.031502 0.267380
0 162 0.785137 0.433155 0.046850 0.417112
