0 64 0.411955 0.438503 0.045234 0.139037
0 81 0.306139 0.419786 0.079160 0.197861
0 114 0.556543 0.430481 0.037157 0.374332
0 115 0.601777 0.422460 0.047658 0.366310
0 139 0.165590 0.459893 0.023425 0.267380
0 140 0.484653 0.449198 0.018578 0.184492
0 143 0.587237 0.435829 0.025040 0.270053
0 141 0.883683 0.385027 0.074313 0.521390
0 142 0.932956 0.377005 0.056543 0.387701
0 108 0.208401 0.459893 0.042003 0.334225
0 144 0.176090 0.462567 0.037157 0.245989
0 161 0.784330 0.390374 0.067851 0.347594
