0 64 0.393376 0.441176 0.061389 0.181818
0 81 0.305331 0.425134 0.078352 0.197861
0 114 0.514540 0.438503 0.033118 0.291444
0 115 0.554927 0.422460 0.029887 0.299465
0 139 0.197900 0.454545 0.032310 0.248663
0 140 0.487884 0.449198 0.012116 0.168449
0 143 0.546042 0.443850 0.020194 0.245989
0 141 0.762520 0.419786 0.077544 0.481283
0 142 0.934572 0.382353 0.054927 0.147059
0 108 0.130856 0.486631 0.059774 0.427807
0 144 0.090468 0.462567 0.050889 0.219251
0 161 0.672052 0.411765 0.041195 0.302139
0 162 0.911955 0.433155 0.088045 0.457219
