0 64 0.420032 0.441176 0.040388 0.122995
0 81 0.315024 0.419786 0.076737 0.192513
0 114 0.577544 0.443850 0.050081 0.403743
0 115 0.634895 0.417112 0.042003 0.385027
0 139 0.171244 0.459893 0.038772 0.291444
0 140 0.497577 0.446524 0.019386 0.189840
0 143 0.605816 0.435829 0.033118 0.275401
0 141 0.902262 0.403743 0.050889 0.491979
0 142 0.927302 0.393048 0.042811 0.368984
0 108 0.252827 0.457219 0.038772 0.283422
0 144 0.224556 0.454545 0.031502 0.205882
0 161 0.842488 0.395722 0.055735 0.355615
