0 64 0.382068 0.441176 0.071890 0.195187
0 81 0.305331 0.425134 0.079160 0.197861
0 114 0.498384 0.446524 0.027464 0.275401
0 115 0.544426 0.427807 0.033926 0.283422
0 139 0.212439 0.457219 0.029887 0.232620
0 143 0.533118 0.451872 0.019386 0.237968
0 141 0.722940 0.417112 0.065428 0.483957
0 142 0.935380 0.379679 0.054120 0.390374
0 108 0.092084 0.483957 0.066236 0.494652
0 144 0.052504 0.457219 0.070275 0.449198
0 161 0.641357 0.414439 0.045234 0.283422
0 162 0.848142 0.441176 0.085622 0.446524
