0 64 0.407916 0.443850 0.048465 0.147059
0 81 0.305331 0.425134 0.079160 0.197861
0 114 0.545234 0.435829 0.038772 0.355615
0 115 0.591276 0.419786 0.032310 0.344920
0 139 0.178514 0.465241 0.023425 0.098930
0 140 0.482229 0.449198 0.018578 0.181818
0 143 0.571082 0.441176 0.023425 0.259358
0 141 0.835218 0.401070 0.084814 0.513369
0 142 0.934572 0.382353 0.054120 0.387701
0 108 0.187399 0.473262 0.048465 0.339572
0 144 0.151050 0.459893 0.040388 0.264706
0 161 0.744750 0.393048 0.060582 0.344920
