0 64 0.404685 0.443850 0.051696 0.157754
0 81 0.305331 0.425134 0.079160 0.197861
0 114 0.535541 0.438503 0.030695 0.336898
0 115 0.575929 0.422460 0.036349 0.328877
0 139 0.191438 0.449198 0.022617 0.109626
0 140 0.480614 0.449198 0.019386 0.176471
0 143 0.562197 0.443850 0.021002 0.251337
0 141 0.817447 0.406417 0.093700 0.513369
0 142 0.935380 0.385027 0.053312 0.385027
0 108 0.171244 0.486631 0.049273 0.377005
0 144 0.134895 0.478610 0.043619 0.256684
0 161 0.735057 0.395722 0.022617 0.326203
