0 64 0.414378 0.441176 0.042811 0.133690
0 81 0.306947 0.422460 0.079160 0.197861
0 114 0.564620 0.441176 0.043619 0.385027
0 115 0.617932 0.419786 0.039580 0.374332
0 139 0.165590 0.462567 0.032310 0.288770
0 140 0.487884 0.449198 0.020194 0.187166
0 143 0.594507 0.433155 0.019386 0.275401
0 141 0.882876 0.401070 0.088045 0.505348
0 142 0.928918 0.382353 0.057351 0.435829
0 108 0.222132 0.473262 0.040388 0.310160
0 144 0.192246 0.467914 0.033926 0.221925
0 161 0.818255 0.382353 0.035541 0.358289
