0 64 0.000000 0.454545 0.254443 0.545455
0 81 0.294830 0.467914 0.085622 0.208556
0 114 0.470113 0.497326 0.011309 0.133690
0 115 0.487076 0.486631 0.015347 0.141711
0 141 0.222940 0.486631 0.037964 0.430481
0 161 0.260905 0.494652 0.029079 0.216578
0 162 0.239095 0.521390 0.025848 0.171123
0 138 0.239903 0.481283 0.014540 0.074866
0 163 0.628433 0.462567 0.040388 0.323529
0 164 0.803716 0.443850 0.075929 0.406417
0 166 0.276252 0.500000 0.008078 0.085561
0 165 0.403069 0.494652 0.010501 0.120321
