0 64 0.000000 0.465241 0.281099 0.534759
0 81 0.298869 0.465241 0.080775 0.203209
0 114 0.469305 0.489305 0.012116 0.139037
0 115 0.486268 0.483957 0.014540 0.136364
0 141 0.246365 0.483957 0.054120 0.422460
0 142 0.983037 0.435829 0.016963 0.147059
0 161 0.285945 0.491979 0.020194 0.213904
0 162 0.264136 0.518717 0.033118 0.294118
0 163 0.634895 0.441176 0.026656 0.320856
0 164 0.825525 0.425134 0.049273 0.385027
0 166 0.272213 0.500000 0.013732 0.066845
0 165 0.400646 0.489305 0.012116 0.120321
