0 64 0.000000 0.459893 0.288368 0.540107
0 81 0.306139 0.462567 0.074313 0.195187
0 114 0.468498 0.486631 0.012924 0.133690
0 115 0.485460 0.478610 0.014540 0.136364
0 141 0.260905 0.486631 0.046850 0.411765
0 142 0.972536 0.430481 0.027464 0.302139
0 161 0.294830 0.491979 0.015347 0.176471
0 162 0.273021 0.513369 0.029079 0.291444
0 163 0.634087 0.438503 0.032310 0.318182
0 164 0.819063 0.425134 0.066236 0.385027
0 166 0.274637 0.497326 0.007270 0.018717
0 165 0.401454 0.483957 0.012116 0.122995
