0 64 0.000000 0.441176 0.302908 0.558824
0 81 0.310178 0.443850 0.071890 0.192513
0 114 0.469305 0.465241 0.011309 0.136364
0 115 0.484653 0.459893 0.015347 0.139037
0 141 0.280291 0.465241 0.041195 0.401070
0 142 0.950727 0.406417 0.049273 0.390374
0 161 0.312601 0.465241 0.015347 0.208556
0 162 0.297254 0.491979 0.033118 0.275401
0 163 0.633279 0.417112 0.040388 0.328877
0 164 0.831179 0.390374 0.046850 0.390374
0 166 0.273829 0.481283 0.010501 0.050802
0 165 0.402262 0.467914 0.012116 0.114973
