0 64 0.000000 0.451872 0.299677 0.548128
0 81 0.302908 0.446524 0.077544 0.195187
0 114 0.469305 0.473262 0.012116 0.136364
0 115 0.485460 0.465241 0.014540 0.133690
0 141 0.276252 0.473262 0.041195 0.403743
0 142 0.956381 0.417112 0.043619 0.395722
0 161 0.308562 0.478610 0.016963 0.203209
0 162 0.289984 0.497326 0.024233 0.272727
0 163 0.630048 0.430481 0.043619 0.320856
0 164 0.821486 0.403743 0.061389 0.390374
0 166 0.272213 0.510695 0.006462 0.021390
0 165 0.401454 0.470588 0.012924 0.120321
