0 34 570.999564 175.000125 39.000042 34.999875 1 1 1
1 34 572.000616 174.0 38.000232000000004 34.999875 1 1 1
2 34 572.000616 174.0 39.000042 34.999875 1 1 1
3 34 572.000616 172.999875 39.000042 36.0 1 1 1
4 34 572.000616 172.000125 39.000042 36.0 1 1 1
5 34 573.0004260000001 172.000125 38.000232000000004 36.0 1 1 1
6 34 573.0004260000001 172.000125 39.000042 37.000125000000004 1 1 1
7 34 572.000616 172.999875 40.999662 36.0 1 1 1
8 34 572.000616 174.0 40.999662 37.000125000000004 1 1 1
9 34 573.0004260000001 175.999875 40.999662 36.0 1 1 1
10 34 574.000236 177.0 39.999852 36.0 1 1 1
11 34 574.000236 177.0 40.999662 37.000125000000004 1 1 1
12 34 574.000236 177.0 40.999662 37.000125000000004 1 1 1
13 34 575.000046 177.0 40.999662 37.000125000000004 1 1 1
14 34 575.000046 175.999875 39.999852 37.000125000000004 1 1 1
15 34 574.000236 175.000125 41.999472 37.999875 1 1 1
16 34 574.000236 175.000125 41.999472 37.000125000000004 1 1 1
17 34 574.000236 174.0 41.999472 37.999875 1 1 1
18 34 573.0004260000001 174.0 41.999472 37.999875 1 1 1
19 34 573.0004260000001 174.0 43.000524 37.999875 1 1 1
20 34 572.000616 175.000125 43.000524 39.0 1 1 1
21 34 573.0004260000001 175.000125 43.000524 39.0 1 1 1
22 34 572.000616 174.0 43.000524 39.0 1 1 1
23 34 572.000616 172.000125 44.000334 40.000125 1 1 1
24 34 570.999564 172.000125 45.000144 40.000125 1 1 1
25 34 570.999564 172.000125 45.000144 40.000125 1 1 1
26 34 570.999564 172.000125 45.000144 40.999875 1 1 1
27 34 568.000134 172.000125 48.999384 40.999875 1 1 1
28 34 568.000134 172.000125 47.999574 42.0 1 1 1
29 34 569.9997539999999 171.0 45.999954 42.0 1 1 1
30 34 569.9997539999999 171.0 45.999954 40.999875 1 1 1
31 34 569.9997539999999 169.000125 46.999764 42.0 1 1 1
32 34 569.9997539999999 169.000125 45.999954 43.000125000000004 1 1 1
33 34 569.9997539999999 171.0 45.999954 43.000125000000004 1 1 1
34 34 569.9997539999999 171.0 45.999954 43.000125000000004 1 1 1
35 34 568.999944 172.000125 47.999574 43.000125000000004 1 1 1
36 34 568.999944 171.0 47.999574 43.999875 1 1 1
37 34 569.9997539999999 169.999875 46.999764 43.999875 1 1 1
38 34 569.9997539999999 169.999875 46.999764 43.999875 1 1 1
39 34 569.9997539999999 171.0 47.999574 43.999875 1 1 1
40 34 570.999564 171.0 47.999574 45.0 1 1 1
41 34 570.999564 172.000125 46.999764 45.0 1 1 1
42 34 570.999564 172.000125 47.999574 46.000125 1 1 1
43 34 570.999564 172.000125 47.999574 46.000125 1 1 1
44 34 570.999564 172.000125 48.999384 46.000125 1 1 1
45 34 572.000616 172.999875 47.999574 46.000125 1 1 1
46 34 572.000616 174.0 50.000436 46.000125 1 1 1
47 34 572.000616 175.000125 50.000436 46.000125 1 1 1
48 34 572.000616 175.000125 51.000246000000004 46.999875 1 1 1
49 34 572.000616 172.999875 51.000246000000004 48.0 1 1 1
50 34 573.0004260000001 172.999875 52.000056 48.0 1 1 1
51 34 573.0004260000001 172.999875 52.999866000000004 48.0 1 1 1
52 34 574.000236 172.999875 52.000056 49.000125000000004 1 1 1
53 34 574.000236 172.999875 52.000056 49.000125000000004 1 1 1
54 34 574.000236 172.999875 53.999676 49.999875 1 1 1
55 34 575.000046 172.999875 54.999486000000005 49.999875 1 1 1
56 34 575.000046 172.000125 53.999676 49.999875 1 1 1
57 34 575.000046 172.000125 53.999676 49.999875 1 1 1
58 34 575.999856 172.000125 53.999676 51.00000000000001 1 1 1
59 34 575.999856 172.000125 54.999486000000005 49.999875 1 1 1
60 34 576.999666 169.999875 53.999676 52.000125000000004 1 1 1
61 34 577.9994760000001 169.999875 53.999676 52.000125000000004 1 1 1
62 34 576.999666 169.999875 56.000538 52.000125000000004 1 1 1
63 34 577.9994760000001 169.999875 56.000538 52.000125000000004 1 1 1
64 34 577.9994760000001 171.0 56.000538 52.999874999999996 1 1 1
65 34 579.000528 172.000125 56.000538 52.999874999999996 1 1 1
66 34 579.000528 172.000125 56.000538 52.999874999999996 1 1 1
67 34 579.000528 172.000125 56.000538 52.999874999999996 1 1 1
68 34 580.0003379999999 172.000125 56.000538 52.999874999999996 1 1 1
69 34 580.0003379999999 172.000125 56.000538 52.999874999999996 1 1 1
70 34 581.000148 172.000125 56.000538 52.999874999999996 1 1 1
71 34 581.000148 172.000125 57.000347999999995 52.999874999999996 1 1 1
72 34 581.999958 172.000125 56.000538 52.999874999999996 1 1 1
73 34 579.000528 172.000125 58.999967999999996 53.99999999999999 1 1 1
74 34 579.000528 172.000125 58.999967999999996 53.99999999999999 1 1 1
75 34 581.000148 172.000125 58.000158 53.99999999999999 1 1 1
76 34 582.999768 172.000125 56.000538 52.999874999999996 1 1 1
77 34 581.000148 172.000125 58.000158 52.999874999999996 1 1 1
78 34 582.999768 172.999875 57.000347999999995 52.999874999999996 1 1 1
79 34 583.9995779999999 172.999875 54.999486000000005 53.99999999999999 1 1 1
80 34 583.9995779999999 172.999875 56.000538 53.99999999999999 1 1 1
81 34 583.9995779999999 172.999875 56.000538 52.999874999999996 1 1 1
82 34 582.999768 172.999875 57.000347999999995 52.999874999999996 1 1 1
83 34 582.999768 172.999875 57.000347999999995 52.999874999999996 1 1 1
84 34 582.999768 172.999875 57.000347999999995 52.999874999999996 1 1 1
85 34 582.999768 172.999875 56.000538 52.999874999999996 1 1 1
86 34 582.999768 172.000125 56.000538 52.999874999999996 1 1 1
87 34 582.999768 171.0 56.000538 53.99999999999999 1 1 1
88 34 582.999768 171.0 56.000538 53.99999999999999 1 1 1
89 34 582.999768 171.0 56.000538 53.99999999999999 1 1 1
90 34 582.999768 171.0 56.000538 53.99999999999999 1 1 1
91 34 581.999958 169.999875 57.000347999999995 55.000125 1 1 1
92 34 581.999958 169.999875 57.000347999999995 55.000125 1 1 1
93 34 581.000148 171.0 57.000347999999995 55.000125 1 1 1
94 34 580.0003379999999 171.0 57.000347999999995 55.000125 1 1 1
95 34 579.000528 171.0 58.000158 55.000125 1 1 1
96 34 577.9994760000001 171.0 59.999778 55.999874999999996 1 1 1
97 34 576.999666 171.0 58.999967999999996 55.000125 1 1 1
98 34 575.999856 169.999875 59.999778 57.0 1 1 1
99 34 573.0004260000001 169.999875 61.999398 55.999874999999996 1 1 1
100 34 575.000046 169.999875 59.999778 57.0 1 1 1
101 34 574.000236 172.000125 59.999778 55.999874999999996 1 1 1
102 34 573.0004260000001 172.000125 58.999967999999996 58.000125 1 1 1
103 34 572.000616 172.999875 59.999778 58.000125 1 1 1
104 34 570.999564 174.0 60.999587999999996 58.000125 1 1 1
105 34 570.999564 172.999875 59.999778 58.000125 1 1 1
106 34 568.999944 172.000125 61.999398 58.999875 1 1 1
107 34 567.000324 172.000125 64.00026 58.999875 1 1 1
108 34 567.000324 172.000125 61.999398 58.999875 1 1 1
109 34 563.999652 172.999875 63.00045 58.999875 1 1 1
110 34 562.9998420000001 174.0 63.00045 58.000125 1 1 1
111 34 562.000032 172.999875 63.00045 60.0 1 1 1
112 34 559.000602 172.000125 65.00007 60.0 1 1 1
113 34 556.99974 172.999875 65.00007 60.0 1 1 1
114 34 555.0001199999999 174.0 64.00026 58.999875 1 1 1
115 34 553.0005 174.0 65.00007 58.999875 1 1 1
116 34 551.999448 174.0 65.00007 58.999875 1 1 1
117 34 549.999828 174.0 65.99988 58.999875 1 1 1
118 34 549.000018 172.999875 65.99988 61.000125000000004 1 1 1
119 34 548.000208 174.0 65.99988 58.999875 1 1 1
120 34 548.000208 172.999875 65.99988 60.0 1 1 1
121 34 548.000208 172.999875 65.99988 60.0 1 1 1
122 34 549.000018 172.999875 65.99988 60.0 1 1 1
123 34 550.999638 172.999875 65.00007 58.999875 1 1 1
124 34 551.999448 172.999875 65.99988 60.0 1 1 1
125 34 553.0005 172.999875 65.99988 60.0 1 1 1
126 34 553.0005 174.0 66.99969 60.0 1 1 1
127 34 554.00031 175.000125 66.99969 60.0 1 1 1
128 34 553.0005 175.000125 66.99969 60.0 1 1 1
129 34 554.00031 175.999875 66.99969 60.0 1 1 1
130 34 554.00031 175.999875 66.99969 60.0 1 1 1
131 34 554.00031 175.999875 66.99969 60.0 1 1 1
132 34 554.00031 175.999875 66.99969 60.0 1 1 1
133 34 553.0005 175.999875 67.9995 60.0 1 1 1
134 34 553.0005 175.999875 66.99969 60.0 1 1 1
135 34 553.0005 175.999875 66.99969 61.000125000000004 1 1 1
136 34 553.0005 177.0 65.99988 58.999875 1 1 1
137 34 551.999448 175.999875 65.99988 60.0 1 1 1
138 34 550.999638 175.999875 66.99969 60.0 1 1 1
139 34 549.000018 175.999875 69.000552 58.999875 1 1 1
140 34 549.999828 177.0 66.99969 58.999875 1 1 1
141 34 549.000018 177.0 66.99969 60.0 1 1 1
142 34 548.000208 177.0 66.99969 58.999875 1 1 1
143 34 548.000208 177.0 65.99988 58.999875 1 1 1
144 34 546.000588 175.999875 67.9995 60.0 1 1 1
145 34 546.000588 175.999875 66.99969 58.999875 1 1 1
146 34 546.000588 175.999875 66.99969 58.999875 1 1 1
147 34 544.9995359999999 175.999875 66.99969 58.999875 1 1 1
148 34 543.999726 175.999875 67.9995 58.999875 1 1 1
149 34 542.999916 177.0 67.9995 58.000125 1 1 1
150 34 543.999726 175.999875 65.99988 58.999875 1 1 1
151 34 544.9995359999999 175.999875 65.00007 58.000125 1 1 1
152 34 544.9995359999999 177.0 65.00007 58.000125 1 1 1
153 34 544.9995359999999 177.0 65.99988 57.0 1 1 1
154 34 547.000398 177.0 64.00026 58.000125 1 1 1
155 34 548.000208 177.0 64.00026 58.000125 1 1 1
156 34 549.000018 178.000125 64.00026 57.0 1 1 1
157 34 549.999828 178.000125 63.00045 55.999874999999996 1 1 1
158 34 550.999638 177.0 63.00045 55.999874999999996 1 1 1
159 34 551.999448 178.000125 61.999398 55.000125 1 1 1
160 34 553.0005 178.000125 60.999587999999996 55.000125 1 1 1
161 34 554.00031 178.000125 60.999587999999996 55.000125 1 1 1
162 34 554.00031 178.999875 59.999778 53.99999999999999 1 1 1
163 34 555.0001199999999 178.999875 58.999967999999996 52.999874999999996 1 1 1
164 34 555.99993 180.0 58.999967999999996 52.999874999999996 1 1 1
165 34 556.99974 180.0 58.000158 52.999874999999996 1 1 1
166 21 538.999434 181.000125 17.000496000000002 16.000124999999997 1 1 1
166 34 557.99955 181.000125 56.000538 51.00000000000001 1 1 1
167 21 537.999624 181.000125 18.000306000000002 16.999875 1 1 1
167 34 559.000602 180.0 57.000347999999995 52.000125000000004 1 1 1
168 21 536.999814 181.000125 19.999926 18.0 1 1 1
168 34 559.000602 181.000125 57.000347999999995 51.00000000000001 1 1 1
169 21 536.000004 181.999875 19.999926 18.0 1 1 1
169 34 560.000412 181.000125 56.000538 51.00000000000001 1 1 1
170 21 534.000384 181.999875 21.999546 19.000124999999997 1 1 1
170 23 553.0005 183.0 14.999633999999999 13.000125 1 1 1
170 34 560.000412 181.000125 57.000347999999995 51.00000000000001 1 1 1
171 21 533.000574 181.999875 21.999546 19.000124999999997 1 1 1
171 23 551.999448 181.999875 15.999443999999999 13.000125 1 1 1
171 34 561.000222 180.0 57.000347999999995 51.00000000000001 1 1 1
172 21 530.999712 181.000125 23.000598 21.0 1 1 1
172 23 550.999638 181.000125 18.000306000000002 13.999875 1 1 1
172 34 562.000032 180.0 57.000347999999995 49.999875 1 1 1
173 21 529.000092 181.000125 25.000218 21.0 1 1 1
173 23 549.999828 181.000125 18.000306000000002 13.999875 1 1 1
173 34 562.9998420000001 178.999875 56.000538 49.999875 1 1 1
174 21 525.99942 181.000125 26.000028 22.999875 1 1 1
174 23 549.000018 181.000125 19.000116000000002 15.0 1 1 1
174 34 563.999652 180.0 57.000347999999995 49.000125000000004 1 1 1
175 21 522.99999 181.999875 27.999648 22.999875 1 1 1
175 23 548.000208 181.000125 20.999736 15.0 1 1 1
175 34 564.999462 180.0 56.000538 49.000125000000004 1 1 1
176 21 520.00056 181.999875 30.00051 25.000125 1 1 1
176 23 548.000208 181.000125 20.999736 16.000124999999997 1 1 1
176 34 568.000134 180.0 53.999676 48.0 1 1 1
177 21 516.000078 183.0 31.00032 25.999875000000003 1 1 1
177 23 546.000588 181.000125 23.000598 16.999875 1 1 1
177 34 568.999944 180.0 52.999866000000004 49.000125000000004 1 1 1
178 21 511.999596 183.0 32.99994 26.999999999999996 1 1 1
178 23 543.999726 181.999875 24.000408 16.999875 1 1 1
178 34 568.999944 181.000125 53.999676 48.0 1 1 1
179 21 505.999494 181.000125 36.000612000000004 30.0 1 1 1
179 23 542.999916 180.0 25.000218 19.000124999999997 1 1 1
179 34 569.9997539999999 180.0 53.999676 48.0 1 1 1
180 21 499.999392 180.0 39.000042 31.999875000000003 1 1 1
180 23 541.0002959999999 178.999875 25.000218 19.000124999999997 1 1 1
180 34 570.999564 178.000125 52.999866000000004 48.0 1 1 1
181 21 491.99967000000004 178.999875 43.000524 34.999875 1 1 1
181 23 538.999434 178.000125 26.000028 19.999875 1 1 1
181 22 561.000222 177.0 13.999824 13.999875 1 1 1
181 34 570.999564 177.0 53.999676 48.0 1 1 1
182 21 483.99994799999996 181.000125 46.999764 37.000125000000004 1 1 1
182 23 536.000004 178.000125 28.999458 21.0 1 1 1
182 22 560.000412 177.0 14.999633999999999 13.999875 1 1 1
182 34 572.000616 177.0 52.999866000000004 48.0 1 1 1
183 21 472.999554 181.000125 51.000246000000004 40.999875 1 1 1
183 23 533.000574 178.999875 31.00032 22.000125 1 1 1
183 22 560.000412 178.000125 14.999633999999999 13.999875 1 1 1
183 34 572.000616 178.000125 53.999676 48.0 1 1 1
184 21 461.000592 181.999875 56.000538 45.0 1 1 1
184 23 529.999902 180.0 32.99994 22.000125 1 1 1
184 22 559.000602 178.000125 15.999443999999999 13.999875 1 1 1
184 34 574.000236 178.000125 52.000056 46.999875 1 1 1
185 21 444.99990599999995 181.999875 63.00045 49.999875 1 1 1
185 23 525.99942 178.999875 33.99975 22.999875 1 1 1
185 22 557.99955 177.0 17.000496000000002 15.0 1 1 1
185 34 575.000046 177.0 52.000056 46.999875 1 1 1
186 21 425.99979 181.999875 71.999982 57.0 1 1 1
186 23 522.99999 178.999875 36.000612000000004 25.000125 1 1 1
186 22 556.99974 177.0 18.000306000000002 15.0 1 1 1
186 34 575.000046 177.0 52.999866000000004 46.999875 1 1 1
187 21 399.999762 184.000125 84.999996 66.0 1 1 1
187 23 518.999508 180.0 38.000232000000004 25.999875000000003 1 1 1
187 22 555.0001199999999 178.000125 19.000116000000002 15.0 1 1 1
187 34 576.999666 178.000125 52.000056 46.000125 1 1 1
188 21 365.000202 184.999875 103.000302 79.000125 1 1 1
188 23 514.000458 181.000125 39.999852 28.000125 1 1 1
188 22 555.0001199999999 178.000125 19.000116000000002 16.000124999999997 1 1 1
188 34 577.9994760000001 178.000125 51.000246000000004 46.000125 1 1 1
189 21 313.000146 187.000125 131.99976 97.000125 1 1 1
189 23 508.000356 181.999875 44.000334 28.999875 1 1 1
189 22 553.0005 178.999875 19.999926 16.000124999999997 1 1 1
189 34 577.9994760000001 178.000125 52.000056 46.000125 1 1 1
190 21 231.99938999999998 189.0 177.999714 124.000125 1 1 1
190 23 501.000444 184.000125 46.999764 31.000125 1 1 1
190 22 551.999448 180.0 20.999736 16.999875 1 1 1
190 34 580.0003379999999 178.999875 51.000246000000004 46.000125 1 1 1
191 21 80.99951399999999 195.0 276.999534 169.000125 1 1 1
191 23 492.99948 184.999875 52.000056 34.000125 1 1 1
191 22 550.999638 181.000125 21.999546 18.0 1 1 1
191 34 581.000148 180.0 50.000436 45.0 1 1 1
192 21 0.0 204.00000000000003 268.000002 171.0 1 1 1
192 23 482.00032799999997 184.999875 57.000347999999995 39.0 1 1 1
192 22 549.999828 181.000125 21.999546 18.0 1 1 1
192 24 569.9997539999999 180.0 13.000014 12.0 1 1 1
192 34 581.999958 180.0 50.000436 45.0 1 1 1
193 21 0.0 244.99987500000003 72.999792 130.000125 1 1 1
193 23 470.00012399999997 186.0 63.00045 42.0 1 1 1
193 22 548.000208 180.0 23.000598 19.000124999999997 1 1 1
193 24 569.9997539999999 180.0 13.999824 12.0 1 1 1
193 34 583.9995779999999 180.0 47.999574 43.999875 1 1 1
194 23 452.99962800000003 187.000125 71.999982 48.0 1 1 1
194 22 546.000588 181.000125 25.000218 19.999875 1 1 1
194 24 568.000134 180.0 14.999633999999999 13.999875 1 1 1
194 34 583.9995779999999 180.0 48.999384 43.999875 1 1 1
195 23 432.999702 187.000125 83.000376 55.999874999999996 1 1 1
195 22 543.999726 181.000125 26.000028 21.0 1 1 1
195 24 567.000324 181.000125 15.999443999999999 13.999875 1 1 1
195 34 584.999388 180.0 47.999574 45.0 1 1 1
196 23 405.00005400000003 187.000125 100.99944 64.99987499999999 1 1 1
196 22 541.0002959999999 180.0 27.999648 22.000125 1 1 1
196 24 566.000514 180.0 17.000496000000002 15.0 1 1 1
196 34 586.00044 180.0 47.999574 43.999875 1 1 1
197 23 366.000012 187.999875 124.000038 78.0 1 1 1
197 22 537.999624 178.999875 28.999458 24.0 1 1 1
197 24 563.999652 180.0 18.000306000000002 15.0 1 1 1
197 34 587.00025 178.999875 46.999764 43.999875 1 1 1
198 23 307.000044 189.0 162.00027 94.99987499999999 1 1 1
198 22 534.000384 178.999875 31.00032 25.000125 1 1 1
198 24 562.9998420000001 178.999875 17.000496000000002 16.999875 1 1 1
198 34 587.00025 178.999875 46.999764 43.999875 1 1 1
199 23 208.000224 192.0 230.99957999999998 124.999875 1 1 1
199 22 529.999902 180.0 32.99994 25.999875000000003 1 1 1
199 24 561.000222 181.000125 18.000306000000002 16.999875 1 1 1
199 34 587.00025 180.0 46.999764 43.000125000000004 1 1 1
200 23 14.999633999999999 196.99987500000003 379.000026 178.000125 1 1 1
200 22 524.99961 181.000125 34.99956 26.999999999999996 1 1 1
200 24 559.000602 181.000125 18.000306000000002 18.0 1 1 1
200 34 587.00025 180.0 46.999764 43.000125000000004 1 1 1
201 23 0.0 207.00000000000003 318.00043800000003 168.0 1 1 1
201 22 520.00056 180.0 38.000232000000004 30.0 1 1 1
201 24 555.0001199999999 181.000125 20.999736 18.0 1 1 1
201 34 588.0000600000001 180.0 45.999954 43.000125000000004 1 1 1
202 23 0.0 274.00012499999997 152.999496 100.999875 1 1 1
202 22 512.999406 178.999875 40.999662 31.000125 1 1 1
202 24 551.999448 178.999875 21.999546 19.999875 1 1 1
202 34 588.0000600000001 178.000125 45.999954 43.000125000000004 1 1 1
203 22 505.999494 178.000125 45.000144 34.000125 1 1 1
203 24 549.000018 180.0 23.000598 19.000124999999997 1 1 1
203 34 588.0000600000001 177.0 45.999954 43.000125000000004 1 1 1
204 22 496.999962 178.000125 48.999384 37.999875 1 1 1
204 24 547.000398 178.999875 24.000408 21.0 1 1 1
204 29 566.000514 180.0 13.999824 13.000125 1 1 1
204 34 588.0000600000001 177.0 45.999954 42.0 1 1 1
205 22 487.00062 178.999875 54.999486000000005 40.999875 1 1 1
205 24 542.999916 180.0 26.000028 22.000125 1 1 1
205 29 564.999462 180.0 13.999824 13.999875 1 1 1
205 34 588.0000600000001 177.0 45.999954 42.0 1 1 1
206 22 472.999554 178.000125 61.999398 45.0 1 1 1
206 24 538.999434 178.000125 27.999648 24.0 1 1 1
206 29 563.999652 178.000125 14.999633999999999 15.0 1 1 1
206 34 588.0000600000001 175.999875 45.999954 42.0 1 1 1
207 22 457.99992 175.999875 70.000362 52.000125000000004 1 1 1
207 24 535.000194 177.0 30.00051 25.000125 1 1 1
207 29 562.000032 177.0 15.999443999999999 15.0 1 1 1
207 34 588.0000600000001 174.0 45.999954 42.0 1 1 1
208 22 437.000184 177.0 80.99951399999999 60.0 1 1 1
208 24 529.999902 178.000125 32.00013 26.999999999999996 1 1 1
208 29 561.000222 178.000125 15.999443999999999 16.000124999999997 1 1 1
208 34 588.0000600000001 175.000125 45.999954 42.0 1 1 1
209 22 409.000536 180.0 97.0002 69.0 1 1 1
209 24 524.99961 180.0 34.99956 28.999875 1 1 1
209 29 559.000602 180.0 18.000306000000002 18.0 1 1 1
209 34 588.99987 178.000125 45.000144 40.999875 1 1 1
210 22 370.00049399999995 181.999875 118.99974599999999 82.000125 1 1 1
210 24 517.9996980000001 181.999875 38.000232000000004 31.000125 1 1 1
210 29 555.99993 181.999875 19.999926 18.0 1 1 1
210 34 588.99987 180.0 45.000144 40.999875 1 1 1
211 22 311.000526 183.0 155.000358 103.000125 1 1 1
211 24 509.999976 181.999875 40.999662 34.000125 1 1 1
211 29 553.0005 183.0 21.999546 18.0 1 1 1
211 34 588.99987 180.0 44.000334 40.000125 1 1 1
212 22 214.000326 183.0 219.000618 130.999875 1 1 1
212 24 502.00025400000004 181.000125 45.999954 37.000125000000004 1 1 1
212 29 549.999828 181.000125 24.000408 19.000124999999997 1 1 1
212 34 588.0000600000001 178.000125 45.000144 40.999875 1 1 1
213 22 18.000306000000002 181.999875 359.99990999999994 193.000125 1 1 1
213 24 490.99986 178.999875 51.000246000000004 40.999875 1 1 1
213 29 548.000208 180.0 24.000408 19.999875 1 1 1
213 34 588.99987 177.0 44.000334 40.999875 1 1 1
214 22 0.0 187.999875 275.999724 187.000125 1 1 1
214 24 477.999846 180.0 58.000158 45.0 1 1 1
214 29 544.9995359999999 180.0 26.000028 21.0 1 1 1
214 34 588.0000600000001 177.0 45.000144 40.999875 1 1 1
215 24 462.000402 180.0 65.99988 51.00000000000001 1 1 1
215 29 542.000106 181.000125 27.999648 21.0 1 1 1
215 31 569.9997539999999 180.0 15.999443999999999 13.000125 1 1 1
215 34 588.99987 177.0 43.000524 40.999875 1 1 1
216 24 440.999424 181.000125 76.00046400000001 58.999875 1 1 1
216 29 538.999434 181.000125 28.999458 24.0 1 1 1
216 31 568.000134 180.0 18.000306000000002 13.999875 1 1 1
216 34 588.99987 178.000125 43.000524 40.000125 1 1 1
217 24 411.999966 181.000125 91.999908 70.999875 1 1 1
217 29 535.000194 181.999875 31.00032 25.000125 1 1 1
217 31 566.000514 181.000125 19.000116000000002 13.999875 1 1 1
217 34 588.99987 178.000125 43.000524 40.000125 1 1 1
218 24 370.00049399999995 183.0 116.000316 85.000125 1 1 1
218 29 529.999902 183.0 33.99975 25.999875000000003 1 1 1
218 31 564.999462 181.000125 19.999926 15.0 1 1 1
218 34 588.0000600000001 178.999875 45.000144 40.000125 1 1 1
219 24 306.00023400000003 186.0 155.000358 106.000125 1 1 1
219 29 524.99961 184.999875 37.000422 28.000125 1 1 1
219 31 563.999652 183.0 19.999926 15.0 1 1 1
219 34 588.99987 181.000125 44.000334 39.0 1 1 1
220 24 190.999728 189.0 231.99938999999998 142.999875 1 1 1
220 29 518.999508 186.0 39.999852 31.000125 1 1 1
220 31 562.000032 184.000125 20.999736 16.000124999999997 1 1 1
220 34 588.99987 183.0 44.000334 39.0 1 1 1
221 24 0.0 192.0 357.00048 183.0 1 1 1
221 29 512.999406 186.0 44.000334 33.0 1 1 1
221 31 561.000222 183.0 20.999736 18.0 1 1 1
221 34 588.99987 181.000125 44.000334 40.999875 1 1 1
222 24 0.0 204.00000000000003 220.00042800000003 171.0 1 1 1
222 29 503.99987400000003 187.000125 48.999384 36.0 1 1 1
222 31 559.000602 181.999875 23.000598 19.000124999999997 1 1 1
222 34 589.99968 181.000125 43.000524 40.000125 1 1 1
223 29 494.00053199999996 184.999875 52.999866000000004 40.999875 1 1 1
223 31 556.99974 181.000125 23.000598 19.000124999999997 1 1 1
223 34 589.99968 180.0 43.000524 39.0 1 1 1
224 29 481.000518 186.0 59.999778 45.0 1 1 1
224 31 554.00031 181.000125 25.000218 19.999875 1 1 1
224 34 589.99968 180.0 43.000524 39.0 1 1 1
225 29 465.999642 186.0 67.9995 51.00000000000001 1 1 1
225 31 551.999448 180.0 26.000028 21.0 1 1 1
225 34 589.99968 178.999875 43.000524 39.0 1 1 1
226 29 444.99990599999995 187.000125 78.999894 58.999875 1 1 1
226 31 549.999828 178.999875 26.999838 22.000125 1 1 1
226 34 590.99949 178.999875 43.000524 37.999875 1 1 1
227 29 416.000448 187.999875 97.0002 69.0 1 1 1
227 31 546.000588 178.999875 28.999458 22.999875 1 1 1
227 34 590.99949 178.000125 43.000524 39.0 1 1 1
228 29 373.999734 190.000125 121.000608 85.000125 1 1 1
228 31 542.000106 180.0 31.00032 22.999875 1 1 1
228 34 589.99968 178.999875 41.999472 37.999875 1 1 1
229 29 306.00023400000003 193.999875 163.99989 106.999875 1 1 1
229 31 536.000004 180.0 32.99994 25.000125 1 1 1
229 34 588.99987 178.999875 43.000524 37.999875 1 1 1
230 29 183.999816 198.0 247.00026599999998 147.0 1 1 1
230 31 530.999712 180.0 34.99956 26.999999999999996 1 1 1
230 34 588.99987 178.000125 41.999472 37.999875 1 1 1
231 29 0.0 207.00000000000003 364.000392 168.0 1 1 1
231 31 523.9998 180.0 38.000232000000004 28.000125 1 1 1
231 34 588.99987 178.000125 40.999662 39.0 1 1 1
232 29 0.0 232.000125 217.99956600000002 142.999875 1 1 1
232 31 516.999888 181.999875 40.999662 31.000125 1 1 1
232 34 587.00025 180.0 41.999472 37.999875 1 1 1
233 31 507.000546 181.999875 45.999954 34.000125 1 1 1
233 34 586.00044 180.0 41.999472 37.999875 1 1 1
234 31 496.999962 180.0 50.000436 37.000125000000004 1 1 1
234 34 586.00044 178.000125 41.999472 37.999875 1 1 1
235 31 483.99994799999996 180.0 56.000538 42.0 1 1 1
235 34 584.999388 177.0 41.999472 37.999875 1 1 1
236 31 468.000504 180.0 64.00026 48.0 1 1 1
236 34 584.999388 178.000125 39.999852 37.000125000000004 1 1 1
237 31 449.000388 181.000125 72.999792 55.000125 1 1 1
237 34 583.9995779999999 178.000125 40.999662 37.999875 1 1 1
238 31 423.00036 181.000125 86.999616 64.00012500000001 1 1 1
238 34 583.9995779999999 178.000125 39.999852 37.000125000000004 1 1 1
239 31 387.999558 181.000125 106.999542 76.99987499999999 1 1 1
239 34 583.9995779999999 178.000125 39.999852 37.000125000000004 1 1 1
240 31 335.999502 183.0 138.999672 94.99987499999999 1 1 1
240 34 583.9995779999999 178.000125 39.999852 37.000125000000004 1 1 1
241 31 249.999696 186.0 194.0004 121.000125 1 1 1
241 37 567.000324 180.0 13.999824 13.999875 1 1 1
241 34 583.9995779999999 178.000125 39.000042 37.000125000000004 1 1 1
242 31 83.000376 189.0 309.999474 175.000125 1 1 1
242 37 564.999462 178.999875 15.999443999999999 16.000124999999997 1 1 1
242 34 583.9995779999999 178.000125 39.000042 37.000125000000004 1 1 1
243 31 0.0 199.000125 305.000424 175.999875 1 1 1
243 37 562.9998420000001 180.0 17.000496000000002 16.000124999999997 1 1 1
243 34 583.9995779999999 178.000125 39.000042 37.000125000000004 1 1 1
244 31 0.0 256.999875 78.000084 118.000125 1 1 1
244 37 560.000412 180.0 19.000116000000002 16.000124999999997 1 1 1
244 34 583.9995779999999 178.000125 39.000042 37.000125000000004 1 1 1
245 37 556.99974 178.999875 19.999926 18.0 1 1 1
245 34 582.999768 178.999875 39.999852 36.0 1 1 1
246 37 555.0001199999999 178.999875 19.999926 16.999875 1 1 1
246 34 583.9995779999999 178.000125 39.000042 36.0 1 1 1
247 37 550.999638 178.999875 23.000598 19.000124999999997 1 1 1
247 34 582.999768 178.000125 39.999852 36.0 1 1 1
248 37 548.000208 181.999875 24.000408 19.000124999999997 1 1 1
248 34 582.999768 180.0 39.999852 36.0 1 1 1
249 37 546.000588 181.999875 24.000408 21.0 1 1 1
249 34 582.999768 181.000125 39.000042 36.0 1 1 1
250 37 542.000106 181.999875 26.999838 21.0 1 1 1
250 34 582.999768 180.0 39.000042 36.0 1 1 1
251 37 540.000486 181.000125 26.999838 22.000125 1 1 1
251 34 583.9995779999999 180.0 38.000232000000004 36.0 1 1 1
252 37 536.000004 181.000125 30.00051 24.0 1 1 1
252 34 582.999768 178.999875 39.000042 36.0 1 1 1
253 37 530.999712 180.0 32.99994 25.000125 1 1 1
253 34 583.9995779999999 178.999875 38.000232000000004 36.0 1 1 1
254 37 527.0004720000001 181.000125 33.99975 25.999875000000003 1 1 1
254 26 554.00031 181.000125 15.999443999999999 16.999875 1 1 1
254 34 583.9995779999999 178.999875 38.000232000000004 36.0 1 1 1
255 37 522.00018 181.000125 36.000612000000004 28.000125 1 1 1
255 26 550.999638 181.000125 18.000306000000002 18.0 1 1 1
255 34 583.9995779999999 178.999875 38.000232000000004 36.0 1 1 1
256 37 516.000078 183.0 39.999852 28.999875 1 1 1
256 26 548.000208 181.999875 19.000116000000002 19.000124999999997 1 1 1
256 30 560.000412 180.0 18.000306000000002 15.0 1 1 1
256 34 583.9995779999999 180.0 38.000232000000004 36.0 1 1 1
257 37 509.000166 183.0 44.000334 31.999875000000003 1 1 1
257 26 543.999726 181.999875 21.999546 19.000124999999997 1 1 1
257 30 559.000602 178.999875 18.000306000000002 16.000124999999997 1 1 1
257 34 583.9995779999999 178.999875 38.000232000000004 36.0 1 1 1
258 37 501.000444 178.999875 47.999574 34.999875 1 1 1
258 26 542.000106 178.000125 21.999546 21.0 1 1 1
258 30 557.99955 175.000125 18.000306000000002 16.999875 1 1 1
258 34 584.999388 175.000125 38.000232000000004 36.0 1 1 1
259 37 491.99967000000004 178.999875 52.000056 37.000125000000004 1 1 1
259 26 537.999624 177.0 25.000218 21.0 1 1 1
259 30 555.99993 172.999875 19.000116000000002 18.0 1 1 1
259 34 584.999388 174.0 39.000042 34.999875 1 1 1
260 37 479.99946600000004 181.999875 58.000158 40.999875 1 1 1
260 26 533.000574 180.0 27.999648 22.999875 1 1 1
260 30 554.00031 175.999875 19.999926 19.000124999999997 1 1 1
260 34 584.999388 177.0 39.000042 34.999875 1 1 1
261 37 464.999832 183.0 65.99988 46.999875 1 1 1
261 26 529.000092 181.000125 28.999458 25.000125 1 1 1
261 30 551.999448 178.000125 19.999926 19.000124999999997 1 1 1
261 34 584.999388 178.000125 39.999852 36.0 1 1 1
262 37 445.999716 181.999875 76.00046400000001 53.99999999999999 1 1 1
262 26 521.00037 180.0 34.99956 25.999875000000003 1 1 1
262 30 549.000018 175.999875 21.999546 19.999875 1 1 1
262 34 586.00044 177.0 39.000042 36.0 1 1 1
263 37 419.99968800000005 181.999875 91.000098 61.999875 1 1 1
263 26 514.000458 178.999875 38.000232000000004 28.000125 1 1 1
263 30 546.000588 174.0 24.000408 21.0 1 1 1
263 34 586.00044 175.000125 38.000232000000004 36.0 1 1 1
264 37 385.999938 181.999875 110.00021400000001 73.000125 1 1 1
264 26 505.999494 177.0 41.999472 30.0 1 1 1
264 33 564.999462 175.999875 14.999633999999999 13.000125 1 1 1
264 30 542.999916 172.999875 24.000408 21.0 1 1 1
264 34 584.999388 174.0 39.000042 36.0 1 1 1
265 37 333.00007200000005 181.999875 143.000154 93.0 1 1 1
265 26 496.999962 178.000125 45.999954 33.0 1 1 1
265 33 562.9998420000001 175.999875 14.999633999999999 15.0 1 1 1
265 30 537.999624 174.0 26.999838 22.000125 1 1 1
265 34 583.9995779999999 175.000125 39.000042 34.999875 1 1 1
266 37 248.000076 184.999875 200.000502 117.0 1 1 1
266 26 485.99956799999995 178.000125 51.000246000000004 37.000125000000004 1 1 1
266 33 560.000412 177.0 15.999443999999999 15.0 1 1 1
266 30 534.000384 174.0 28.999458 24.0 1 1 1
266 34 583.9995779999999 175.000125 39.000042 36.0 1 1 1
267 37 83.000376 187.000125 320.99986800000005 169.999875 1 1 1
267 26 472.999554 178.999875 57.000347999999995 40.999875 1 1 1
267 33 557.99955 177.0 17.000496000000002 16.000124999999997 1 1 1
267 30 529.000092 174.0 31.00032 25.999875000000003 1 1 1
267 34 582.999768 175.000125 39.999852 37.000125000000004 1 1 1
268 37 0.0 196.000125 332.000262 178.999875 1 1 1
268 26 457.99992 180.0 65.00007 46.000125 1 1 1
268 33 555.0001199999999 178.000125 19.000116000000002 16.000124999999997 1 1 1
268 30 523.9998 174.0 32.99994 28.000125 1 1 1
268 34 582.999768 175.000125 39.999852 37.000125000000004 1 1 1
269 37 0.0 220.999875 175.000284 154.000125 1 1 1
269 26 439.999614 181.000125 73.999602 52.000125000000004 1 1 1
269 33 553.0005 177.0 19.999926 16.999875 1 1 1
269 30 517.9996980000001 174.0 36.000612000000004 30.0 1 1 1
269 34 583.9995779999999 175.000125 39.000042 37.000125000000004 1 1 1
270 26 414.999396 181.000125 87.999426 61.000125000000004 1 1 1
270 33 549.999828 177.0 23.000598 18.0 1 1 1
270 30 510.999786 172.999875 39.000042 31.999875000000003 1 1 1
270 34 584.999388 175.000125 38.000232000000004 36.0 1 1 1
271 26 383.00050799999997 183.0 105.99973200000001 72.0 1 1 1
271 33 547.000398 177.0 25.000218 19.000124999999997 1 1 1
271 30 505.999494 174.0 41.999472 34.000125 1 1 1
271 34 584.999388 175.000125 39.000042 37.000125000000004 1 1 1
272 26 334.99969200000004 184.999875 135.000432 85.000125 1 1 1
272 33 544.9995359999999 177.0 26.000028 21.0 1 1 1
272 30 497.999772 172.999875 47.999574 39.0 1 1 1
272 34 584.999388 175.000125 39.000042 36.0 1 1 1
273 26 261.00009 184.999875 182.000196 106.999875 1 1 1
273 33 542.999916 177.0 26.999838 22.000125 1 1 1
273 30 489.00024 174.0 51.000246000000004 42.0 1 1 1
273 34 584.999388 175.999875 40.999662 36.0 1 1 1
274 26 129.00033 187.999875 275.999724 148.999875 1 1 1
274 33 538.999434 178.000125 30.00051 22.000125 1 1 1
274 30 477.000036 174.0 58.000158 46.000125 1 1 1
274 34 584.999388 175.000125 40.999662 37.000125000000004 1 1 1
275 26 0.0 193.000125 340.999794 181.999875 1 1 1
275 33 534.000384 178.000125 32.00013 22.999875 1 1 1
275 30 463.00021200000003 174.0 65.99988 52.999874999999996 1 1 1
275 34 587.00025 175.999875 39.000042 36.0 1 1 1
276 26 0.0 205.000125 210.99965400000002 169.999875 1 1 1
276 33 529.999902 178.999875 33.99975 24.0 1 1 1
276 30 444.99990599999995 172.999875 74.999412 60.0 1 1 1
276 34 587.00025 175.999875 39.999852 36.0 1 1 1
277 33 524.99961 178.999875 37.000422 25.999875000000003 1 1 1
277 30 419.99968800000005 172.000125 89.000478 70.999875 1 1 1
277 34 586.00044 175.999875 40.999662 36.0 1 1 1
278 33 518.999508 178.999875 39.999852 28.000125 1 1 1
278 30 386.99974799999995 169.999875 106.999542 85.000125 1 1 1
278 34 586.00044 175.999875 40.999662 36.0 1 1 1
279 33 511.999596 178.999875 43.000524 30.0 1 1 1
279 30 335.999502 169.000125 139.999482 103.000125 1 1 1
279 34 586.00044 175.999875 41.999472 36.0 1 1 1
280 33 504.999684 180.0 45.000144 31.999875000000003 1 1 1
280 30 257.999418 168.0 190.999728 130.999875 1 1 1
280 34 587.00025 175.999875 39.999852 36.0 1 1 1
281 33 495.000342 181.000125 51.000246000000004 34.999875 1 1 1
281 30 108.000594 165.0 298.000512 180.0 1 1 1
281 34 588.0000600000001 175.999875 39.999852 37.000125000000004 1 1 1
282 33 483.99994799999996 181.000125 56.000538 40.999875 1 1 1
282 30 0.0 163.000125 334.99969200000004 211.999875 1 1 1
282 34 588.0000600000001 175.999875 40.999662 37.000125000000004 1 1 1
283 33 470.00012399999997 181.999875 63.00045 43.999875 1 1 1
283 30 0.0 154.000125 178.999524 220.999875 1 1 1
283 34 588.0000600000001 175.999875 40.999662 37.000125000000004 1 1 1
284 33 452.99962800000003 181.999875 71.000172 49.999875 1 1 1
284 34 588.0000600000001 175.999875 41.999472 37.000125000000004 1 1 1
285 33 431.000082 183.0 83.000376 58.000125 1 1 1
285 34 588.0000600000001 177.0 41.999472 36.0 1 1 1
286 33 399.999762 184.999875 100.99944 66.0 1 1 1
286 34 588.0000600000001 175.999875 41.999472 37.000125000000004 1 1 1
287 33 357.00048 186.0 126.999468 81.0 1 1 1
287 34 588.99987 175.999875 40.999662 37.000125000000004 1 1 1
288 33 292.00041 187.000125 167.000562 102.00000000000001 1 1 1
288 34 588.99987 175.000125 41.999472 37.999875 1 1 1
289 33 178.999524 189.0 244.999404 136.000125 1 1 1
289 34 589.99968 175.000125 40.999662 37.000125000000004 1 1 1
290 33 0.0 193.999875 371.00030399999997 181.000125 1 1 1
290 34 589.99968 175.000125 40.999662 37.000125000000004 1 1 1
291 33 0.0 205.000125 267.000192 169.999875 1 1 1
291 34 588.99987 174.0 43.000524 37.999875 1 1 1
292 34 588.99987 174.0 43.000524 37.999875 1 1 1
293 34 589.99968 175.000125 41.999472 37.999875 1 1 1
294 34 590.99949 175.999875 41.999472 37.999875 1 1 1
295 34 589.99968 175.999875 43.000524 39.0 1 1 1
296 34 588.99987 175.000125 44.000334 39.0 1 1 1
