0 8 0.861514 0.813333 0.138486 0.186667
0 25 0.000000 0.573333 0.135266 0.426667
0 24 0.251208 0.509333 0.095813 0.181333
0 29 0.332528 0.501333 0.044283 0.128000
0 31 0.365539 0.496000 0.031401 0.101333
0 35 0.386473 0.490667 0.028180 0.082667
0 36 0.637681 0.413333 0.073269 0.106667
0 37 0.636071 0.413333 0.042673 0.080000
0 38 0.618357 0.424000 0.036232 0.088000
0 32 0.909018 0.357333 0.090982 0.112000
0 33 0.874396 0.373333 0.043478 0.090667
0 30 0.856683 0.386667 0.035427 0.069333
0 34 0.831723 0.378667 0.045089 0.077333
0 40 0.405797 0.480000 0.027375 0.069333
0 39 0.535427 0.461333 0.028180 0.080000
