0 8 0.778583 0.544000 0.221417 0.456000
0 25 0.000000 0.546667 0.180354 0.453333
0 24 0.268921 0.509333 0.087762 0.168000
0 29 0.340580 0.498667 0.041868 0.125333
0 31 0.372786 0.493333 0.028180 0.101333
0 35 0.392110 0.490667 0.025765 0.080000
0 36 0.634461 0.421333 0.051530 0.098667
0 37 0.633655 0.418667 0.040258 0.064000
0 38 0.615137 0.426667 0.035427 0.085333
0 32 0.895330 0.365333 0.101449 0.104000
0 33 0.860709 0.381333 0.041063 0.090667
0 30 0.842190 0.394667 0.035427 0.074667
0 34 0.823671 0.384000 0.044283 0.082667
0 40 0.409018 0.480000 0.026570 0.069333
0 39 0.535427 0.464000 0.025765 0.074667
