0 24 0.000000 0.573333 0.198068 0.426667
0 29 0.185185 0.538667 0.110306 0.232000
0 31 0.283414 0.520000 0.057166 0.165333
0 35 0.328502 0.506667 0.046699 0.122667
0 36 0.692432 0.402667 0.123994 0.152000
0 37 0.681965 0.402667 0.066023 0.141333
0 38 0.650564 0.418667 0.055556 0.120000
0 30 0.962158 0.376000 0.037842 0.101333
0 34 0.925121 0.365333 0.068438 0.112000
0 41 0.616747 0.432000 0.063607 0.098667
0 40 0.369565 0.498667 0.035427 0.090667
0 39 0.538647 0.469333 0.043478 0.112000
0 42 0.531401 0.466667 0.027375 0.098667
