0 24 0.000000 0.592000 0.159420 0.408000
0 29 0.145733 0.546667 0.133655 0.258667
0 31 0.264895 0.525333 0.066023 0.173333
0 35 0.320451 0.512000 0.049114 0.128000
0 36 0.702093 0.400000 0.133655 0.160000
0 37 0.691626 0.402667 0.070853 0.146667
0 38 0.657810 0.416000 0.060386 0.128000
0 30 0.983897 0.402667 0.016103 0.072000
0 34 0.942834 0.360000 0.057166 0.120000
0 41 0.622383 0.424000 0.091787 0.112000
0 40 0.363929 0.498667 0.037842 0.098667
0 39 0.539452 0.469333 0.048309 0.117333
0 42 0.532206 0.466667 0.028986 0.098667
