0 24 0.206119 0.522667 0.117552 0.213333
0 29 0.309984 0.512000 0.052335 0.146667
0 31 0.350242 0.504000 0.036232 0.112000
0 35 0.375201 0.498667 0.031401 0.090667
0 36 0.648148 0.413333 0.091787 0.117333
0 37 0.645733 0.413333 0.045894 0.077333
0 38 0.623188 0.424000 0.041063 0.093333
0 32 0.940419 0.354667 0.059581 0.104000
0 33 0.897746 0.368000 0.057166 0.101333
0 30 0.873591 0.384000 0.045894 0.088000
0 34 0.850242 0.378667 0.050725 0.093333
0 40 0.399356 0.488000 0.027375 0.072000
0 39 0.536232 0.466667 0.030596 0.085333
