0 25 0.000000 0.712000 0.076490 0.288000
0 24 0.230274 0.514667 0.106280 0.197333
0 29 0.320451 0.506667 0.049114 0.133333
0 31 0.358293 0.498667 0.033816 0.106667
0 35 0.380837 0.493333 0.029791 0.085333
0 36 0.643317 0.410667 0.088567 0.114667
0 37 0.640902 0.413333 0.044283 0.093333
0 38 0.620773 0.424000 0.037842 0.090667
0 32 0.924316 0.354667 0.075684 0.114667
0 33 0.884863 0.370667 0.049919 0.088000
0 30 0.862319 0.389333 0.031401 0.080000
0 34 0.839775 0.381333 0.049114 0.088000
0 40 0.402576 0.482667 0.027375 0.072000
0 39 0.536232 0.464000 0.028986 0.080000
