0 8 0.725443 0.501333 0.274557 0.498667
0 25 0.000000 0.530667 0.215781 0.456000
0 24 0.283414 0.504000 0.081320 0.154667
0 29 0.351047 0.498667 0.037037 0.114667
0 31 0.379227 0.493333 0.026570 0.093333
0 35 0.396940 0.488000 0.024155 0.080000
0 36 0.630435 0.424000 0.076490 0.096000
0 37 0.628824 0.418667 0.036232 0.064000
0 38 0.611916 0.429333 0.033816 0.082667
0 32 0.880837 0.373333 0.099034 0.101333
0 33 0.850242 0.386667 0.039452 0.088000
0 30 0.832528 0.397333 0.034622 0.074667
0 34 0.814010 0.392000 0.042673 0.080000
0 39 0.534622 0.461333 0.024960 0.077333
