0 35 0.000000 0.576000 0.175523 0.424000
0 38 0.974235 0.530667 0.025765 0.106667
0 41 0.809984 0.416000 0.190016 0.274667
0 40 0.194042 0.525333 0.131240 0.229333
0 39 0.619163 0.504000 0.203704 0.357333
0 42 0.578905 0.480000 0.086957 0.224000
0 43 0.311594 0.514667 0.053945 0.144000
0 44 0.549114 0.488000 0.041868 0.122667
0 49 0.365539 0.501333 0.043478 0.096000
0 45 0.536232 0.485333 0.025765 0.101333
0 46 0.407407 0.485333 0.024155 0.069333
0 47 0.524155 0.480000 0.025765 0.077333
0 48 0.451691 0.472000 0.033816 0.050667
