0 34 570.999564 175.000125 39.000042 34.999875 1 1 1
1 34 572.000616 174.0 38.000232000000004 34.999875 1 1 1
2 34 572.000616 174.0 39.000042 34.999875 1 1 1
3 34 572.000616 172.999875 39.000042 36.0 1 1 1
4 34 572.000616 172.000125 39.000042 36.0 1 1 1
5 34 573.0004260000001 172.000125 38.000232000000004 36.0 1 1 1
6 34 573.0004260000001 172.000125 39.000042 37.000125000000004 1 1 1
7 34 572.000616 172.999875 40.999662 36.0 1 1 1
8 34 572.000616 174.0 40.999662 37.000125000000004 1 1 1
9 34 573.0004260000001 175.999875 40.999662 36.0 1 1 1
10 13 372.99992399999996 177.0 27.999648 16.000124999999997 1 1 1
10 34 574.000236 177.0 39.999852 36.0 1 1 1
11 13 366.999822 177.0 28.999458 16.999875 1 1 1
11 34 574.000236 177.0 40.999662 37.000125000000004 1 1 1
12 13 360.99971999999997 178.000125 30.00051 16.999875 1 1 1
12 34 574.000236 177.0 40.999662 37.000125000000004 1 1 1
13 13 354.999618 177.0 31.00032 16.999875 1 1 1
13 34 575.000046 177.0 40.999662 37.000125000000004 1 1 1
14 13 346.99989600000004 175.999875 33.99975 18.0 1 1 1
14 34 575.000046 175.999875 39.999852 37.000125000000004 1 1 1
15 13 339.000174 175.000125 34.99956 19.000124999999997 1 1 1
15 34 574.000236 175.000125 41.999472 37.999875 1 1 1
16 13 333.00007200000005 175.000125 34.99956 19.000124999999997 1 1 1
16 34 574.000236 175.000125 41.999472 37.000125000000004 1 1 1
17 13 322.99948800000004 174.0 38.000232000000004 19.999875 1 1 1
17 34 574.000236 174.0 41.999472 37.999875 1 1 1
18 13 313.999956 175.000125 39.000042 19.000124999999997 1 1 1
18 34 573.0004260000001 174.0 41.999472 37.999875 1 1 1
19 13 304.00061400000004 174.0 40.999662 19.999875 1 1 1
19 34 573.0004260000001 174.0 43.000524 37.999875 1 1 1
20 13 294.99984 177.0 41.999472 19.999875 1 1 1
20 34 572.000616 175.000125 43.000524 39.0 1 1 1
21 13 283.99944600000003 175.999875 45.000144 22.000125 1 1 1
21 34 573.0004260000001 175.000125 43.000524 39.0 1 1 1
22 13 273.000294 175.999875 45.999954 22.000125 1 1 1
22 34 572.000616 174.0 43.000524 39.0 1 1 1
23 13 261.00009 174.0 47.999574 22.999875 1 1 1
23 34 572.000616 172.000125 44.000334 40.000125 1 1 1
24 13 247.00026599999998 174.0 52.000056 24.0 1 1 1
24 34 570.999564 172.000125 45.000144 40.000125 1 1 1
25 13 233.000442 175.000125 54.999486000000005 24.0 1 1 1
25 34 570.999564 172.000125 45.000144 40.000125 1 1 1
26 13 219.000618 175.999875 57.000347999999995 25.000125 1 1 1
26 34 570.999564 172.000125 45.000144 40.999875 1 1 1
27 13 202.000122 175.000125 61.999398 26.999999999999996 1 1 1
27 34 568.000134 172.000125 48.999384 40.999875 1 1 1
28 13 185.999436 175.999875 65.00007 28.000125 1 1 1
28 14 359.99990999999994 174.0 30.00051 15.0 1 1 1
28 34 568.000134 172.000125 47.999574 42.0 1 1 1
29 13 167.000562 175.000125 70.000362 28.999875 1 1 1
29 14 354.999618 172.999875 30.00051 15.0 1 1 1
29 34 569.9997539999999 171.0 45.999954 42.0 1 1 1
30 13 146.999394 174.0 74.999412 31.000125 1 1 1
30 14 348.999516 172.000125 31.00032 16.000124999999997 1 1 1
30 34 569.9997539999999 171.0 45.999954 40.999875 1 1 1
31 13 124.999848 172.999875 82.00056599999999 31.999875000000003 1 1 1
31 14 344.000466 172.000125 31.00032 15.0 1 1 1
31 34 569.9997539999999 169.000125 46.999764 42.0 1 1 1
32 13 100.99944 174.0 87.999426 33.0 1 1 1
32 14 337.00055399999997 171.0 32.00013 16.999875 1 1 1
32 34 569.9997539999999 169.000125 45.999954 43.000125000000004 1 1 1
33 13 73.999602 175.999875 95.00058 34.000125 1 1 1
33 14 331.00045200000005 172.999875 32.99994 16.000124999999997 1 1 1
33 34 569.9997539999999 171.0 45.999954 43.000125000000004 1 1 1
34 13 46.999764 177.0 102.00049200000001 36.0 1 1 1
34 14 325.00034999999997 172.999875 33.99975 18.0 1 1 1
34 34 569.9997539999999 171.0 45.999954 43.000125000000004 1 1 1
35 13 15.999443999999999 175.999875 111.000024 40.000125 1 1 1
35 14 318.00043800000003 174.0 34.99956 18.0 1 1 1
35 34 568.999944 172.000125 47.999574 43.000125000000004 1 1 1
36 13 0.0 177.0 103.000302 42.0 1 1 1
36 14 312.000336 174.0 36.000612000000004 18.0 1 1 1
36 34 568.999944 171.0 47.999574 43.999875 1 1 1
37 13 0.0 177.0 77.00027399999999 45.0 1 1 1
37 14 304.00061400000004 172.000125 38.000232000000004 19.000124999999997 1 1 1
37 34 569.9997539999999 169.999875 46.999764 43.999875 1 1 1
38 13 0.0 178.000125 46.999764 40.000125 1 1 1
38 14 295.99965000000003 172.999875 39.999852 19.000124999999997 1 1 1
38 34 569.9997539999999 169.999875 46.999764 43.999875 1 1 1
39 14 289.999548 172.999875 39.999852 19.999875 1 1 1
39 34 569.9997539999999 171.0 47.999574 43.999875 1 1 1
40 14 280.000206 172.999875 43.000524 19.999875 1 1 1
40 34 570.999564 171.0 47.999574 45.0 1 1 1
41 14 273.000294 175.000125 44.000334 19.999875 1 1 1
41 34 570.999564 172.000125 46.999764 45.0 1 1 1
42 14 263.99952 175.999875 46.999764 19.999875 1 1 1
42 34 570.999564 172.000125 47.999574 46.000125 1 1 1
43 14 255.999798 177.0 45.999954 19.999875 1 1 1
43 34 570.999564 172.000125 47.999574 46.000125 1 1 1
44 14 242.99978399999998 177.0 51.000246000000004 19.999875 1 1 1
44 34 570.999564 172.000125 48.999384 46.000125 1 1 1
45 14 236.99968199999998 178.000125 50.000436 21.0 1 1 1
45 34 572.000616 172.999875 47.999574 46.000125 1 1 1
46 14 222.000048 178.999875 56.000538 22.000125 1 1 1
46 34 572.000616 174.0 50.000436 46.000125 1 1 1
47 14 210.99965400000002 181.000125 58.000158 22.000125 1 1 1
47 34 572.000616 175.000125 50.000436 46.000125 1 1 1
48 14 197.99964 181.000125 60.999587999999996 22.999875 1 1 1
48 34 572.000616 175.000125 51.000246000000004 46.999875 1 1 1
49 14 183.999816 181.000125 65.00007 22.999875 1 1 1
49 34 572.000616 172.999875 51.000246000000004 48.0 1 1 1
50 14 169.000182 180.0 67.9995 24.0 1 1 1
50 34 573.0004260000001 172.999875 52.000056 48.0 1 1 1
51 14 152.999496 181.000125 71.999982 25.000125 1 1 1
51 34 573.0004260000001 172.999875 52.999866000000004 48.0 1 1 1
52 14 135.000432 181.000125 72.999792 25.999875000000003 1 1 1
52 34 574.000236 172.999875 52.000056 49.000125000000004 1 1 1
53 14 117.000126 180.0 77.00027399999999 28.000125 1 1 1
53 34 574.000236 172.999875 52.000056 49.000125000000004 1 1 1
54 14 98.00001 180.0 86.999616 30.0 1 1 1
54 34 574.000236 172.999875 53.999676 49.999875 1 1 1
55 14 74.999412 181.000125 92.999718 30.0 1 1 1
55 34 575.000046 172.999875 54.999486000000005 49.999875 1 1 1
56 14 54.999486000000005 180.0 98.00001 34.000125 1 1 1
56 34 575.000046 172.000125 53.999676 49.999875 1 1 1
57 14 40.999662 181.000125 95.00058 34.000125 1 1 1
57 34 575.000046 172.000125 53.999676 49.999875 1 1 1
58 14 1.9996200000000002 181.000125 115.00050599999999 37.000125000000004 1 1 1
58 34 575.999856 172.000125 53.999676 51.00000000000001 1 1 1
59 14 0.0 180.0 98.00001 39.0 1 1 1
59 34 575.999856 172.000125 54.999486000000005 49.999875 1 1 1
60 14 0.0 183.0 77.00027399999999 39.0 1 1 1
60 34 576.999666 169.999875 53.999676 52.000125000000004 1 1 1
61 14 0.0 186.0 52.000056 31.999875000000003 1 1 1
61 34 577.9994760000001 169.999875 53.999676 52.000125000000004 1 1 1
62 14 0.0 196.99987500000003 26.000028 22.999875 1 1 1
62 34 576.999666 169.999875 56.000538 52.000125000000004 1 1 1
63 34 577.9994760000001 169.999875 56.000538 52.000125000000004 1 1 1
64 34 577.9994760000001 171.0 56.000538 52.999874999999996 1 1 1
65 34 579.000528 172.000125 56.000538 52.999874999999996 1 1 1
66 34 579.000528 172.000125 56.000538 52.999874999999996 1 1 1
67 34 579.000528 172.000125 56.000538 52.999874999999996 1 1 1
68 4 366.000012 174.0 19.999926 13.999875 1 1 1
68 34 580.0003379999999 172.000125 56.000538 52.999874999999996 1 1 1
69 4 357.00048 172.999875 27.999648 15.0 1 1 1
69 34 580.0003379999999 172.000125 56.000538 52.999874999999996 1 1 1
70 4 358.00028999999995 174.0 25.000218 15.0 1 1 1
70 34 581.000148 172.000125 56.000538 52.999874999999996 1 1 1
71 4 352.000188 172.999875 28.999458 16.000124999999997 1 1 1
71 34 581.000148 172.000125 57.000347999999995 52.999874999999996 1 1 1
72 4 347.999706 172.999875 28.999458 16.000124999999997 1 1 1
72 34 581.999958 172.000125 56.000538 52.999874999999996 1 1 1
73 4 346.000086 172.999875 28.999458 16.999875 1 1 1
73 34 579.000528 172.000125 58.999967999999996 53.99999999999999 1 1 1
74 4 345.00027600000004 172.999875 26.999838 16.999875 1 1 1
74 34 579.000528 172.000125 58.999967999999996 53.99999999999999 1 1 1
75 4 339.999984 172.999875 27.999648 16.999875 1 1 1
75 34 581.000148 172.000125 58.000158 53.99999999999999 1 1 1
76 4 333.999882 172.999875 31.00032 18.0 1 1 1
76 34 582.999768 172.000125 56.000538 52.999874999999996 1 1 1
77 4 329.9994 172.999875 32.00013 18.0 1 1 1
77 34 581.000148 172.000125 58.000158 52.999874999999996 1 1 1
78 4 326.00016 172.999875 32.99994 19.000124999999997 1 1 1
78 34 582.999768 172.999875 57.000347999999995 52.999874999999996 1 1 1
79 4 320.99986800000005 172.999875 33.99975 19.999875 1 1 1
79 34 583.9995779999999 172.999875 54.999486000000005 53.99999999999999 1 1 1
80 4 316.99938599999996 174.0 33.99975 19.000124999999997 1 1 1
80 34 583.9995779999999 172.999875 56.000538 53.99999999999999 1 1 1
81 4 309.999474 172.999875 37.000422 19.999875 1 1 1
81 34 583.9995779999999 172.999875 56.000538 52.999874999999996 1 1 1
82 4 307.000044 172.999875 36.000612000000004 21.0 1 1 1
82 34 582.999768 172.999875 57.000347999999995 52.999874999999996 1 1 1
83 4 301.999752 172.999875 38.000232000000004 21.0 1 1 1
83 34 582.999768 172.999875 57.000347999999995 52.999874999999996 1 1 1
84 4 295.99965000000003 172.999875 37.000422 21.0 1 1 1
84 34 582.999768 172.999875 57.000347999999995 52.999874999999996 1 1 1
85 4 288.99973800000004 174.0 40.999662 19.999875 1 1 1
85 34 582.999768 172.999875 56.000538 52.999874999999996 1 1 1
86 4 283.99944600000003 174.0 40.999662 19.999875 1 1 1
86 34 582.999768 172.000125 56.000538 52.999874999999996 1 1 1
87 4 276.999534 172.000125 43.000524 22.999875 1 1 1
87 34 582.999768 171.0 56.000538 53.99999999999999 1 1 1
88 4 270.999432 172.999875 44.000334 22.000125 1 1 1
88 34 582.999768 171.0 56.000538 53.99999999999999 1 1 1
89 4 266.000382 172.999875 44.000334 22.999875 1 1 1
89 34 582.999768 171.0 56.000538 53.99999999999999 1 1 1
90 4 256.999608 172.000125 46.999764 24.0 1 1 1
90 34 582.999768 171.0 56.000538 53.99999999999999 1 1 1
91 4 252.00055799999998 172.000125 45.999954 24.0 1 1 1
91 34 581.999958 169.999875 57.000347999999995 55.000125 1 1 1
92 4 243.999594 171.0 46.999764 25.000125 1 1 1
92 34 581.999958 169.999875 57.000347999999995 55.000125 1 1 1
93 4 234.000252 172.000125 51.000246000000004 25.000125 1 1 1
93 34 581.000148 171.0 57.000347999999995 55.000125 1 1 1
94 4 224.99947799999998 172.999875 52.999866000000004 25.999875000000003 1 1 1
94 34 580.0003379999999 171.0 57.000347999999995 55.000125 1 1 1
95 4 215.99994600000002 172.999875 54.999486000000005 25.999875000000003 1 1 1
95 34 579.000528 171.0 58.000158 55.000125 1 1 1
96 4 207.000414 172.999875 57.000347999999995 26.999999999999996 1 1 1
96 34 577.9994760000001 171.0 59.999778 55.999874999999996 1 1 1
97 4 196.00002 172.999875 60.999587999999996 28.000125 1 1 1
97 34 576.999666 171.0 58.999967999999996 55.000125 1 1 1
98 4 188.00029800000002 174.0 60.999587999999996 28.000125 1 1 1
98 34 575.999856 169.999875 59.999778 57.0 1 1 1
99 4 176.999904 174.0 64.00026 28.000125 1 1 1
99 34 573.0004260000001 169.999875 61.999398 55.999874999999996 1 1 1
100 4 165.99951 175.000125 65.99988 28.000125 1 1 1
100 34 575.000046 169.999875 59.999778 57.0 1 1 1
101 4 156.000168 175.999875 66.99969 28.999875 1 1 1
101 34 574.000236 172.000125 59.999778 55.999874999999996 1 1 1
102 4 145.999584 177.0 69.000552 30.0 1 1 1
102 34 573.0004260000001 172.000125 58.999967999999996 58.000125 1 1 1
103 4 133.99938 178.000125 71.000172 31.000125 1 1 1
103 34 572.000616 172.999875 59.999778 58.000125 1 1 1
104 4 122.000418 178.000125 73.999602 33.0 1 1 1
104 34 570.999564 174.0 60.999587999999996 58.000125 1 1 1
105 4 109.000404 178.000125 77.00027399999999 33.0 1 1 1
105 34 570.999564 172.999875 59.999778 58.000125 1 1 1
106 4 95.00058 177.0 80.99951399999999 34.000125 1 1 1
106 34 568.999944 172.000125 61.999398 58.999875 1 1 1
107 4 82.00056599999999 175.999875 83.000376 34.999875 1 1 1
107 34 567.000324 172.000125 64.00026 58.999875 1 1 1
108 4 67.9995 175.999875 85.99980599999999 36.0 1 1 1
108 34 567.000324 172.000125 61.999398 58.999875 1 1 1
109 4 51.000246000000004 177.0 91.000098 37.000125000000004 1 1 1
109 34 563.999652 172.999875 63.00045 58.999875 1 1 1
110 4 31.00032 175.999875 97.0002 37.999875 1 1 1
110 34 562.9998420000001 174.0 63.00045 58.000125 1 1 1
111 4 17.000496000000002 175.999875 98.99982 39.0 1 1 1
111 34 562.000032 172.999875 63.00045 60.0 1 1 1
112 4 0.0 175.999875 102.00049200000001 40.000125 1 1 1
112 34 559.000602 172.000125 65.00007 60.0 1 1 1
113 4 0.0 175.999875 89.000478 42.0 1 1 1
113 34 556.99974 172.999875 65.00007 60.0 1 1 1
114 4 0.0 175.999875 71.999982 42.0 1 1 1
114 34 555.0001199999999 174.0 64.00026 58.999875 1 1 1
115 4 0.0 177.0 58.999967999999996 39.0 1 1 1
115 34 553.0005 174.0 65.00007 58.999875 1 1 1
116 4 0.0 178.000125 43.000524 39.0 1 1 1
116 34 551.999448 174.0 65.00007 58.999875 1 1 1
117 34 549.999828 174.0 65.99988 58.999875 1 1 1
118 34 549.000018 172.999875 65.99988 61.000125000000004 1 1 1
119 34 548.000208 174.0 65.99988 58.999875 1 1 1
120 34 548.000208 172.999875 65.99988 60.0 1 1 1
121 34 548.000208 172.999875 65.99988 60.0 1 1 1
122 34 549.000018 172.999875 65.99988 60.0 1 1 1
123 34 550.999638 172.999875 65.00007 58.999875 1 1 1
124 34 551.999448 172.999875 65.99988 60.0 1 1 1
125 34 553.0005 172.999875 65.99988 60.0 1 1 1
126 34 553.0005 174.0 66.99969 60.0 1 1 1
127 34 554.00031 175.000125 66.99969 60.0 1 1 1
128 34 553.0005 175.000125 66.99969 60.0 1 1 1
129 34 554.00031 175.999875 66.99969 60.0 1 1 1
130 34 554.00031 175.999875 66.99969 60.0 1 1 1
131 34 554.00031 175.999875 66.99969 60.0 1 1 1
132 34 554.00031 175.999875 66.99969 60.0 1 1 1
133 34 553.0005 175.999875 67.9995 60.0 1 1 1
134 34 553.0005 175.999875 66.99969 60.0 1 1 1
135 34 553.0005 175.999875 66.99969 61.000125000000004 1 1 1
136 34 553.0005 177.0 65.99988 58.999875 1 1 1
137 34 551.999448 175.999875 65.99988 60.0 1 1 1
138 34 550.999638 175.999875 66.99969 60.0 1 1 1
139 34 549.000018 175.999875 69.000552 58.999875 1 1 1
140 34 549.999828 177.0 66.99969 58.999875 1 1 1
141 34 549.000018 177.0 66.99969 60.0 1 1 1
141 41 318.00043800000003 178.999875 32.00013 16.999875 1 1 1
142 34 548.000208 177.0 66.99969 58.999875 1 1 1
142 41 313.000146 178.999875 34.99956 16.999875 1 1 1
143 34 548.000208 177.0 65.99988 58.999875 1 1 1
143 41 308.999664 178.000125 36.000612000000004 18.0 1 1 1
144 34 546.000588 175.999875 67.9995 60.0 1 1 1
144 41 305.000424 178.000125 37.000422 18.0 1 1 1
145 34 546.000588 175.999875 66.99969 58.999875 1 1 1
145 41 300.000132 178.000125 37.000422 16.999875 1 1 1
146 34 546.000588 175.999875 66.99969 58.999875 1 1 1
146 41 296.99946 178.000125 38.000232000000004 18.0 1 1 1
147 34 544.9995359999999 175.999875 66.99969 58.999875 1 1 1
147 41 294.00003000000004 178.000125 37.000422 18.0 1 1 1
148 34 543.999726 175.999875 67.9995 58.999875 1 1 1
148 41 289.999548 178.999875 39.999852 16.999875 1 1 1
149 34 542.999916 177.0 67.9995 58.000125 1 1 1
149 41 287.000118 178.999875 39.999852 16.999875 1 1 1
150 34 543.999726 175.999875 65.99988 58.999875 1 1 1
150 41 282.999636 178.000125 39.000042 19.000124999999997 1 1 1
151 34 544.9995359999999 175.999875 65.00007 58.000125 1 1 1
151 41 280.000206 178.000125 45.000144 19.999875 1 1 1
152 34 544.9995359999999 177.0 65.00007 58.000125 1 1 1
152 41 276.999534 178.999875 52.000056 19.000124999999997 1 1 1
153 34 544.9995359999999 177.0 65.99988 57.0 1 1 1
153 41 273.000294 178.999875 47.999574 19.999875 1 1 1
154 34 547.000398 177.0 64.00026 58.000125 1 1 1
154 41 269.999622 178.999875 50.000436 19.000124999999997 1 1 1
155 34 548.000208 177.0 64.00026 58.000125 1 1 1
155 41 267.000192 178.999875 32.00013 19.999875 1 1 1
156 34 549.000018 178.000125 64.00026 57.0 1 1 1
156 41 265.000572 178.999875 45.000144 21.0 1 1 1
157 34 549.999828 178.000125 63.00045 55.999874999999996 1 1 1
157 41 261.9999 178.999875 45.000144 21.0 1 1 1
158 34 550.999638 177.0 63.00045 55.999874999999996 1 1 1
158 41 259.00047 178.999875 45.000144 21.0 1 1 1
159 34 551.999448 178.000125 61.999398 55.000125 1 1 1
159 41 254.999988 178.999875 46.999764 22.000125 1 1 1
160 34 553.0005 178.000125 60.999587999999996 55.000125 1 1 1
160 41 247.00026599999998 178.999875 51.000246000000004 22.999875 1 1 1
161 34 554.00031 178.000125 60.999587999999996 55.000125 1 1 1
161 41 243.999594 178.999875 51.000246000000004 22.999875 1 1 1
162 34 554.00031 178.999875 59.999778 53.99999999999999 1 1 1
162 41 239.000544 178.999875 52.999866000000004 24.0 1 1 1
163 34 555.0001199999999 178.999875 58.999967999999996 52.999874999999996 1 1 1
163 41 234.000252 180.0 54.999486000000005 24.0 1 1 1
164 34 555.99993 180.0 58.999967999999996 52.999874999999996 1 1 1
164 41 228.00015 181.000125 53.999676 24.0 1 1 1
165 34 556.99974 180.0 58.000158 52.999874999999996 1 1 1
165 41 221.00023800000002 181.999875 54.999486000000005 24.0 1 1 1
166 34 557.99955 181.000125 56.000538 51.00000000000001 1 1 1
167 34 559.000602 180.0 57.000347999999995 52.000125000000004 1 1 1
168 34 559.000602 181.000125 57.000347999999995 51.00000000000001 1 1 1
169 34 560.000412 181.000125 56.000538 51.00000000000001 1 1 1
170 9 250.999506 178.999875 45.000144 28.000125 1 1 1
170 25 329.9994 184.000125 19.000116000000002 18.0 1 1 1
170 34 560.000412 181.000125 57.000347999999995 51.00000000000001 1 1 1
170 41 183.000006 184.000125 61.999398 26.999999999999996 1 1 1
171 9 261.9999 180.0 28.999458 26.999999999999996 1 1 1
171 25 325.00034999999997 184.000125 33.99975 18.0 1 1 1
171 34 561.000222 180.0 57.000347999999995 51.00000000000001 1 1 1
171 41 174.000474 184.000125 61.999398 25.999875000000003 1 1 1
172 9 252.00055799999998 178.999875 33.99975 28.000125 1 1 1
172 25 321.999678 183.0 33.99975 18.0 1 1 1
172 34 562.000032 180.0 57.000347999999995 49.999875 1 1 1
172 41 176.999904 183.0 50.000436 28.999875 1 1 1
173 9 241.99997399999998 178.999875 38.000232000000004 28.000125 1 1 1
173 25 324.00054 181.999875 30.00051 19.000124999999997 1 1 1
173 34 562.9998420000001 178.999875 56.000538 49.999875 1 1 1
173 41 156.000168 181.999875 64.00026 28.000125 1 1 1
174 9 231.99938999999998 178.999875 43.000524 28.999875 1 1 1
174 25 312.000336 183.0 39.000042 19.000124999999997 1 1 1
174 34 563.999652 180.0 57.000347999999995 49.000125000000004 1 1 1
174 41 142.000344 183.0 70.000362 28.999875 1 1 1
175 9 219.000618 178.000125 48.999384 30.0 1 1 1
175 25 318.00043800000003 181.999875 30.00051 21.0 1 1 1
175 34 564.999462 180.0 56.000538 49.000125000000004 1 1 1
175 41 129.00033 183.0 71.999982 30.0 1 1 1
176 9 206.000604 178.999875 56.000538 30.0 1 1 1
176 25 306.00023400000003 181.999875 38.000232000000004 21.0 1 1 1
176 34 568.000134 180.0 53.999676 48.0 1 1 1
176 41 115.00050599999999 183.0 72.999792 31.999875000000003 1 1 1
177 9 191.999538 180.0 61.999398 31.000125 1 1 1
177 25 298.000512 183.0 41.999472 22.000125 1 1 1
177 34 568.999944 180.0 52.999866000000004 49.000125000000004 1 1 1
177 41 100.99944 183.0 70.000362 33.0 1 1 1
178 9 175.000284 180.0 70.000362 31.000125 1 1 1
178 25 292.00041 183.0 41.999472 22.000125 1 1 1
178 34 568.999944 181.000125 53.999676 48.0 1 1 1
178 41 84.000186 183.0 69.000552 34.000125 1 1 1
179 9 163.99989 178.000125 71.999982 31.999875000000003 1 1 1
179 25 285.000498 183.0 47.999574 22.000125 1 1 1
179 34 569.9997539999999 180.0 53.999676 48.0 1 1 1
179 41 66.99969 181.000125 98.99982 34.999875 1 1 1
180 9 156.000168 177.0 71.000172 34.000125 1 1 1
180 25 278.000586 181.000125 45.999954 22.999875 1 1 1
180 34 570.999564 178.000125 52.999866000000004 48.0 1 1 1
180 41 45.999954 180.0 66.99969 34.999875 1 1 1
181 9 136.00024200000001 175.999875 79.999704 36.0 1 1 1
181 25 272.00048400000003 180.0 46.999764 22.999875 1 1 1
181 34 570.999564 177.0 53.999676 48.0 1 1 1
181 41 25.000218 184.000125 109.000404 31.999875000000003 1 1 1
182 9 121.000608 175.999875 85.99980599999999 37.000125000000004 1 1 1
182 25 265.000572 181.000125 48.999384 22.999875 1 1 1
182 34 572.000616 177.0 52.999866000000004 48.0 1 1 1
182 41 0.9998100000000001 181.000125 116.000316 37.999875 1 1 1
183 9 105.99973200000001 177.0 85.99980599999999 37.999875 1 1 1
183 25 257.999418 181.000125 50.000436 24.0 1 1 1
183 34 572.000616 178.000125 53.999676 48.0 1 1 1
183 41 13.999824 183.0 85.99980599999999 36.0 1 1 1
184 9 89.000478 178.000125 92.999718 37.999875 1 1 1
184 25 248.000076 181.999875 53.999676 24.0 1 1 1
184 34 574.000236 178.000125 52.000056 46.999875 1 1 1
184 41 34.99956 184.000125 46.999764 37.000125000000004 1 1 1
185 9 70.000362 177.0 99.99963000000001 40.000125 1 1 1
185 25 240.000354 181.999875 54.999486000000005 25.000125 1 1 1
185 34 575.000046 177.0 52.000056 46.999875 1 1 1
185 41 0.0 183.0 59.999778 40.000125 1 1 1
186 9 51.000246000000004 178.000125 106.999542 40.999875 1 1 1
186 25 229.99976999999998 181.000125 58.000158 25.999875000000003 1 1 1
186 34 575.000046 177.0 52.999866000000004 46.999875 1 1 1
186 41 0.0 184.999875 38.000232000000004 40.000125 1 1 1
187 9 27.999648 178.000125 112.99964399999999 40.999875 1 1 1
187 25 220.00042800000003 181.999875 59.999778 26.999999999999996 1 1 1
187 34 576.999666 178.000125 52.000056 46.000125 1 1 1
187 41 0.0 192.0 11.000394 36.0 1 1 1
188 9 6.000102 178.999875 118.99974599999999 46.000125 1 1 1
188 25 209.99984400000002 183.0 61.999398 26.999999999999996 1 1 1
188 34 577.9994760000001 178.000125 51.000246000000004 46.000125 1 1 1
189 9 2.9994300000000003 180.0 103.000302 49.000125000000004 1 1 1
189 25 196.99983 184.000125 65.99988 28.000125 1 1 1
189 34 577.9994760000001 178.000125 52.000056 46.000125 1 1 1
190 9 0.0 181.999875 84.999996 49.999875 1 1 1
190 25 185.999436 186.0 69.000552 28.000125 1 1 1
190 34 580.0003379999999 178.999875 51.000246000000004 46.000125 1 1 1
191 9 0.0 184.000125 64.00026 48.0 1 1 1
191 25 171.99961199999998 187.999875 69.000552 28.999875 1 1 1
191 34 581.000148 180.0 50.000436 45.0 1 1 1
192 9 0.0 186.0 39.999852 30.0 1 1 1
192 25 163.99989 187.999875 69.000552 26.999999999999996 1 1 1
192 24 569.9997539999999 180.0 13.000014 12.0 1 1 1
192 34 581.999958 180.0 50.000436 45.0 1 1 1
193 25 142.000344 187.999875 80.99951399999999 31.000125 1 1 1
193 24 569.9997539999999 180.0 13.999824 12.0 1 1 1
193 34 583.9995779999999 180.0 47.999574 43.999875 1 1 1
194 25 124.999848 187.999875 85.99980599999999 31.999875000000003 1 1 1
194 24 568.000134 180.0 14.999633999999999 13.999875 1 1 1
194 34 583.9995779999999 180.0 48.999384 43.999875 1 1 1
195 25 105.99973200000001 187.999875 91.000098 34.000125 1 1 1
195 24 567.000324 181.000125 15.999443999999999 13.999875 1 1 1
195 34 584.999388 180.0 47.999574 45.0 1 1 1
196 25 85.99980599999999 186.0 97.0002 34.999875 1 1 1
196 24 566.000514 180.0 17.000496000000002 15.0 1 1 1
196 34 586.00044 180.0 47.999574 43.999875 1 1 1
197 25 63.00045 184.999875 104.000112 37.000125000000004 1 1 1
197 24 563.999652 180.0 18.000306000000002 15.0 1 1 1
197 34 587.00025 178.999875 46.999764 43.999875 1 1 1
198 25 38.000232000000004 184.000125 111.000024 37.999875 1 1 1
198 24 562.9998420000001 178.999875 17.000496000000002 16.999875 1 1 1
198 34 587.00025 178.999875 46.999764 43.999875 1 1 1
199 25 11.000394 184.999875 118.99974599999999 40.999875 1 1 1
199 24 561.000222 181.000125 18.000306000000002 16.999875 1 1 1
199 34 587.00025 180.0 46.999764 43.000125000000004 1 1 1
200 25 0.0 186.0 109.000404 43.000125000000004 1 1 1
200 24 559.000602 181.000125 18.000306000000002 18.0 1 1 1
200 34 587.00025 180.0 46.999764 43.000125000000004 1 1 1
201 25 0.0 187.000125 84.000186 36.0 1 1 1
201 24 555.0001199999999 181.000125 20.999736 18.0 1 1 1
201 34 588.0000600000001 180.0 45.999954 43.000125000000004 1 1 1
202 25 0.0 186.0 58.999967999999996 42.0 1 1 1
202 24 551.999448 178.999875 21.999546 19.999875 1 1 1
202 34 588.0000600000001 178.000125 45.999954 43.000125000000004 1 1 1
203 25 0.0 189.0 30.00051 43.000125000000004 1 1 1
203 24 549.000018 180.0 23.000598 19.000124999999997 1 1 1
203 34 588.0000600000001 177.0 45.999954 43.000125000000004 1 1 1
204 24 547.000398 178.999875 24.000408 21.0 1 1 1
204 29 566.000514 180.0 13.999824 13.000125 1 1 1
204 34 588.0000600000001 177.0 45.999954 42.0 1 1 1
205 24 542.999916 180.0 26.000028 22.000125 1 1 1
205 29 564.999462 180.0 13.999824 13.999875 1 1 1
205 34 588.0000600000001 177.0 45.999954 42.0 1 1 1
206 24 538.999434 178.000125 27.999648 24.0 1 1 1
206 29 563.999652 178.000125 14.999633999999999 15.0 1 1 1
206 34 588.0000600000001 175.999875 45.999954 42.0 1 1 1
207 24 535.000194 177.0 30.00051 25.000125 1 1 1
207 29 562.000032 177.0 15.999443999999999 15.0 1 1 1
207 34 588.0000600000001 174.0 45.999954 42.0 1 1 1
208 24 529.999902 178.000125 32.00013 26.999999999999996 1 1 1
208 29 561.000222 178.000125 15.999443999999999 16.000124999999997 1 1 1
208 34 588.0000600000001 175.000125 45.999954 42.0 1 1 1
209 24 524.99961 180.0 34.99956 28.999875 1 1 1
209 29 559.000602 180.0 18.000306000000002 18.0 1 1 1
209 34 588.99987 178.000125 45.000144 40.999875 1 1 1
210 24 517.9996980000001 181.999875 38.000232000000004 31.000125 1 1 1
210 29 555.99993 181.999875 19.999926 18.0 1 1 1
210 34 588.99987 180.0 45.000144 40.999875 1 1 1
211 24 509.999976 181.999875 40.999662 34.000125 1 1 1
211 29 553.0005 183.0 21.999546 18.0 1 1 1
211 34 588.99987 180.0 44.000334 40.000125 1 1 1
212 24 502.00025400000004 181.000125 45.999954 37.000125000000004 1 1 1
212 29 549.999828 181.000125 24.000408 19.000124999999997 1 1 1
212 34 588.0000600000001 178.000125 45.000144 40.999875 1 1 1
213 24 490.99986 178.999875 51.000246000000004 40.999875 1 1 1
213 29 548.000208 180.0 24.000408 19.999875 1 1 1
213 34 588.99987 177.0 44.000334 40.999875 1 1 1
214 24 477.999846 180.0 58.000158 45.0 1 1 1
214 29 544.9995359999999 180.0 26.000028 21.0 1 1 1
214 34 588.0000600000001 177.0 45.000144 40.999875 1 1 1
215 24 462.000402 180.0 65.99988 51.00000000000001 1 1 1
215 29 542.000106 181.000125 27.999648 21.0 1 1 1
215 34 588.99987 177.0 43.000524 40.999875 1 1 1
216 24 440.999424 181.000125 76.00046400000001 58.999875 1 1 1
216 29 538.999434 181.000125 28.999458 24.0 1 1 1
216 34 588.99987 178.000125 43.000524 40.000125 1 1 1
217 24 411.999966 181.000125 91.999908 70.999875 1 1 1
217 29 535.000194 181.999875 31.00032 25.000125 1 1 1
217 34 588.99987 178.000125 43.000524 40.000125 1 1 1
218 24 370.00049399999995 183.0 116.000316 85.000125 1 1 1
218 29 529.999902 183.0 33.99975 25.999875000000003 1 1 1
218 34 588.0000600000001 178.999875 45.000144 40.000125 1 1 1
219 24 306.00023400000003 186.0 155.000358 106.000125 1 1 1
219 29 524.99961 184.999875 37.000422 28.000125 1 1 1
219 34 588.99987 181.000125 44.000334 39.0 1 1 1
220 24 190.999728 189.0 231.99938999999998 142.999875 1 1 1
220 29 518.999508 186.0 39.999852 31.000125 1 1 1
220 34 588.99987 183.0 44.000334 39.0 1 1 1
221 24 0.0 192.0 357.00048 183.0 1 1 1
221 29 512.999406 186.0 44.000334 33.0 1 1 1
221 34 588.99987 181.000125 44.000334 40.999875 1 1 1
222 24 0.0 204.00000000000003 220.00042800000003 171.0 1 1 1
222 29 503.99987400000003 187.000125 48.999384 36.0 1 1 1
222 34 589.99968 181.000125 43.000524 40.000125 1 1 1
223 29 494.00053199999996 184.999875 52.999866000000004 40.999875 1 1 1
223 34 589.99968 180.0 43.000524 39.0 1 1 1
224 29 481.000518 186.0 59.999778 45.0 1 1 1
224 34 589.99968 180.0 43.000524 39.0 1 1 1
225 29 465.999642 186.0 67.9995 51.00000000000001 1 1 1
225 34 589.99968 178.999875 43.000524 39.0 1 1 1
226 29 444.99990599999995 187.000125 78.999894 58.999875 1 1 1
226 34 590.99949 178.999875 43.000524 37.999875 1 1 1
227 29 416.000448 187.999875 97.0002 69.0 1 1 1
227 34 590.99949 178.000125 43.000524 39.0 1 1 1
228 29 373.999734 190.000125 121.000608 85.000125 1 1 1
228 34 589.99968 178.999875 41.999472 37.999875 1 1 1
229 29 306.00023400000003 193.999875 163.99989 106.999875 1 1 1
229 34 588.99987 178.999875 43.000524 37.999875 1 1 1
230 29 183.999816 198.0 247.00026599999998 147.0 1 1 1
230 34 588.99987 178.000125 41.999472 37.999875 1 1 1
231 29 0.0 207.00000000000003 364.000392 168.0 1 1 1
231 34 588.99987 178.000125 40.999662 39.0 1 1 1
232 29 0.0 232.000125 217.99956600000002 142.999875 1 1 1
232 34 587.00025 180.0 41.999472 37.999875 1 1 1
233 34 586.00044 180.0 41.999472 37.999875 1 1 1
234 34 586.00044 178.000125 41.999472 37.999875 1 1 1
235 34 584.999388 177.0 41.999472 37.999875 1 1 1
236 34 584.999388 178.000125 39.999852 37.000125000000004 1 1 1
237 34 583.9995779999999 178.000125 40.999662 37.999875 1 1 1
238 34 583.9995779999999 178.000125 39.999852 37.000125000000004 1 1 1
239 34 583.9995779999999 178.000125 39.999852 37.000125000000004 1 1 1
240 34 583.9995779999999 178.000125 39.999852 37.000125000000004 1 1 1
241 34 583.9995779999999 178.000125 39.000042 37.000125000000004 1 1 1
242 34 583.9995779999999 178.000125 39.000042 37.000125000000004 1 1 1
243 34 583.9995779999999 178.000125 39.000042 37.000125000000004 1 1 1
244 34 583.9995779999999 178.000125 39.000042 37.000125000000004 1 1 1
245 34 582.999768 178.999875 39.999852 36.0 1 1 1
246 34 583.9995779999999 178.000125 39.000042 36.0 1 1 1
247 34 582.999768 178.000125 39.999852 36.0 1 1 1
248 34 582.999768 180.0 39.999852 36.0 1 1 1
249 34 582.999768 181.000125 39.000042 36.0 1 1 1
250 34 582.999768 180.0 39.000042 36.0 1 1 1
251 34 583.9995779999999 180.0 38.000232000000004 36.0 1 1 1
252 34 582.999768 178.999875 39.000042 36.0 1 1 1
253 34 583.9995779999999 178.999875 38.000232000000004 36.0 1 1 1
254 34 583.9995779999999 178.999875 38.000232000000004 36.0 1 1 1
255 34 583.9995779999999 178.999875 38.000232000000004 36.0 1 1 1
256 30 560.000412 180.0 18.000306000000002 15.0 1 1 1
256 34 583.9995779999999 180.0 38.000232000000004 36.0 1 1 1
257 30 559.000602 178.999875 18.000306000000002 16.000124999999997 1 1 1
257 34 583.9995779999999 178.999875 38.000232000000004 36.0 1 1 1
258 30 557.99955 175.000125 18.000306000000002 16.999875 1 1 1
258 34 584.999388 175.000125 38.000232000000004 36.0 1 1 1
259 32 393.99966 178.000125 24.000408 13.000125 1 1 1
259 30 555.99993 172.999875 19.000116000000002 18.0 1 1 1
259 34 584.999388 174.0 39.000042 34.999875 1 1 1
260 32 389.00061 181.000125 26.000028 13.000125 1 1 1
260 30 554.00031 175.999875 19.999926 19.000124999999997 1 1 1
260 34 584.999388 177.0 39.000042 34.999875 1 1 1
261 32 384.000318 181.000125 26.000028 15.0 1 1 1
261 30 551.999448 178.000125 19.999926 19.000124999999997 1 1 1
261 34 584.999388 178.000125 39.999852 36.0 1 1 1
262 32 378.000216 178.999875 26.999838 15.0 1 1 1
262 30 549.000018 175.999875 21.999546 19.999875 1 1 1
262 34 586.00044 177.0 39.000042 36.0 1 1 1
263 32 372.99992399999996 177.0 27.999648 16.000124999999997 1 1 1
263 30 546.000588 174.0 24.000408 21.0 1 1 1
263 34 586.00044 175.000125 38.000232000000004 36.0 1 1 1
264 32 366.000012 175.999875 28.999458 15.0 1 1 1
264 30 542.999916 172.999875 24.000408 21.0 1 1 1
264 34 584.999388 174.0 39.000042 36.0 1 1 1
265 32 360.99971999999997 177.0 25.000218 16.000124999999997 1 1 1
265 30 537.999624 174.0 26.999838 22.000125 1 1 1
265 34 583.9995779999999 175.000125 39.000042 34.999875 1 1 1
266 30 534.000384 174.0 28.999458 24.0 1 1 1
266 34 583.9995779999999 175.000125 39.000042 36.0 1 1 1
267 32 345.00027600000004 178.000125 32.00013 15.0 1 1 1
267 30 529.000092 174.0 31.00032 25.999875000000003 1 1 1
267 34 582.999768 175.000125 39.999852 37.000125000000004 1 1 1
268 32 338.000364 178.000125 33.99975 18.0 1 1 1
268 30 523.9998 174.0 32.99994 28.000125 1 1 1
268 34 582.999768 175.000125 39.999852 37.000125000000004 1 1 1
269 32 329.9994 178.000125 34.99956 19.000124999999997 1 1 1
269 30 517.9996980000001 174.0 36.000612000000004 30.0 1 1 1
269 34 583.9995779999999 175.000125 39.000042 37.000125000000004 1 1 1
270 32 321.999678 178.000125 38.000232000000004 19.000124999999997 1 1 1
270 30 510.999786 172.999875 39.000042 31.999875000000003 1 1 1
270 34 584.999388 175.000125 38.000232000000004 36.0 1 1 1
271 32 313.000146 177.0 39.999852 21.0 1 1 1
271 30 505.999494 174.0 41.999472 34.000125 1 1 1
271 34 584.999388 175.000125 39.000042 37.000125000000004 1 1 1
272 32 306.00023400000003 178.000125 40.999662 21.0 1 1 1
272 30 497.999772 172.999875 47.999574 39.0 1 1 1
272 34 584.999388 175.000125 39.000042 36.0 1 1 1
273 32 295.99965000000003 178.000125 43.000524 22.000125 1 1 1
273 30 489.00024 174.0 51.000246000000004 42.0 1 1 1
273 34 584.999388 175.999875 40.999662 36.0 1 1 1
274 32 282.999636 178.999875 47.999574 15.0 1 1 1
274 30 477.000036 174.0 58.000158 46.000125 1 1 1
274 34 584.999388 175.000125 40.999662 37.000125000000004 1 1 1
275 32 272.00048400000003 178.999875 51.000246000000004 22.000125 1 1 1
275 30 463.00021200000003 174.0 65.99988 52.999874999999996 1 1 1
275 34 587.00025 175.999875 39.000042 36.0 1 1 1
276 32 260.00028 178.999875 52.999866000000004 25.000125 1 1 1
276 30 444.99990599999995 172.999875 74.999412 60.0 1 1 1
276 34 587.00025 175.999875 39.999852 36.0 1 1 1
277 32 243.999594 178.000125 58.000158 25.999875000000003 1 1 1
277 30 419.99968800000005 172.000125 89.000478 70.999875 1 1 1
277 34 586.00044 175.999875 40.999662 36.0 1 1 1
278 32 230.99957999999998 178.999875 60.999587999999996 26.999999999999996 1 1 1
278 30 386.99974799999995 169.999875 106.999542 85.000125 1 1 1
278 34 586.00044 175.999875 40.999662 36.0 1 1 1
279 32 214.000326 178.999875 65.00007 28.000125 1 1 1
279 30 335.999502 169.000125 139.999482 103.000125 1 1 1
279 34 586.00044 175.999875 41.999472 36.0 1 1 1
280 32 196.00002 180.0 70.000362 28.999875 1 1 1
280 30 257.999418 168.0 190.999728 130.999875 1 1 1
280 34 587.00025 175.999875 39.999852 36.0 1 1 1
281 32 174.000474 181.000125 52.000056 28.000125 1 1 1
281 30 108.000594 165.0 298.000512 180.0 1 1 1
281 34 588.0000600000001 175.999875 39.999852 37.000125000000004 1 1 1
282 30 0.0 163.000125 334.99969200000004 211.999875 1 1 1
282 34 588.0000600000001 175.999875 40.999662 37.000125000000004 1 1 1
283 32 143.999964 181.000125 77.00027399999999 34.999875 1 1 1
283 30 0.0 154.000125 178.999524 220.999875 1 1 1
283 34 588.0000600000001 175.999875 40.999662 37.000125000000004 1 1 1
284 32 100.99944 181.000125 100.99944 37.000125000000004 1 1 1
284 34 588.0000600000001 175.999875 41.999472 37.000125000000004 1 1 1
285 32 72.999792 181.999875 104.99992200000001 37.999875 1 1 1
285 34 588.0000600000001 177.0 41.999472 36.0 1 1 1
286 32 39.000042 181.999875 109.000404 40.000125 1 1 1
286 34 588.0000600000001 175.999875 41.999472 37.000125000000004 1 1 1
287 32 0.0 181.999875 139.999482 42.0 1 1 1
287 34 588.99987 175.999875 40.999662 37.000125000000004 1 1 1
288 32 0.0 181.000125 112.99964399999999 45.0 1 1 1
288 34 588.99987 175.000125 41.999472 37.999875 1 1 1
289 32 0.0 181.999875 83.000376 42.0 1 1 1
289 34 589.99968 175.000125 40.999662 37.000125000000004 1 1 1
290 32 5.000292 180.0 43.000524 45.0 1 1 1
290 34 589.99968 175.000125 40.999662 37.000125000000004 1 1 1
291 34 588.99987 174.0 43.000524 37.999875 1 1 1
292 34 588.99987 174.0 43.000524 37.999875 1 1 1
293 34 589.99968 175.000125 41.999472 37.999875 1 1 1
294 34 590.99949 175.999875 41.999472 37.999875 1 1 1
295 34 589.99968 175.999875 43.000524 39.0 1 1 1
296 34 588.99987 175.000125 44.000334 39.0 1 1 1
