0 53 662.999472 175.000125 12.000204 36.0 1 1 1
0 115 895.999914 163.000125 10.000584 13.999875 1 1 1
1 53 666.999954 175.000125 14.999633999999999 37.000125000000004 1 1 1
1 115 902.999826 163.999875 6.999912 13.999875 1 1 1
2 53 671.000436 174.0 18.000306000000002 37.999875 1 1 1
2 115 908.000118 163.999875 6.999912 15.0 1 1 1
3 53 677.000538 174.0 17.000496000000002 40.000125 1 1 1
3 115 915.00003 165.0 6.000102 15.0 1 1 1
4 53 684.00045 174.0 12.000204 40.999875 1 1 1
4 115 919.0005120000001 165.0 10.000584 18.0 1 1 1
5 53 688.9995 172.999875 13.000014 43.000125000000004 1 1 1
5 115 926.0004240000001 165.0 6.999912 19.000124999999997 1 1 1
6 53 693.9997920000001 174.0 17.000496000000002 42.0 1 1 1
6 115 932.000526 165.0 7.999721999999999 15.0 1 1 1
7 53 698.000274 172.000125 20.999736 43.999875 1 1 1
7 115 937.9993860000001 163.000125 5.000292 7.000125 1 1 1
8 53 700.9997040000001 172.999875 20.999736 42.0 1 1 1
9 53 712.000098 169.000125 15.999443999999999 45.0 1 1 1
10 53 718.0002 168.0 15.999443999999999 46.000125 1 1 1
11 53 721.9994399999999 168.0 18.000306000000002 46.000125 1 1 1
12 53 724.0003019999999 168.0 20.999736 46.999875 1 1 1
13 53 730.000404 166.999875 19.999926 49.999875 1 1 1
14 53 738.000126 169.000125 20.999736 48.0 1 1 1
15 53 743.000418 169.999875 18.000306000000002 49.000125000000004 1 1 1
16 53 747.999468 171.0 21.999546 49.999875 1 1 1
17 53 751.0001400000001 169.999875 21.999546 51.00000000000001 1 1 1
18 53 758.000052 169.000125 19.999926 51.00000000000001 1 1 1
19 53 765.999774 166.999875 19.000116000000002 53.99999999999999 1 1 1
19 115 1006.9999379999999 160.999875 5.000292 9.0 1 1 1
20 53 769.000446 169.000125 23.000598 52.999874999999996 1 1 1
20 117 921.999942 169.000125 13.999824 13.000125 1 1 1
20 115 1011.00042 162.0 11.000394 19.000124999999997 1 1 1
21 53 778.9997880000001 171.0 19.000116000000002 52.000125000000004 1 1 1
21 117 929.999664 171.0 10.000584 13.000125 1 1 1
21 115 1018.000332 163.000125 11.000394 16.999875 1 1 1
22 53 779.999598 169.999875 24.000408 53.99999999999999 1 1 1
22 117 921.000132 175.999875 23.000598 10.999875000000001 1 1 1
22 115 1025.0002439999998 163.000125 11.000394 16.999875 1 1 1
22 116 989.9994419999999 169.999875 6.999912 10.999875000000001 1 1 1
23 53 790.999992 169.000125 20.999736 55.000125 1 1 1
23 117 927.000234 199.99987499999997 0.9998100000000001 1.000125 1 1 1
23 115 1031.000346 163.999875 12.000204 18.0 1 1 1
23 116 992.000304 169.000125 10.000584 13.000125 1 1 1
24 53 798.999714 169.999875 20.999736 55.000125 1 1 1
24 117 937.9993860000001 172.000125 8.999532 34.999875 1 1 1
24 115 1037.000448 163.000125 13.000014 19.000124999999997 1 1 1
24 116 997.000596 171.0 10.000584 13.999875 1 1 1
25 53 805.999626 169.999875 21.999546 55.999874999999996 1 1 1
25 117 935.999766 172.000125 20.999736 34.999875 1 1 1
25 115 1044.00036 163.999875 13.000014 19.999875 1 1 1
25 116 1000.000026 171.0 12.000204 16.000124999999997 1 1 1
26 53 810.999918 171.0 23.000598 57.0 1 1 1
26 117 934.999956 172.999875 25.000218 34.999875 1 1 1
26 115 1051.000272 163.999875 13.000014 22.000125 1 1 1
26 116 1005.000318 171.0 12.000204 16.000124999999997 1 1 1
27 53 816.0002099999999 171.0 24.000408 57.0 1 1 1
27 117 939.000438 174.0 24.000408 34.999875 1 1 1
27 115 1061.999424 165.0 8.999532 22.000125 1 1 1
27 116 1008.999558 172.000125 10.000584 31.000125 1 1 1
28 53 825.999552 169.000125 19.999926 60.0 1 1 1
28 117 941.000058 174.0 26.000028 34.999875 1 1 1
28 115 1064.000286 163.000125 13.999824 26.999999999999996 1 1 1
28 116 1013.00004 172.000125 11.000394 34.000125 1 1 1
29 53 832.999464 169.000125 21.999546 61.000125000000004 1 1 1
29 117 943.9994879999999 175.000125 25.000218 36.0 1 1 1
29 115 1071.000198 165.0 13.000014 31.999875000000003 1 1 1
29 116 1015.99947 172.000125 12.000204 34.999875 1 1 1
30 53 836.999946 171.0 25.000218 60.0 1 1 1
30 117 947.00016 175.000125 25.000218 36.0 1 1 1
30 115 1078.99992 166.000125 13.999824 53.99999999999999 1 1 1
30 116 1020.999762 172.999875 8.999532 34.999875 1 1 1
31 53 843.000048 172.999875 26.000028 61.000125000000004 1 1 1
31 117 948.9997800000001 177.0 26.999838 36.0 1 1 1
31 115 1085.000022 166.000125 18.000306000000002 55.999874999999996 1 1 1
32 53 850.99977 171.0 24.000408 61.999875 1 1 1
32 117 952.000452 178.000125 26.999838 37.000125000000004 1 1 1
32 115 1091.999934 166.999875 14.999633999999999 28.000125 1 1 1
32 116 1028.999484 175.000125 6.000102 34.999875 1 1 1
33 53 862.000164 172.000125 23.000598 63.00000000000001 1 1 1
33 117 954.000072 178.999875 27.999648 37.000125000000004 1 1 1
33 115 1098.999846 166.999875 15.999443999999999 28.000125 1 1 1
33 116 1032.000156 175.000125 12.000204 37.000125000000004 1 1 1
34 53 870.999696 172.000125 20.999736 64.00012500000001 1 1 1
34 117 958.0005540000001 178.999875 27.999648 37.999875 1 1 1
34 115 1108.00062 168.0 17.000496000000002 28.000125 1 1 1
34 116 1032.999966 175.000125 15.999443999999999 37.999875 1 1 1
35 53 877.999608 174.0 27.999648 64.00012500000001 1 1 1
35 117 958.0005540000001 177.0 32.99994 40.999875 1 1 1
35 115 1116.000342 168.0 17.000496000000002 31.999875000000003 1 1 1
35 116 1040.999688 175.000125 13.000014 37.999875 1 1 1
36 53 883.99971 174.0 27.999648 64.99987499999999 1 1 1
36 117 966.000276 180.0 27.999648 45.0 1 1 1
36 115 1124.000064 168.0 19.999926 61.000125000000004 1 1 1
36 116 1044.00036 175.999875 14.999633999999999 37.999875 1 1 1
37 53 893.000484 172.999875 27.999648 67.000125 1 1 1
37 117 967.9998959999999 180.0 31.00032 51.00000000000001 1 1 1
37 115 1130.999976 166.999875 20.999736 61.999875 1 1 1
37 116 1047.9996 175.999875 14.999633999999999 39.0 1 1 1
38 53 908.999928 172.999875 23.000598 69.0 1 1 1
38 117 971.000568 181.000125 32.00013 52.999874999999996 1 1 1
38 115 1154.000574 168.0 12.000204 64.00012500000001 1 1 1
38 116 1052.999892 177.0 15.999443999999999 39.0 1 1 1
39 53 915.00003 172.999875 30.00051 70.000125 1 1 1
39 117 974.999808 181.000125 32.00013 53.99999999999999 1 1 1
39 115 1154.000574 177.0 5.000292 55.000125 1 1 1
39 116 1058.000184 175.999875 15.999443999999999 40.000125 1 1 1
40 53 921.999942 174.0 33.99975 70.000125 1 1 1
40 117 975.999618 180.0 34.99956 55.999874999999996 1 1 1
40 115 1163.000106 168.0 21.999546 69.0 1 1 1
40 116 1064.000286 175.999875 14.999633999999999 40.999875 1 1 1
41 53 934.999956 175.000125 33.99975 70.999875 1 1 1
41 117 984.0005819999999 180.0 33.99975 58.000125 1 1 1
41 115 1175.00031 169.000125 26.000028 70.999875 1 1 1
41 116 1069.000578 175.999875 15.999443999999999 42.0 1 1 1
42 53 953.0002619999999 174.0 27.999648 73.000125 1 1 1
42 117 989.9994419999999 181.000125 33.99975 57.0 1 1 1
42 115 1188.000324 166.999875 26.999838 73.999875 1 1 1
42 116 1074.9994379999998 175.999875 17.000496000000002 40.999875 1 1 1
43 53 967.9998959999999 171.0 27.999648 78.0 1 1 1
43 117 993.999924 181.999875 37.000422 58.000125 1 1 1
43 115 1202.000148 166.000125 26.999838 76.99987499999999 1 1 1
43 116 1080.99954 175.999875 17.000496000000002 42.0 1 1 1
44 53 984.0005819999999 172.000125 32.99994 78.0 1 1 1
44 117 1015.99947 181.000125 23.000598 60.0 1 1 1
44 115 1215.999972 162.0 26.000028 79.999875 1 1 1
44 116 1087.999452 175.000125 17.000496000000002 43.000125000000004 1 1 1
45 53 999.0002159999999 172.999875 37.000422 78.0 1 1 1
45 117 1024.000434 178.999875 25.000218 63.00000000000001 1 1 1
45 115 1233.000468 162.0 8.999532 78.0 1 1 1
45 116 1093.999554 175.000125 18.000306000000002 43.000125000000004 1 1 1
46 53 1013.00004 172.000125 37.000422 81.0 1 1 1
46 117 1032.000156 177.0 26.000028 67.999875 1 1 1
46 116 1103.000328 174.0 17.000496000000002 45.0 1 1 1
47 53 1038.000258 169.000125 33.99975 85.000125 1 1 1
47 117 1022.9993820000001 180.0 45.000144 66.0 1 1 1
47 116 1111.00005 174.0 18.000306000000002 43.999875 1 1 1
48 53 1057.000374 168.0 38.000232000000004 88.000125 1 1 1
48 117 1039.000068 190.000125 17.000496000000002 10.999875000000001 1 1 1
48 116 1118.9997720000001 171.0 19.999926 46.999875 1 1 1
49 53 1076.0004900000001 168.0 43.000524 91.000125 1 1 1
49 117 1048.9994100000001 178.000125 43.000524 72.0 1 1 1
49 116 1129.000356 171.0 20.999736 48.0 1 1 1
50 53 1098.000036 169.999875 26.000028 91.000125 1 1 1
50 117 1063.000476 175.000125 48.999384 79.000125 1 1 1
50 116 1143.00018 171.0 19.000116000000002 49.000125000000004 1 1 1
