0 11 562.000032 174.0 91.000098 85.000125 1 1 1
1 11 562.000032 174.0 91.000098 85.999875 1 1 1
2 11 562.000032 174.0 92.999718 87.0 1 1 1
3 11 562.000032 175.000125 92.999718 87.0 1 1 1
4 11 562.9998420000001 175.000125 93.999528 90.0 1 1 1
5 11 562.9998420000001 175.999875 96.00039000000001 90.0 1 1 1
6 11 562.000032 175.999875 98.00001 91.000125 1 1 1
7 11 562.9998420000001 175.000125 98.99982 91.999875 1 1 1
8 11 562.9998420000001 172.999875 99.99963000000001 94.99987499999999 1 1 1
9 11 562.9998420000001 172.000125 100.99944 96.0 1 1 1
10 11 562.000032 171.0 104.000112 97.000125 1 1 1
11 11 562.000032 171.0 104.000112 99.0 1 1 1
12 11 561.000222 171.0 106.999542 100.000125 1 1 1
13 11 561.000222 171.0 106.999542 100.999875 1 1 1
14 11 561.000222 172.999875 106.999542 100.999875 1 1 1
15 11 560.000412 172.999875 109.000404 103.000125 1 1 1
16 11 560.000412 174.0 110.00021400000001 103.999875 1 1 1
17 11 560.000412 174.0 111.000024 103.999875 1 1 1
18 11 559.000602 174.0 112.99964399999999 103.999875 1 1 1
19 11 560.000412 174.0 111.99983399999999 106.000125 1 1 1
20 11 560.000412 174.0 111.99983399999999 106.000125 1 1 1
21 11 559.000602 175.000125 113.99945399999999 106.000125 1 1 1
22 11 560.000412 175.000125 113.99945399999999 106.000125 1 1 1
23 11 560.000412 175.000125 113.99945399999999 106.000125 1 1 1
24 11 561.000222 175.999875 112.99964399999999 106.000125 1 1 1
25 11 562.000032 177.0 111.99983399999999 105.00000000000001 1 1 1
26 11 562.000032 177.0 111.99983399999999 105.00000000000001 1 1 1
27 11 562.9998420000001 177.0 111.000024 103.999875 1 1 1
28 11 563.999652 177.0 110.00021400000001 103.000125 1 1 1
29 11 563.999652 178.000125 109.000404 100.999875 1 1 1
30 11 564.999462 178.999875 105.99973200000001 100.000125 1 1 1
31 11 564.999462 180.0 104.99992200000001 97.99987499999999 1 1 1
32 11 566.000514 181.000125 103.000302 97.99987499999999 1 1 1
33 11 566.000514 181.999875 102.00049200000001 96.0 1 1 1
34 11 566.000514 181.999875 102.00049200000001 94.99987499999999 1 1 1
35 11 567.000324 183.0 99.99963000000001 91.999875 1 1 1
36 11 567.000324 183.0 98.00001 91.000125 1 1 1
37 11 567.000324 184.999875 96.00039000000001 88.000125 1 1 1
38 11 566.000514 184.999875 95.00058 87.0 1 1 1
39 11 566.000514 184.999875 93.999528 85.999875 1 1 1
40 11 566.000514 186.0 90.000288 84.0 1 1 1
41 11 566.000514 187.000125 89.000478 82.000125 1 1 1
42 11 566.000514 187.999875 86.999616 79.999875 1 1 1
43 11 564.999462 189.0 84.999996 76.99987499999999 1 1 1
44 11 564.999462 189.0 84.000186 75.0 1 1 1
45 11 566.000514 187.999875 79.999704 75.0 1 1 1
46 11 566.000514 187.999875 78.999894 73.000125 1 1 1
47 11 566.000514 187.000125 77.00027399999999 72.0 1 1 1
48 11 566.000514 187.000125 74.999412 70.000125 1 1 1
49 11 566.000514 186.0 74.999412 69.0 1 1 1
50 11 567.000324 184.999875 72.999792 67.999875 1 1 1
51 11 566.000514 186.0 72.999792 67.000125 1 1 1
52 11 568.000134 187.000125 71.000172 64.99987499999999 1 1 1
53 11 569.9997539999999 186.0 67.9995 64.99987499999999 1 1 1
54 11 569.9997539999999 184.999875 66.99969 64.00012500000001 1 1 1
55 11 570.999564 184.000125 65.99988 61.999875 1 1 1
56 11 572.000616 183.0 65.00007 61.000125000000004 1 1 1
57 11 573.0004260000001 181.999875 64.00026 61.000125000000004 1 1 1
58 11 572.000616 183.0 65.00007 60.0 1 1 1
59 11 575.000046 183.0 63.00045 58.999875 1 1 1
60 11 575.000046 183.0 63.00045 58.000125 1 1 1
61 11 576.999666 181.999875 59.999778 57.0 1 1 1
62 11 576.999666 178.999875 59.999778 57.0 1 1 1
63 11 576.999666 177.0 59.999778 55.999874999999996 1 1 1
64 11 576.999666 177.0 59.999778 55.000125 1 1 1
65 11 579.000528 175.000125 58.000158 55.999874999999996 1 1 1
66 11 579.000528 175.999875 58.999967999999996 55.000125 1 1 1
67 11 579.000528 175.999875 58.000158 53.99999999999999 1 1 1
68 11 580.0003379999999 174.0 58.000158 53.99999999999999 1 1 1
69 11 580.0003379999999 174.0 58.000158 52.999874999999996 1 1 1
70 11 581.000148 175.999875 57.000347999999995 52.000125000000004 1 1 1
71 11 581.000148 180.0 57.000347999999995 52.000125000000004 1 1 1
72 11 581.000148 183.0 57.000347999999995 51.00000000000001 1 1 1
73 11 581.999958 183.0 56.000538 51.00000000000001 1 1 1
74 11 581.000148 181.999875 56.000538 49.999875 1 1 1
75 11 581.999958 180.0 53.999676 49.000125000000004 1 1 1
76 11 581.999958 177.0 53.999676 49.999875 1 1 1
77 11 581.999958 175.999875 52.999866000000004 49.000125000000004 1 1 1
78 11 581.999958 177.0 52.999866000000004 48.0 1 1 1
79 11 581.999958 178.999875 52.999866000000004 48.0 1 1 1
80 11 581.000148 181.000125 52.999866000000004 46.999875 1 1 1
81 11 581.999958 180.0 51.000246000000004 46.000125 1 1 1
82 11 581.999958 177.0 50.000436 46.000125 1 1 1
83 11 581.999958 175.000125 48.999384 45.0 1 1 1
84 11 582.999768 174.0 47.999574 46.000125 1 1 1
85 11 581.999958 175.000125 48.999384 45.0 1 1 1
86 11 582.999768 175.999875 48.999384 43.999875 1 1 1
87 11 583.9995779999999 175.999875 47.999574 43.999875 1 1 1
88 11 584.999388 175.999875 46.999764 43.000125000000004 1 1 1
89 11 584.999388 175.000125 47.999574 43.000125000000004 1 1 1
90 11 586.00044 175.000125 46.999764 43.000125000000004 1 1 1
91 11 587.00025 175.999875 45.999954 42.0 1 1 1
92 11 587.00025 177.0 46.999764 43.000125000000004 1 1 1
93 11 588.0000600000001 177.0 46.999764 42.0 1 1 1
94 11 588.0000600000001 175.999875 46.999764 42.0 1 1 1
95 11 588.0000600000001 175.999875 46.999764 42.0 1 1 1
96 11 588.0000600000001 175.000125 45.999954 43.000125000000004 1 1 1
97 11 588.0000600000001 177.0 47.999574 42.0 1 1 1
98 11 588.99987 178.000125 45.999954 42.0 1 1 1
99 11 588.99987 181.000125 45.999954 42.0 1 1 1
100 11 589.99968 181.999875 45.999954 40.999875 1 1 1
101 11 589.99968 181.000125 45.999954 40.999875 1 1 1
102 11 589.99968 178.999875 45.000144 42.0 1 1 1
103 11 588.99987 178.999875 46.999764 42.0 1 1 1
104 11 589.99968 178.999875 45.999954 42.0 1 1 1
105 11 589.99968 178.999875 45.999954 40.999875 1 1 1
106 11 590.99949 178.999875 45.000144 40.999875 1 1 1
107 11 590.99949 178.999875 45.000144 40.999875 1 1 1
108 11 589.99968 178.000125 45.999954 42.0 1 1 1
109 11 590.99949 178.000125 45.999954 42.0 1 1 1
110 11 590.99949 178.000125 45.000144 40.999875 1 1 1
110 31 542.999916 181.999875 15.999443999999999 12.0 1 1 1
111 11 590.99949 178.000125 45.000144 40.999875 1 1 1
111 31 541.0002959999999 181.000125 15.999443999999999 13.999875 1 1 1
112 11 590.99949 178.000125 45.000144 42.0 1 1 1
112 31 537.999624 181.000125 18.000306000000002 15.0 1 1 1
113 11 590.99949 178.000125 45.999954 40.999875 1 1 1
113 31 536.000004 181.000125 19.000116000000002 16.000124999999997 1 1 1
114 11 592.000542 177.0 44.000334 40.999875 1 1 1
114 31 533.000574 180.0 20.999736 16.000124999999997 1 1 1
115 11 592.000542 177.0 44.000334 40.999875 1 1 1
115 31 529.999902 181.000125 21.999546 16.000124999999997 1 1 1
116 11 592.000542 177.0 45.000144 40.999875 1 1 1
116 31 528.0002820000001 181.000125 20.999736 16.000124999999997 1 1 1
117 11 592.000542 175.999875 45.999954 40.999875 1 1 1
117 31 524.99961 180.0 21.999546 16.999875 1 1 1
118 11 592.000542 175.000125 46.999764 42.0 1 1 1
118 31 522.00018 180.0 23.000598 18.0 1 1 1
119 11 592.000542 175.000125 46.999764 42.0 1 1 1
119 31 517.9996980000001 180.0 24.000408 19.000124999999997 1 1 1
120 11 592.000542 175.999875 46.999764 40.999875 1 1 1
120 31 514.000458 180.0 25.000218 19.999875 1 1 1
121 11 593.000352 175.999875 45.999954 40.999875 1 1 1
121 31 509.999976 181.000125 26.999838 19.999875 1 1 1
122 11 592.000542 175.999875 45.999954 42.0 1 1 1
122 31 503.99987400000003 181.000125 28.999458 21.0 1 1 1
123 31 497.999772 181.000125 31.00032 22.000125 1 1 1
124 31 492.99948 181.000125 32.00013 24.0 1 1 1
125 29 535.000194 177.0 19.999926 15.0 1 1 1
125 31 485.99956799999995 181.999875 33.99975 24.0 1 1 1
126 29 531.9995220000001 178.000125 20.999736 13.999875 1 1 1
126 31 478.999656 181.999875 36.000612000000004 25.999875000000003 1 1 1
127 29 529.000092 178.000125 21.999546 13.000125 1 1 1
127 31 470.00012399999997 181.000125 39.000042 28.000125 1 1 1
128 29 524.99961 178.000125 21.999546 13.999875 1 1 1
128 31 461.000592 181.999875 41.999472 30.0 1 1 1
129 29 522.00018 177.0 23.000598 16.999875 1 1 1
129 31 450.000198 183.0 46.999764 33.0 1 1 1
130 29 517.9996980000001 178.999875 24.000408 16.000124999999997 1 1 1
130 31 437.999994 184.999875 50.000436 34.000125 1 1 1
131 29 514.000458 178.999875 25.000218 16.000124999999997 1 1 1
131 31 424.00016999999997 184.999875 56.000538 37.000125000000004 1 1 1
132 29 509.999976 178.000125 26.000028 18.0 1 1 1
132 31 407.999484 184.999875 60.999587999999996 40.999875 1 1 1
133 29 505.999494 178.000125 27.999648 19.000124999999997 1 1 1
133 31 390.00042 184.999875 66.99969 46.000125 1 1 1
134 29 499.999392 180.0 30.00051 19.000124999999997 1 1 1
134 31 366.999822 187.000125 77.00027399999999 49.999875 1 1 1
135 29 494.00053199999996 180.0 31.00032 19.999875 1 1 1
135 31 339.000174 189.0 87.999426 55.999874999999996 1 1 1
136 29 490.00005000000004 180.0 31.00032 19.999875 1 1 1
136 31 304.00061400000004 190.000125 103.000302 61.999875 1 1 1
137 29 483.000138 178.999875 33.99975 21.0 1 1 1
137 31 257.999418 190.000125 124.000038 70.999875 1 1 1
138 29 476.000226 178.999875 36.000612000000004 22.000125 1 1 1
138 31 195.00021 192.0 155.000358 85.000125 1 1 1
139 29 469.000314 178.999875 39.000042 24.0 1 1 1
139 31 105.99973200000001 195.0 203.999742 100.999875 1 1 1
140 29 461.000592 180.0 40.999662 25.999875000000003 1 1 1
140 31 0.0 202.000125 253.000368 124.999875 1 1 1
141 29 452.99962800000003 181.999875 44.000334 28.000125 1 1 1
141 31 0.0 208.99987499999997 168.000372 142.999875 1 1 1
142 29 442.00047600000005 184.000125 41.999472 28.999875 1 1 1
142 31 0.0 249.0 28.999458 121.000125 1 1 1
143 29 430.00027200000005 184.999875 46.999764 30.0 1 1 1
144 29 418.000068 187.000125 52.999866000000004 31.000125 1 1 1
145 29 404.000244 186.0 58.000158 34.999875 1 1 1
146 29 386.99974799999995 186.0 65.99988 37.999875 1 1 1
147 29 366.000012 184.999875 76.00046400000001 43.999875 1 1 1
148 29 341.999604 186.0 85.99980599999999 49.000125000000004 1 1 1
149 29 309.999474 187.999875 100.99944 55.999874999999996 1 1 1
150 29 270.999432 190.000125 117.99993599999999 64.00012500000001 1 1 1
151 29 217.99956600000002 192.0 143.999964 76.00012500000001 1 1 1
152 29 144.999774 196.99987500000003 181.000386 88.99987499999999 1 1 1
153 29 36.000612000000004 202.99987499999997 244.999404 109.000125 1 1 1
154 29 0.0 211.000125 214.000326 139.999875 1 1 1
155 29 0.0 222.0 112.99964399999999 126.00000000000001 1 1 1
210 39 597.999402 174.0 19.000116000000002 9.0 1 1 1
211 39 595.999782 174.0 19.000116000000002 10.999875000000001 1 1 1
212 39 594.000162 174.0 19.999926 12.0 1 1 1
213 39 592.000542 174.0 20.999736 13.000125 1 1 1
214 39 589.99968 174.0 20.999736 13.999875 1 1 1
215 39 588.0000600000001 172.999875 19.999926 13.999875 1 1 1
216 39 586.00044 172.999875 19.999926 13.999875 1 1 1
217 39 582.999768 172.000125 20.999736 15.0 1 1 1
218 39 580.0003379999999 172.999875 23.000598 15.0 1 1 1
219 39 577.9994760000001 172.999875 23.000598 15.0 1 1 1
220 39 575.000046 172.999875 24.000408 16.000124999999997 1 1 1
221 39 572.000616 174.0 23.000598 15.0 1 1 1
222 39 568.999944 175.000125 24.000408 16.000124999999997 1 1 1
223 39 566.000514 175.000125 25.000218 16.000124999999997 1 1 1
224 39 562.9998420000001 175.000125 25.000218 16.999875 1 1 1
225 39 560.000412 175.000125 25.000218 16.999875 1 1 1
226 39 556.99974 175.000125 25.000218 16.999875 1 1 1
227 39 555.99993 175.000125 23.000598 18.0 1 1 1
228 39 549.000018 175.999875 26.999838 16.999875 1 1 1
228 43 603.999504 172.000125 20.999736 10.000125 1 1 1
229 39 544.9995359999999 177.0 27.999648 16.999875 1 1 1
229 43 601.000074 172.999875 23.000598 10.999875000000001 1 1 1
230 39 541.0002959999999 177.0 28.999458 19.000124999999997 1 1 1
230 43 600.000264 172.999875 21.999546 12.0 1 1 1
231 39 536.999814 177.0 28.999458 19.000124999999997 1 1 1
231 43 596.999592 172.999875 23.000598 13.999875 1 1 1
232 39 533.000574 178.000125 28.999458 19.000124999999997 1 1 1
232 43 594.999972 172.999875 23.000598 15.0 1 1 1
233 39 529.000092 177.0 30.00051 19.999875 1 1 1
233 43 592.000542 172.999875 24.000408 15.0 1 1 1
234 39 525.99942 178.000125 32.00013 19.999875 1 1 1
234 43 589.99968 172.999875 25.000218 15.0 1 1 1
235 39 521.00037 177.0 32.00013 21.0 1 1 1
235 43 588.99987 172.999875 23.000598 15.0 1 1 1
236 39 517.9996980000001 178.000125 32.99994 21.0 1 1 1
236 43 587.00025 172.999875 23.000598 15.0 1 1 1
237 39 512.999406 178.000125 33.99975 22.000125 1 1 1
237 43 583.9995779999999 172.999875 24.000408 16.000124999999997 1 1 1
238 39 509.000166 178.999875 33.99975 22.000125 1 1 1
238 43 581.000148 174.0 25.000218 15.0 1 1 1
239 39 503.99987400000003 178.999875 36.000612000000004 22.999875 1 1 1
239 43 577.9994760000001 172.999875 26.000028 16.999875 1 1 1
240 39 501.000444 178.999875 34.99956 22.999875 1 1 1
240 43 575.999856 174.0 26.000028 16.000124999999997 1 1 1
241 39 495.000342 180.0 37.000422 24.0 1 1 1
241 43 573.0004260000001 175.000125 26.999838 16.000124999999997 1 1 1
242 39 490.00005000000004 181.000125 39.000042 25.000125 1 1 1
242 43 570.999564 175.000125 26.999838 16.999875 1 1 1
243 39 484.999758 181.000125 39.999852 25.000125 1 1 1
243 43 568.000134 175.000125 26.999838 16.999875 1 1 1
244 39 483.000138 181.000125 38.000232000000004 26.999999999999996 1 1 1
244 43 564.999462 175.000125 26.999838 18.0 1 1 1
245 39 472.999554 181.999875 44.000334 26.999999999999996 1 1 1
245 43 562.000032 175.999875 28.999458 18.0 1 1 1
246 39 466.999452 181.999875 45.000144 28.999875 1 1 1
246 43 560.000412 175.999875 27.999648 18.0 1 1 1
247 39 461.000592 183.0 45.999954 28.999875 1 1 1
247 43 556.99974 177.0 27.999648 18.0 1 1 1
248 11 574.000236 177.0 172.999422 157.999875 1 1 1
248 39 452.99962800000003 183.0 48.999384 30.0 1 1 1
248 43 555.0001199999999 177.0 27.999648 18.0 1 1 1
248 44 599.000454 174.0 21.999546 15.0 1 1 1
249 11 573.0004260000001 177.0 169.999992 153.0 1 1 1
249 39 444.99990599999995 184.000125 51.000246000000004 31.000125 1 1 1
249 43 555.0001199999999 177.0 25.000218 18.0 1 1 1
249 44 596.999592 175.000125 21.999546 15.0 1 1 1
250 11 575.000046 178.000125 163.00008 147.0 1 1 1
250 39 436.000374 184.000125 53.999676 34.000125 1 1 1
250 43 549.000018 177.0 28.999458 19.000124999999997 1 1 1
250 44 594.999972 175.000125 21.999546 15.0 1 1 1
251 11 576.999666 178.000125 157.999788 142.999875 1 1 1
251 39 427.99941 184.999875 53.999676 34.000125 1 1 1
251 43 543.999726 177.0 32.00013 19.999875 1 1 1
251 44 592.000542 175.000125 25.000218 16.000124999999997 1 1 1
252 11 579.000528 178.999875 151.999686 136.999875 1 1 1
252 39 416.000448 184.999875 60.999587999999996 37.000125000000004 1 1 1
252 43 542.000106 177.0 31.00032 21.0 1 1 1
252 44 589.99968 175.000125 23.000598 16.000124999999997 1 1 1
253 11 580.0003379999999 178.000125 146.999394 133.000125 1 1 1
253 39 405.00005400000003 186.0 64.00026 39.0 1 1 1
253 43 537.999624 177.0 32.00013 21.0 1 1 1
253 44 588.0000600000001 175.000125 24.000408 16.999875 1 1 1
254 11 581.999958 178.999875 139.999482 127.999875 1 1 1
254 39 392.99985000000004 187.999875 67.9995 40.000125 1 1 1
254 43 536.000004 178.000125 32.00013 22.000125 1 1 1
254 44 584.999388 175.999875 25.000218 16.999875 1 1 1
255 11 583.9995779999999 178.999875 135.000432 124.000125 1 1 1
255 39 379.000026 189.0 72.999792 42.0 1 1 1
255 43 531.9995220000001 180.0 32.00013 21.0 1 1 1
255 44 582.999768 175.999875 25.000218 18.0 1 1 1
256 11 586.00044 178.999875 129.00033 120.0 1 1 1
256 39 363.000582 190.000125 78.000084 46.999875 1 1 1
256 43 529.000092 181.000125 32.99994 21.0 1 1 1
256 44 581.000148 177.0 25.000218 18.0 1 1 1
257 11 587.00025 180.0 124.999848 115.00012500000001 1 1 1
257 39 344.000466 190.000125 85.99980599999999 51.00000000000001 1 1 1
257 43 524.99961 181.000125 32.99994 22.000125 1 1 1
257 44 577.9994760000001 177.0 26.999838 19.000124999999997 1 1 1
258 11 588.0000600000001 180.0 119.999556 111.0 1 1 1
258 39 326.99996999999996 192.0 89.000478 52.999874999999996 1 1 1
258 43 521.00037 181.000125 32.00013 22.000125 1 1 1
258 44 575.000046 178.000125 26.999838 18.0 1 1 1
259 11 589.99968 180.0 115.00050599999999 107.99999999999999 1 1 1
259 39 298.000512 193.000125 103.000302 57.0 1 1 1
259 43 516.999888 181.999875 34.99956 22.000125 1 1 1
259 44 572.000616 178.000125 26.999838 18.0 1 1 1
260 11 589.99968 180.0 112.99964399999999 103.999875 1 1 1
260 39 268.999812 193.999875 113.99945399999999 64.99987499999999 1 1 1
260 43 511.999596 181.999875 38.000232000000004 24.0 1 1 1
260 44 569.9997539999999 178.000125 26.999838 19.000124999999997 1 1 1
261 11 590.99949 178.999875 109.000404 103.000125 1 1 1
261 39 231.99938999999998 196.000125 131.99976 70.999875 1 1 1
261 43 507.000546 183.0 39.000042 24.0 1 1 1
261 44 567.000324 178.999875 26.999838 19.000124999999997 1 1 1
261 49 601.000074 178.000125 20.999736 16.000124999999997 1 1 1
262 11 590.99949 180.0 106.999542 99.0 1 1 1
262 39 189.999918 198.0 149.000256 76.99987499999999 1 1 1
262 43 502.00025400000004 184.000125 39.999852 24.0 1 1 1
262 44 563.999652 180.0 27.999648 19.000124999999997 1 1 1
262 49 599.000454 178.000125 19.999926 16.000124999999997 1 1 1
263 11 592.000542 181.000125 103.000302 94.99987499999999 1 1 1
263 39 132.99957 201.0 156.999978 85.000125 1 1 1
263 43 496.999962 184.000125 40.999662 25.000125 1 1 1
263 44 561.000222 180.0 27.999648 19.999875 1 1 1
263 49 596.999592 178.999875 20.999736 15.0 1 1 1
264 11 593.000352 181.999875 98.99982 91.000125 1 1 1
264 39 59.999778 202.99987499999997 213.000516 100.999875 1 1 1
264 43 490.99986 184.999875 41.999472 25.999875000000003 1 1 1
264 44 556.99974 181.000125 30.00051 19.999875 1 1 1
264 49 594.000162 178.999875 20.999736 16.000124999999997 1 1 1
265 11 594.000162 181.999875 96.00039000000001 88.99987499999999 1 1 1
265 39 0.0 205.99987499999997 228.99996 118.000125 1 1 1
265 43 484.999758 184.999875 44.000334 28.999875 1 1 1
265 44 555.0001199999999 181.000125 28.999458 19.999875 1 1 1
265 49 592.000542 180.0 21.999546 16.000124999999997 1 1 1
266 11 594.000162 183.0 93.999528 85.999875 1 1 1
266 39 0.0 210.00000000000003 169.000182 141.0 1 1 1
266 43 477.999846 186.0 45.999954 28.999875 1 1 1
266 44 553.0005 181.000125 27.999648 21.0 1 1 1
266 49 588.99987 180.0 21.999546 16.000124999999997 1 1 1
267 11 595.999782 183.0 90.000288 85.000125 1 1 1
267 39 0.0 217.00012500000003 87.999426 121.000125 1 1 1
267 43 471.99974399999996 187.000125 46.999764 28.999875 1 1 1
267 44 549.999828 181.999875 26.999838 19.999875 1 1 1
267 49 587.00025 180.0 23.000598 16.999875 1 1 1
268 11 595.999782 183.0 89.000478 82.999875 1 1 1
268 43 464.000022 187.000125 48.999384 31.000125 1 1 1
268 44 542.000106 181.999875 32.00013 21.0 1 1 1
268 49 583.9995779999999 181.000125 23.000598 16.000124999999997 1 1 1
269 11 595.999782 183.0 86.999616 81.0 1 1 1
269 43 456.0003 187.999875 52.000056 31.000125 1 1 1
269 44 537.999624 183.0 32.99994 21.0 1 1 1
269 49 581.000148 181.000125 24.000408 16.999875 1 1 1
270 11 595.999782 183.0 86.999616 79.000125 1 1 1
270 43 451.999818 187.999875 48.999384 33.0 1 1 1
270 44 534.000384 181.999875 32.99994 24.0 1 1 1
270 49 576.999666 181.000125 26.000028 18.0 1 1 1
271 11 596.999592 184.000125 84.000186 75.0 1 1 1
271 43 436.000374 187.999875 58.999967999999996 36.0 1 1 1
271 44 529.000092 181.999875 33.99975 24.0 1 1 1
271 49 574.000236 181.999875 26.000028 18.0 1 1 1
272 11 596.999592 183.0 83.000376 76.00012500000001 1 1 1
272 43 424.00016999999997 190.000125 63.00045 37.000125000000004 1 1 1
272 44 524.99961 183.0 36.000612000000004 25.000125 1 1 1
272 49 570.999564 181.999875 26.000028 18.0 1 1 1
273 11 596.999592 184.000125 80.99951399999999 73.999875 1 1 1
273 43 411.999966 190.000125 66.99969 40.000125 1 1 1
273 44 520.00056 184.000125 36.000612000000004 25.999875000000003 1 1 1
273 49 567.000324 181.999875 27.999648 19.000124999999997 1 1 1
274 11 596.999592 183.0 79.999704 73.999875 1 1 1
274 43 398.999952 190.000125 71.999982 43.000125000000004 1 1 1
274 44 514.000458 184.999875 37.000422 25.999875000000003 1 1 1
274 49 563.999652 181.999875 27.999648 19.000124999999997 1 1 1
275 11 596.999592 183.0 78.999894 72.0 1 1 1
275 43 384.000318 190.000125 76.00046400000001 48.0 1 1 1
275 44 507.000546 184.000125 39.000042 26.999999999999996 1 1 1
275 49 560.000412 181.999875 28.999458 19.999875 1 1 1
276 11 596.999592 184.000125 78.000084 70.000125 1 1 1
276 43 365.000202 190.999875 84.000186 49.999875 1 1 1
276 44 502.00025400000004 184.000125 41.999472 28.999875 1 1 1
276 49 555.99993 181.999875 30.00051 21.0 1 1 1
277 11 596.999592 184.000125 77.00027399999999 69.0 1 1 1
277 43 342.999414 193.000125 92.999718 53.99999999999999 1 1 1
277 44 495.000342 184.000125 39.999852 30.0 1 1 1
277 49 551.999448 183.0 30.00051 19.999875 1 1 1
278 11 595.999782 184.999875 77.00027399999999 67.999875 1 1 1
278 43 319.000248 195.0 102.00049200000001 58.000125 1 1 1
278 44 489.00024 186.0 44.000334 30.0 1 1 1
278 49 548.000208 183.0 31.00032 22.000125 1 1 1
279 11 595.999782 184.000125 76.00046400000001 67.000125 1 1 1
279 43 288.99973800000004 196.000125 115.00050599999999 64.00012500000001 1 1 1
279 44 481.000518 186.0 45.999954 31.999875000000003 1 1 1
279 49 543.999726 183.0 31.00032 22.000125 1 1 1
280 11 594.999972 183.0 74.999412 67.000125 1 1 1
280 43 254.000178 196.000125 130.00014 73.000125 1 1 1
280 44 471.99974399999996 186.0 50.000436 33.0 1 1 1
280 49 538.999434 181.999875 32.00013 22.999875 1 1 1
280 47 588.0000600000001 181.000125 25.000218 16.000124999999997 1 1 1
280 69 646.0002179999999 178.999875 24.000408 16.000124999999997 1 1 1
281 11 594.999972 183.0 73.999602 64.99987499999999 1 1 1
281 43 208.000224 196.000125 139.999482 81.0 1 1 1
281 44 463.00021200000003 184.000125 52.999866000000004 36.0 1 1 1
281 49 535.000194 181.999875 32.00013 24.0 1 1 1
281 47 584.999388 181.000125 25.000218 15.0 1 1 1
281 69 647.000028 180.0 24.000408 15.0 1 1 1
282 11 594.999972 181.999875 71.000172 64.99987499999999 1 1 1
282 43 149.000256 198.0 182.000196 91.999875 1 1 1
282 44 452.99962800000003 184.000125 54.999486000000005 37.999875 1 1 1
282 49 533.000574 181.999875 30.00051 24.0 1 1 1
282 47 581.000148 180.0 26.000028 16.000124999999997 1 1 1
282 69 652.00032 180.0 21.999546 15.0 1 1 1
283 11 595.999782 181.000125 69.000552 66.0 1 1 1
283 43 71.999982 201.0 228.99996 103.999875 1 1 1
283 44 440.999424 184.000125 59.999778 40.000125 1 1 1
283 49 527.0004720000001 181.999875 32.00013 25.000125 1 1 1
283 47 576.999666 180.0 27.999648 16.999875 1 1 1
283 69 653.9999399999999 180.0 20.999736 13.999875 1 1 1
284 11 594.999972 181.000125 69.000552 64.99987499999999 1 1 1
284 43 0.0 202.99987499999997 256.999608 124.999875 1 1 1
284 44 429.000462 184.000125 64.00026 43.000125000000004 1 1 1
284 49 522.99999 181.999875 31.00032 25.999875000000003 1 1 1
284 47 574.000236 180.0 26.999838 16.999875 1 1 1
284 69 654.9997500000001 180.0 21.999546 13.000125 1 1 1
285 11 594.000162 180.0 67.9995 64.99987499999999 1 1 1
285 43 0.0 205.99987499999997 198.99945 154.000125 1 1 1
285 44 413.99958599999997 184.999875 69.000552 45.0 1 1 1
285 49 508.000356 181.000125 40.999662 26.999999999999996 1 1 1
285 47 568.999944 178.999875 28.999458 18.0 1 1 1
285 69 654.9997500000001 180.0 23.000598 13.000125 1 1 1
286 11 594.000162 181.000125 69.000552 64.00012500000001 1 1 1
286 43 0.0 212.99999999999997 117.99993599999999 130.999875 1 1 1
286 44 398.000142 184.000125 73.999602 49.000125000000004 1 1 1
286 49 499.999392 181.000125 44.000334 28.999875 1 1 1
286 47 564.999462 178.999875 28.999458 19.000124999999997 1 1 1
286 69 657.0006119999999 178.999875 23.000598 13.999875 1 1 1
287 11 593.000352 181.000125 69.000552 64.00012500000001 1 1 1
287 44 378.000216 184.000125 82.00056599999999 53.99999999999999 1 1 1
287 49 491.99967000000004 181.000125 45.000144 30.0 1 1 1
287 47 561.000222 180.0 30.00051 19.000124999999997 1 1 1
287 69 659.000232 178.999875 21.999546 13.999875 1 1 1
288 11 589.99968 180.0 71.000172 64.00012500000001 1 1 1
288 44 354.999618 187.000125 91.999908 55.999874999999996 1 1 1
288 49 483.99994799999996 180.0 47.999574 33.0 1 1 1
288 47 555.99993 180.0 32.99994 19.000124999999997 1 1 1
288 69 660.000042 178.000125 25.000218 13.999875 1 1 1
289 11 588.99987 180.0 71.000172 64.00012500000001 1 1 1
289 44 327.99978 184.999875 103.000302 64.00012500000001 1 1 1
289 49 476.000226 180.0 50.000436 34.000125 1 1 1
289 47 550.999638 180.0 32.99994 19.999875 1 1 1
289 69 661.9996620000001 178.000125 24.000408 13.999875 1 1 1
290 11 588.0000600000001 181.000125 71.000172 63.00000000000001 1 1 1
290 44 295.99965000000003 187.000125 116.000316 72.0 1 1 1
290 49 466.999452 181.999875 52.999866000000004 36.0 1 1 1
290 47 546.000588 181.000125 34.99956 19.999875 1 1 1
290 63 638.000496 178.999875 20.999736 21.0 1 1 1
290 69 666.0001440000001 178.999875 20.999736 13.000125 1 1 1
291 11 588.0000600000001 181.999875 70.000362 61.999875 1 1 1
291 44 254.000178 189.0 137.000052 78.0 1 1 1
291 49 455.00048999999996 181.999875 58.999967999999996 37.999875 1 1 1
291 47 541.0002959999999 181.000125 36.000612000000004 21.0 1 1 1
291 63 640.000116 178.999875 19.999926 19.000124999999997 1 1 1
292 11 588.0000600000001 181.999875 70.000362 61.999875 1 1 1
292 44 202.000122 192.0 163.00008 88.99987499999999 1 1 1
292 49 444.000096 183.0 64.00026 40.000125 1 1 1
292 47 535.000194 181.999875 37.000422 22.000125 1 1 1
292 63 640.999926 180.0 23.000598 18.0 1 1 1
293 11 587.00025 181.999875 71.000172 61.999875 1 1 1
293 44 130.99995 195.0 201.000312 103.000125 1 1 1
293 49 431.99989200000005 184.000125 56.000538 42.0 1 1 1
293 47 529.000092 181.999875 39.999852 24.0 1 1 1
293 63 641.9997360000001 178.999875 23.000598 19.000124999999997 1 1 1
294 11 587.00025 181.000125 71.999982 64.00012500000001 1 1 1
294 44 30.00051 196.000125 261.00009 123.0 1 1 1
294 49 417.00025800000003 184.000125 67.9995 45.0 1 1 1
294 47 522.99999 181.999875 40.999662 24.0 1 1 1
294 63 645.000408 178.999875 23.000598 18.0 1 1 1
295 11 587.00025 181.000125 71.999982 63.00000000000001 1 1 1
295 44 0.0 199.000125 235.00006199999999 153.0 1 1 1
295 49 400.999572 183.0 74.999412 49.000125000000004 1 1 1
295 47 516.000078 181.999875 43.000524 25.000125 1 1 1
295 50 599.000454 175.999875 23.000598 10.999875000000001 1 1 1
295 63 647.000028 178.000125 23.000598 18.0 1 1 1
296 11 587.00025 178.999875 72.999792 64.00012500000001 1 1 1
296 44 0.0 199.000125 156.000168 151.999875 1 1 1
296 49 381.999456 183.0 84.000186 52.000125000000004 1 1 1
296 47 509.000166 180.0 45.000144 28.000125 1 1 1
296 50 594.999972 175.000125 24.000408 16.999875 1 1 1
296 63 647.999838 178.000125 24.000408 16.999875 1 1 1
297 11 588.0000600000001 178.000125 71.999982 64.00012500000001 1 1 1
297 44 0.0 232.000125 38.000232000000004 142.999875 1 1 1
297 49 360.99971999999997 181.000125 91.999908 58.000125 1 1 1
297 47 502.00025400000004 180.0 46.999764 28.000125 1 1 1
297 50 590.99949 172.999875 26.999838 19.999875 1 1 1
297 63 649.9994579999999 177.0 25.000218 16.999875 1 1 1
298 11 588.99987 177.0 70.000362 64.00012500000001 1 1 1
298 49 335.999502 181.999875 102.00049200000001 61.999875 1 1 1
298 47 492.99948 180.0 50.000436 30.0 1 1 1
298 50 588.0000600000001 172.999875 26.999838 22.000125 1 1 1
298 63 652.00032 175.000125 25.000218 18.0 1 1 1
299 11 588.99987 177.0 70.000362 64.00012500000001 1 1 1
299 49 306.00023400000003 181.999875 116.000316 69.0 1 1 1
299 47 483.99994799999996 181.000125 52.999866000000004 31.000125 1 1 1
299 50 584.999388 172.000125 26.999838 19.999875 1 1 1
299 63 654.9997500000001 175.000125 25.000218 16.999875 1 1 1
300 11 589.99968 178.000125 69.000552 64.00012500000001 1 1 1
300 49 268.000002 181.999875 132.99957 78.0 1 1 1
300 47 472.999554 181.000125 57.000347999999995 33.0 1 1 1
300 50 581.000148 172.999875 28.999458 21.0 1 1 1
300 63 657.0006119999999 175.000125 26.999838 16.999875 1 1 1
301 11 589.99968 178.000125 70.000362 64.00012500000001 1 1 1
301 49 222.000048 184.000125 155.000358 85.999875 1 1 1
301 47 464.000022 181.999875 58.999967999999996 34.000125 1 1 1
301 50 576.999666 172.999875 28.999458 22.000125 1 1 1
301 63 660.000042 175.000125 26.000028 16.999875 1 1 1
302 11 590.99949 178.000125 70.000362 64.00012500000001 1 1 1
302 49 161.00046 184.000125 188.00029800000002 99.0 1 1 1
302 47 453.999438 181.000125 59.999778 37.999875 1 1 1
302 50 572.000616 172.999875 31.00032 22.999875 1 1 1
302 63 662.999472 175.000125 26.000028 18.0 1 1 1
303 11 592.000542 178.000125 69.000552 64.00012500000001 1 1 1
303 49 80.99951399999999 187.000125 231.99938999999998 112.999875 1 1 1
303 47 443.00028599999996 181.999875 61.999398 40.000125 1 1 1
303 50 568.000134 174.0 32.00013 24.0 1 1 1
303 63 666.0001440000001 175.000125 26.000028 18.0 1 1 1
304 11 593.000352 178.000125 69.000552 64.99987499999999 1 1 1
304 49 0.0 187.000125 268.000002 136.000125 1 1 1
304 47 431.99989200000005 183.0 63.00045 43.999875 1 1 1
304 50 563.999652 174.0 33.99975 24.0 1 1 1
304 63 669.9993840000001 175.000125 24.000408 16.999875 1 1 1
305 11 593.000352 178.999875 71.000172 64.00012500000001 1 1 1
305 49 0.0 190.999875 206.000604 168.0 1 1 1
305 47 397.00033199999996 184.000125 85.99980599999999 46.999875 1 1 1
305 50 557.99955 175.000125 34.99956 25.000125 1 1 1
305 63 673.000056 175.999875 24.000408 16.999875 1 1 1
306 11 594.000162 178.999875 71.999982 64.00012500000001 1 1 1
306 49 0.0 195.0 121.000608 145.999875 1 1 1
306 47 372.99992399999996 184.999875 98.99982 52.999874999999996 1 1 1
306 50 553.0005 175.000125 36.000612000000004 25.999875000000003 1 1 1
306 63 675.9994859999999 175.000125 23.000598 16.999875 1 1 1
307 11 595.999782 178.999875 70.000362 64.00012500000001 1 1 1
307 47 346.99989600000004 186.0 109.000404 58.999875 1 1 1
307 50 549.000018 174.0 37.000422 28.000125 1 1 1
307 58 641.9997360000001 175.999875 33.99975 22.999875 1 1 1
307 63 679.999968 175.000125 20.999736 16.000124999999997 1 1 1
308 11 597.999402 177.0 70.000362 64.99987499999999 1 1 1
308 47 314.99976599999997 186.0 124.000038 67.000125 1 1 1
308 50 543.999726 174.0 39.999852 28.999875 1 1 1
308 58 647.999838 174.0 36.000612000000004 24.0 1 1 1
308 63 685.0002599999999 174.0 27.999648 16.000124999999997 1 1 1
309 11 601.000074 177.0 70.000362 64.99987499999999 1 1 1
309 47 270.999432 186.0 148.000446 76.99987499999999 1 1 1
309 50 538.999434 172.999875 41.999472 31.000125 1 1 1
309 58 654.9997500000001 174.0 37.000422 24.0 1 1 1
309 63 690.0005520000001 172.999875 26.000028 16.000124999999997 1 1 1
310 11 603.999504 175.999875 71.000172 64.99987499999999 1 1 1
310 47 217.99956600000002 186.0 176.000094 91.000125 1 1 1
310 50 534.000384 172.999875 44.000334 31.000125 1 1 1
310 58 660.9998519999999 172.999875 39.000042 24.0 1 1 1
310 63 698.000274 172.000125 21.999546 16.000124999999997 1 1 1
311 11 608.999796 175.000125 70.000362 66.0 1 1 1
311 47 143.999964 189.0 220.00042800000003 105.00000000000001 1 1 1
311 50 528.0002820000001 172.000125 45.999954 34.000125 1 1 1
311 58 667.999764 172.000125 40.999662 24.0 1 1 1
311 63 706.999806 172.000125 18.000306000000002 15.0 1 1 1
312 11 613.000278 175.000125 70.000362 66.0 1 1 1
312 47 36.000612000000004 192.0 287.999928 124.000125 1 1 1
312 50 522.00018 172.999875 50.000436 34.999875 1 1 1
312 58 674.999676 172.000125 44.000334 24.0 1 1 1
312 63 711.000288 172.000125 21.999546 15.0 1 1 1
313 11 618.00057 175.000125 71.000172 66.0 1 1 1
313 47 0.0 193.999875 257.999418 157.000125 1 1 1
313 50 515.000268 172.999875 52.000056 37.999875 1 1 1
313 58 682.999398 172.000125 46.999764 25.000125 1 1 1
313 63 717.00039 169.999875 20.999736 16.999875 1 1 1
314 11 623.99943 175.000125 71.000172 66.0 1 1 1
314 47 0.0 202.99987499999997 197.99964 157.000125 1 1 1
314 50 509.000166 172.999875 56.000538 40.999875 1 1 1
314 58 692.999982 172.000125 50.000436 25.000125 1 1 1
315 11 628.999722 175.000125 71.999982 66.0 1 1 1
315 47 0.0 214.999875 79.999704 160.000125 1 1 1
315 50 502.00025400000004 172.999875 58.999967999999996 43.999875 1 1 1
315 58 704.000376 171.0 52.999866000000004 25.000125 1 1 1
316 11 635.999634 174.0 71.999982 64.99987499999999 1 1 1
316 50 491.99967000000004 172.000125 65.00007 48.0 1 1 1
316 58 717.00039 169.999875 53.999676 25.000125 1 1 1
317 11 642.999546 172.999875 71.999982 66.0 1 1 1
317 50 482.00032799999997 171.0 70.000362 52.999874999999996 1 1 1
317 58 730.000404 169.000125 56.000538 25.999875000000003 1 1 1
318 11 649.9994579999999 172.000125 71.999982 67.000125 1 1 1
318 50 470.00012399999997 172.000125 76.00046400000001 55.999874999999996 1 1 1
318 58 744.000228 168.0 58.000158 25.999875000000003 1 1 1
319 11 657.0006119999999 172.000125 73.999602 67.000125 1 1 1
319 50 456.0003 172.000125 84.000186 61.999875 1 1 1
319 58 758.000052 166.999875 60.999587999999996 26.999999999999996 1 1 1
320 11 666.0001440000001 172.000125 72.999792 66.0 1 1 1
320 50 437.999994 174.0 93.999528 67.000125 1 1 1
320 58 777.9999779999999 166.000125 58.999967999999996 26.999999999999996 1 1 1
321 11 674.999676 172.999875 73.999602 66.0 1 1 1
321 50 414.999396 175.999875 106.999542 73.999875 1 1 1
321 58 789.000372 166.999875 69.000552 26.999999999999996 1 1 1
322 11 684.00045 172.999875 73.999602 67.000125 1 1 1
322 50 385.999938 175.999875 124.999848 84.0 1 1 1
322 58 810.0001080000001 166.999875 66.99969 28.000125 1 1 1
323 11 692.000172 172.999875 76.00046400000001 67.000125 1 1 1
323 50 348.999516 175.999875 145.999584 99.0 1 1 1
323 58 827.000604 166.999875 71.000172 28.000125 1 1 1
324 11 700.9997040000001 174.0 76.00046400000001 66.0 1 1 1
324 50 298.000512 178.000125 175.000284 112.00012500000001 1 1 1
324 58 847.00053 166.999875 73.999602 28.000125 1 1 1
325 11 711.000288 172.999875 76.00046400000001 66.0 1 1 1
325 50 222.000048 177.0 224.99947799999998 135.0 1 1 1
325 58 868.000266 166.000125 76.00046400000001 28.000125 1 1 1
326 11 719.9998199999999 172.000125 77.00027399999999 66.0 1 1 1
326 50 108.000594 175.999875 300.000132 168.0 1 1 1
326 58 889.9998119999999 163.999875 78.999894 28.000125 1 1 1
327 11 729.000594 169.999875 76.00046400000001 66.0 1 1 1
327 50 0.0 175.000125 352.999998 199.99987499999997 1 1 1
327 58 910.999548 162.0 84.000186 28.999875 1 1 1
328 11 737.000316 168.0 76.00046400000001 64.99987499999999 1 1 1
328 50 0.0 172.000125 265.000572 202.99987499999997 1 1 1
328 58 934.0001460000001 160.000125 86.999616 30.0 1 1 1
329 11 745.9998479999999 166.000125 76.00046400000001 66.0 1 1 1
329 50 0.0 174.0 117.000126 201.0 1 1 1
329 58 959.000364 159.0 90.000288 30.0 1 1 1
330 11 753.99957 166.000125 76.00046400000001 66.0 1 1 1
330 58 982.9995299999999 159.0 92.999718 31.999875000000003 1 1 1
331 11 763.000344 168.0 74.999412 64.99987499999999 1 1 1
331 58 1008.999558 160.000125 97.0002 31.999875000000003 1 1 1
332 11 770.0002559999999 168.0 73.999602 66.0 1 1 1
332 58 1035.9993960000002 162.0 103.000302 31.999875000000003 1 1 1
333 11 776.000358 169.999875 76.00046400000001 64.00012500000001 1 1 1
333 58 1061.999424 162.0 110.00021400000001 34.000125 1 1 1
334 11 782.00046 171.0 77.00027399999999 64.99987499999999 1 1 1
334 58 1091.999934 163.000125 115.00050599999999 34.000125 1 1 1
335 11 788.0005620000001 171.0 78.000084 64.00012500000001 1 1 1
335 58 1123.000254 163.000125 118.99974599999999 36.0 1 1 1
336 11 792.999612 171.0 78.999894 64.00012500000001 1 1 1
336 58 1155.000384 162.0 86.999616 39.0 1 1 1
337 11 801.0005759999999 171.0 74.999412 64.99987499999999 1 1 1
337 58 1189.999944 163.000125 52.000056 37.999875 1 1 1
338 11 805.999626 172.999875 73.999602 63.00000000000001 1 1 1
338 58 1226.000556 169.000125 15.999443999999999 33.0 1 1 1
339 11 805.999626 174.0 78.000084 63.00000000000001 1 1 1
340 11 810.999918 174.0 76.00046400000001 61.999875 1 1 1
341 11 812.9995379999999 172.000125 76.00046400000001 63.00000000000001 1 1 1
342 11 814.00059 171.0 76.00046400000001 63.00000000000001 1 1 1
343 11 815.0004 171.0 77.00027399999999 61.000125000000004 1 1 1
344 11 817.99983 171.0 71.000172 60.0 1 1 1
345 11 817.0000200000001 171.0 70.000362 60.0 1 1 1
346 11 814.00059 172.000125 71.999982 58.999875 1 1 1
347 11 812.9995379999999 172.000125 70.000362 58.999875 1 1 1
348 11 810.0001080000001 172.999875 69.000552 57.0 1 1 1
349 11 808.000488 174.0 65.99988 55.999874999999996 1 1 1
350 11 804.000006 174.0 64.00026 55.999874999999996 1 1 1
351 11 797.000094 175.000125 65.99988 55.000125 1 1 1
352 11 792.999612 175.999875 64.00026 53.99999999999999 1 1 1
353 11 790.0001820000001 175.999875 60.999587999999996 52.999874999999996 1 1 1
354 11 784.9998899999999 175.999875 59.999778 51.00000000000001 1 1 1
355 11 778.9997880000001 175.000125 59.999778 49.999875 1 1 1
356 11 773.9994959999999 174.0 58.999967999999996 48.0 1 1 1
357 11 771.0000660000001 172.999875 57.000347999999995 48.0 1 1 1
358 11 766.999584 171.0 54.999486000000005 46.999875 1 1 1
359 11 763.000344 169.999875 53.999676 46.000125 1 1 1
360 11 758.000052 169.999875 52.999866000000004 45.0 1 1 1
361 11 756.000432 169.999875 51.000246000000004 43.999875 1 1 1
362 11 752.99976 171.0 50.000436 43.000125000000004 1 1 1
363 11 747.999468 172.000125 51.000246000000004 42.0 1 1 1
364 11 747.999468 172.999875 48.999384 40.999875 1 1 1
365 11 747.999468 172.999875 46.999764 40.999875 1 1 1
366 11 745.000038 172.000125 46.999764 40.000125 1 1 1
367 11 744.000228 171.0 45.999954 39.0 1 1 1
368 11 743.000418 172.000125 44.000334 37.999875 1 1 1
369 11 742.0006079999999 172.000125 44.000334 37.999875 1 1 1
370 11 740.999556 172.999875 43.000524 36.0 1 1 1
371 11 739.9997460000001 172.999875 41.999472 34.999875 1 1 1
372 11 739.9997460000001 172.999875 40.999662 34.999875 1 1 1
