295 50 599.000454 175.999875 23.000598 10.999875000000001 1 1 1
296 50 594.999972 175.000125 24.000408 16.999875 1 1 1
297 50 590.99949 172.999875 26.999838 19.999875 1 1 1
298 50 588.0000600000001 172.999875 26.999838 22.000125 1 1 1
299 50 584.999388 172.000125 26.999838 19.999875 1 1 1
300 50 581.000148 172.999875 28.999458 21.0 1 1 1
301 50 576.999666 172.999875 28.999458 22.000125 1 1 1
302 50 572.000616 172.999875 31.00032 22.999875 1 1 1
303 50 568.000134 174.0 32.00013 24.0 1 1 1
304 50 563.999652 174.0 33.99975 24.0 1 1 1
305 50 557.99955 175.000125 34.99956 25.000125 1 1 1
306 50 553.0005 175.000125 36.000612000000004 25.999875000000003 1 1 1
307 50 549.000018 174.0 37.000422 28.000125 1 1 1
308 50 543.999726 174.0 39.999852 28.999875 1 1 1
309 50 538.999434 172.999875 41.999472 31.000125 1 1 1
310 50 534.000384 172.999875 44.000334 31.000125 1 1 1
311 50 528.0002820000001 172.000125 45.999954 34.000125 1 1 1
312 50 522.00018 172.999875 50.000436 34.999875 1 1 1
313 50 515.000268 172.999875 52.000056 37.999875 1 1 1
314 50 509.000166 172.999875 56.000538 40.999875 1 1 1
315 50 502.00025400000004 172.999875 58.999967999999996 43.999875 1 1 1
316 50 491.99967000000004 172.000125 65.00007 48.0 1 1 1
317 50 482.00032799999997 171.0 70.000362 52.999874999999996 1 1 1
318 50 470.00012399999997 172.000125 76.00046400000001 55.999874999999996 1 1 1
319 50 456.0003 172.000125 84.000186 61.999875 1 1 1
320 50 437.999994 174.0 93.999528 67.000125 1 1 1
321 50 414.999396 175.999875 106.999542 73.999875 1 1 1
322 50 385.999938 175.999875 124.999848 84.0 1 1 1
323 50 348.999516 175.999875 145.999584 99.0 1 1 1
324 50 298.000512 178.000125 175.000284 112.00012500000001 1 1 1
325 50 222.000048 177.0 224.99947799999998 135.0 1 1 1
326 50 108.000594 175.999875 300.000132 168.0 1 1 1
327 50 0.0 175.000125 352.999998 199.99987499999997 1 1 1
328 50 0.0 172.000125 265.000572 202.99987499999997 1 1 1
329 50 0.0 174.0 117.000126 201.0 1 1 1
