0 11 0.924837 0.508108 0.075163 0.129730
0 12 0.861928 0.505405 0.081699 0.102703
0 13 0.786765 0.502703 0.083333 0.127027
0 14 0.498366 0.475676 0.017974 0.070270
0 10 0.158497 0.427027 0.013072 0.110811
0 124 0.242647 0.435135 0.013889 0.135135
0 104 0.211601 0.421622 0.012255 0.118919
0 152 0.287582 0.440541 0.020425 0.229730
0 153 0.319444 0.440541 0.022876 0.227027
0 151 0.362745 0.470270 0.010621 0.140541
0 149 0.473039 0.435135 0.037582 0.321622
0 150 0.502451 0.443243 0.029412 0.289189
0 100 0.339052 0.435135 0.028595 0.305405
0 101 0.379085 0.459459 0.022876 0.267568
0 99 0.406863 0.464865 0.031046 0.254054
0 113 0.294118 0.443243 0.031863 0.256757
