0 11 0.925654 0.508108 0.074346 0.121622
0 12 0.860294 0.508108 0.084150 0.100000
0 13 0.786765 0.502703 0.084150 0.127027
0 14 0.494281 0.472973 0.010621 0.040541
0 10 0.159314 0.427027 0.011438 0.110811
0 124 0.209150 0.435135 0.013889 0.156757
0 104 0.197712 0.424324 0.013072 0.127027
0 152 0.357026 0.437838 0.025327 0.267568
0 153 0.388072 0.451351 0.030229 0.245946
0 151 0.418301 0.435135 0.038399 0.286486
0 149 0.612745 0.418919 0.052288 0.402703
0 150 0.652778 0.432432 0.026961 0.351351
0 100 0.443627 0.437838 0.054739 0.375676
0 101 0.495098 0.445946 0.028595 0.345946
0 99 0.526144 0.456757 0.028595 0.316216
0 113 0.376634 0.440541 0.031046 0.302703
