0 11 0.919118 0.508108 0.080882 0.129730
0 12 0.861111 0.508108 0.082516 0.100000
0 13 0.813725 0.502703 0.057190 0.127027
0 14 0.498366 0.475676 0.022059 0.067568
0 120 0.753268 0.429730 0.044118 0.408108
0 148 0.771242 0.456757 0.044118 0.359459
0 121 0.472222 0.443243 0.049020 0.297297
0 152 0.227941 0.432432 0.013072 0.170270
0 153 0.253268 0.437838 0.012255 0.164865
0 151 0.273693 0.437838 0.017157 0.175676
0 149 0.255719 0.445946 0.030229 0.213514
0 150 0.294118 0.445946 0.017974 0.202703
0 100 0.177288 0.432432 0.022876 0.191892
0 101 0.207516 0.454054 0.017974 0.178378
0 99 0.235294 0.456757 0.021242 0.172973
0 113 0.234477 0.437838 0.019608 0.178378
