0 11 0.919935 0.505405 0.057190 0.108108
0 12 0.860294 0.508108 0.084150 0.100000
0 13 0.787582 0.502703 0.083333 0.127027
0 14 0.495098 0.475676 0.025327 0.070270
0 120 0.945261 0.437838 0.054739 0.475676
0 121 0.609477 0.432432 0.066993 0.375676
0 152 0.223856 0.432432 0.016340 0.191892
0 153 0.263889 0.437838 0.014706 0.189189
0 151 0.274510 0.445946 0.027778 0.194595
0 149 0.310458 0.440541 0.035948 0.245946
0 150 0.357843 0.443243 0.026144 0.229730
0 100 0.208333 0.437838 0.030229 0.229730
0 101 0.243464 0.454054 0.025327 0.213514
0 99 0.274510 0.459459 0.024510 0.200000
0 113 0.236928 0.448649 0.020425 0.189189
