0 11 0.928922 0.508108 0.071078 0.105405
0 12 0.860294 0.508108 0.084150 0.100000
0 13 0.786765 0.500000 0.084150 0.129730
0 14 0.495915 0.475676 0.024510 0.070270
0 10 0.161765 0.424324 0.012255 0.113514
0 124 0.228758 0.432432 0.015523 0.148649
0 104 0.205065 0.424324 0.013889 0.121622
0 152 0.313725 0.443243 0.024510 0.240541
0 153 0.350490 0.440541 0.024510 0.237838
0 151 0.375000 0.440541 0.023693 0.264865
0 149 0.526961 0.432432 0.052288 0.343243
0 150 0.558824 0.448649 0.040850 0.305405
0 100 0.376634 0.443243 0.045752 0.329730
0 101 0.418301 0.454054 0.031046 0.302703
0 99 0.450163 0.464865 0.035948 0.272973
0 113 0.325980 0.432432 0.030229 0.278378
