0 11 0.946895 0.516216 0.053105 0.097297
0 12 0.861111 0.508108 0.044118 0.097297
0 13 0.786765 0.500000 0.084150 0.129730
0 14 0.495915 0.475676 0.024510 0.070270
0 120 0.870915 0.427027 0.082516 0.483784
0 148 0.905229 0.459459 0.066993 0.421622
0 121 0.566176 0.432432 0.052288 0.354054
0 152 0.221405 0.429730 0.015523 0.189189
0 153 0.255719 0.437838 0.014706 0.178378
0 151 0.276144 0.440541 0.018791 0.191892
0 149 0.292484 0.437838 0.026144 0.237838
0 150 0.335784 0.454054 0.023693 0.210811
0 100 0.196078 0.437838 0.023693 0.213514
0 101 0.231209 0.448649 0.022876 0.200000
0 99 0.259804 0.462162 0.022876 0.186486
0 113 0.241013 0.451351 0.015523 0.191892
