0 11 0.924837 0.508108 0.075163 0.127027
0 12 0.861111 0.505405 0.082516 0.102703
0 13 0.786765 0.502703 0.084150 0.127027
0 14 0.504085 0.475676 0.016340 0.072973
0 10 0.158497 0.427027 0.013072 0.110811
0 124 0.245915 0.435135 0.015523 0.132432
0 104 0.211601 0.421622 0.014706 0.118919
0 152 0.276144 0.435135 0.021242 0.229730
0 153 0.308007 0.437838 0.019608 0.221622
0 151 0.340686 0.432432 0.019608 0.243243
0 149 0.451797 0.435135 0.028595 0.305405
0 150 0.486928 0.445946 0.022876 0.275676
0 100 0.318627 0.437838 0.030229 0.291892
0 101 0.353758 0.454054 0.036765 0.264865
0 99 0.386438 0.462162 0.026961 0.248649
0 113 0.282680 0.443243 0.025327 0.251351
