0 11 0.918301 0.508108 0.037582 0.100000
0 12 0.861111 0.508108 0.084150 0.100000
0 13 0.785948 0.500000 0.084967 0.129730
0 14 0.495915 0.475676 0.024510 0.067568
0 120 0.926471 0.429730 0.073529 0.491892
0 148 0.952614 0.462162 0.047386 0.437838
0 121 0.606209 0.421622 0.040033 0.378378
0 152 0.226307 0.429730 0.013072 0.189189
0 153 0.258987 0.440541 0.017157 0.186486
0 151 0.285131 0.445946 0.017974 0.189189
0 149 0.308007 0.435135 0.023693 0.248649
0 150 0.349673 0.454054 0.027778 0.218919
0 100 0.206699 0.432432 0.022059 0.227027
0 101 0.241013 0.440541 0.026961 0.221622
0 99 0.270425 0.459459 0.020425 0.194595
0 113 0.234477 0.440541 0.021242 0.194595
