0 11 0.919935 0.508108 0.080065 0.127027
0 12 0.861111 0.508108 0.082516 0.100000
0 13 0.786765 0.500000 0.084150 0.129730
0 14 0.495098 0.475676 0.018791 0.067568
0 120 0.785948 0.421622 0.044935 0.429730
0 148 0.798203 0.462162 0.069444 0.372973
0 121 0.497549 0.437838 0.044118 0.305405
0 152 0.227941 0.435135 0.009804 0.175676
0 153 0.255719 0.435135 0.013889 0.175676
0 151 0.274510 0.435135 0.018791 0.175676
0 149 0.263072 0.445946 0.025327 0.210811
0 150 0.304739 0.451351 0.022059 0.202703
0 100 0.180556 0.435135 0.021242 0.202703
0 101 0.211601 0.454054 0.018791 0.183784
0 99 0.242647 0.456757 0.019608 0.178378
0 113 0.232026 0.443243 0.016340 0.175676
