0 11 0.926471 0.508108 0.073529 0.129730
0 12 0.861111 0.505405 0.083333 0.102703
0 13 0.786765 0.500000 0.083333 0.129730
0 14 0.508987 0.472973 0.008987 0.067568
0 10 0.159314 0.424324 0.012255 0.113514
0 124 0.240196 0.440541 0.013889 0.132432
0 104 0.210784 0.421622 0.012255 0.121622
0 152 0.292484 0.437838 0.019608 0.240541
0 153 0.325163 0.435135 0.023693 0.232432
0 151 0.349673 0.429730 0.032680 0.254054
0 149 0.486111 0.427027 0.033497 0.332432
0 150 0.519608 0.448649 0.035131 0.291892
0 100 0.348039 0.432432 0.028595 0.316216
0 101 0.381536 0.456757 0.035948 0.281081
0 99 0.418301 0.456757 0.023693 0.262162
0 113 0.298203 0.437838 0.033497 0.267568
