0 11 0.924837 0.508108 0.075163 0.129730
0 12 0.861111 0.505405 0.083333 0.102703
0 13 0.786765 0.500000 0.084150 0.127027
0 14 0.502451 0.475676 0.017974 0.075676
0 10 0.159314 0.427027 0.011438 0.110811
0 124 0.212418 0.435135 0.014706 0.154054
0 104 0.200163 0.418919 0.012255 0.129730
0 152 0.351307 0.429730 0.025327 0.267568
0 153 0.385621 0.445946 0.026961 0.248649
0 151 0.411765 0.432432 0.032680 0.286486
0 149 0.602941 0.421622 0.048203 0.378378
0 150 0.617647 0.445946 0.057190 0.337838
0 100 0.435458 0.435135 0.055556 0.362162
0 101 0.476307 0.451351 0.037582 0.337838
0 99 0.508987 0.470270 0.039216 0.300000
0 113 0.368464 0.429730 0.030229 0.305405
