0 11 0.924020 0.508108 0.075980 0.127027
0 12 0.861111 0.508108 0.082516 0.100000
0 13 0.786765 0.500000 0.084150 0.127027
0 14 0.495915 0.475676 0.024510 0.070270
0 121 0.683007 0.418919 0.044118 0.416216
0 152 0.229575 0.429730 0.013072 0.202703
0 153 0.264706 0.440541 0.014706 0.191892
0 151 0.288399 0.440541 0.014706 0.208108
0 149 0.335784 0.437838 0.032680 0.259459
0 150 0.377451 0.454054 0.026144 0.229730
0 100 0.232843 0.437838 0.022876 0.245946
0 101 0.270425 0.440541 0.022059 0.235135
0 99 0.297386 0.462162 0.022876 0.210811
0 113 0.254085 0.437838 0.015523 0.210811
