0 11 0.924837 0.508108 0.075163 0.129730
0 12 0.861111 0.508108 0.082516 0.100000
0 13 0.786765 0.500000 0.084150 0.129730
0 14 0.495098 0.475676 0.025327 0.072973
0 10 0.158497 0.424324 0.012255 0.113514
0 124 0.251634 0.437838 0.012255 0.129730
0 104 0.214869 0.418919 0.013072 0.121622
0 152 0.272059 0.443243 0.017974 0.218919
0 153 0.301471 0.445946 0.018791 0.197297
0 151 0.332516 0.435135 0.022059 0.240541
0 149 0.430556 0.443243 0.040033 0.297297
0 150 0.472222 0.454054 0.037582 0.270270
0 100 0.311275 0.440541 0.027778 0.289189
0 101 0.351307 0.445946 0.024510 0.267568
0 99 0.375817 0.462162 0.035948 0.243243
0 113 0.277778 0.440541 0.026961 0.245946
