0 11 0.926471 0.508108 0.073529 0.129730
0 12 0.861111 0.508108 0.083333 0.100000
0 13 0.785948 0.502703 0.084967 0.127027
0 14 0.489379 0.472973 0.030229 0.075676
0 10 0.160131 0.424324 0.013072 0.113514
0 124 0.222222 0.432432 0.014706 0.154054
0 104 0.204248 0.421622 0.013072 0.124324
0 152 0.334967 0.437838 0.022059 0.251351
0 153 0.366013 0.437838 0.022876 0.248649
0 151 0.390523 0.435135 0.031046 0.267568
0 149 0.559641 0.429730 0.057190 0.359459
0 150 0.589052 0.448649 0.053105 0.321622
0 100 0.409314 0.440541 0.037582 0.351351
0 101 0.439542 0.454054 0.041667 0.316216
0 99 0.476307 0.459459 0.043301 0.294595
0 113 0.343954 0.432432 0.028595 0.289189
