0 11 0.923203 0.508108 0.076797 0.127027
0 12 0.861111 0.508108 0.083333 0.100000
0 13 0.787582 0.502703 0.083333 0.127027
0 14 0.495915 0.475676 0.024510 0.070270
0 121 0.744281 0.421622 0.043301 0.443243
0 10 0.159314 0.427027 0.010621 0.108108
0 152 0.236928 0.437838 0.018791 0.200000
0 153 0.275327 0.437838 0.013889 0.202703
0 151 0.287582 0.443243 0.024510 0.137838
0 149 0.357843 0.443243 0.037582 0.267568
0 150 0.397059 0.454054 0.032680 0.235135
0 100 0.245098 0.443243 0.028595 0.251351
0 101 0.285131 0.448649 0.024510 0.237838
0 99 0.316176 0.462162 0.021242 0.213514
0 113 0.258987 0.440541 0.018791 0.216216
