0 11 0.922386 0.508108 0.077614 0.129730
0 12 0.864379 0.508108 0.080065 0.100000
0 13 0.787582 0.500000 0.084150 0.102703
0 14 0.495915 0.475676 0.024510 0.070270
0 121 0.829248 0.408108 0.052288 0.497297
0 10 0.157680 0.424324 0.011438 0.113514
0 104 0.226307 0.427027 0.011438 0.108108
0 152 0.245915 0.437838 0.018791 0.213514
0 153 0.289216 0.443243 0.011438 0.202703
0 151 0.300654 0.437838 0.017974 0.213514
0 149 0.379902 0.440541 0.035131 0.275676
0 150 0.418301 0.451351 0.035948 0.251351
0 100 0.268791 0.440541 0.025327 0.264865
0 101 0.308824 0.445946 0.022059 0.251351
0 99 0.334150 0.459459 0.021242 0.227027
0 113 0.257353 0.435135 0.020425 0.232432
