0 11 0.924837 0.508108 0.075163 0.105405
0 12 0.861111 0.508108 0.082516 0.100000
0 13 0.786765 0.502703 0.084150 0.127027
0 14 0.493464 0.472973 0.025327 0.075676
0 10 0.160131 0.427027 0.011438 0.110811
0 124 0.210784 0.432432 0.013889 0.156757
0 104 0.198529 0.421622 0.013072 0.129730
0 152 0.354575 0.435135 0.025327 0.270270
0 153 0.393791 0.451351 0.022059 0.240541
0 151 0.415850 0.437838 0.035948 0.283784
0 149 0.604575 0.421622 0.056373 0.400000
0 150 0.627451 0.440541 0.044935 0.348649
0 100 0.437092 0.448649 0.060458 0.362162
0 101 0.487745 0.448649 0.028595 0.340541
0 99 0.514706 0.459459 0.038399 0.313514
0 113 0.373366 0.435135 0.027778 0.305405
