0 11 0.984477 0.508108 0.015523 0.105405
0 12 0.861928 0.508108 0.076797 0.097297
0 13 0.786765 0.502703 0.084150 0.127027
0 14 0.495915 0.475676 0.024510 0.067568
0 120 0.925654 0.418919 0.062908 0.494595
0 148 0.926471 0.467568 0.072712 0.432432
0 121 0.590686 0.424324 0.035131 0.364865
0 152 0.223039 0.429730 0.016340 0.191892
0 153 0.258987 0.443243 0.015523 0.181081
0 151 0.281046 0.440541 0.020425 0.191892
0 149 0.299837 0.443243 0.026144 0.237838
0 150 0.345588 0.454054 0.030229 0.216216
0 100 0.204248 0.435135 0.021242 0.218919
0 101 0.240196 0.443243 0.023693 0.210811
0 99 0.268791 0.459459 0.019608 0.194595
0 113 0.233660 0.440541 0.016340 0.189189
