0 11 0.925654 0.508108 0.074346 0.105405
0 12 0.860294 0.505405 0.084150 0.102703
0 13 0.786765 0.502703 0.084150 0.127027
0 14 0.495915 0.475676 0.024510 0.067568
0 120 0.709967 0.427027 0.032680 0.381081
0 148 0.736928 0.456757 0.031046 0.337838
0 121 0.444444 0.443243 0.035131 0.278378
0 151 0.273693 0.435135 0.014706 0.167568
0 149 0.245915 0.445946 0.023693 0.200000
0 150 0.280229 0.443243 0.022876 0.197297
0 100 0.175654 0.429730 0.018791 0.186486
0 101 0.202614 0.445946 0.020425 0.175676
0 99 0.228758 0.451351 0.017974 0.164865
