0 11 0.925654 0.508108 0.074346 0.127027
0 12 0.861111 0.508108 0.083333 0.100000
0 13 0.786765 0.500000 0.084150 0.129730
0 14 0.495915 0.475676 0.024510 0.067568
0 121 0.662582 0.427027 0.061275 0.405405
0 152 0.229575 0.427027 0.014706 0.200000
0 153 0.263889 0.437838 0.017157 0.194595
0 151 0.282680 0.440541 0.017157 0.205405
0 149 0.333333 0.440541 0.035131 0.254054
0 150 0.375817 0.448649 0.024510 0.235135
0 100 0.230392 0.437838 0.022876 0.245946
0 101 0.264706 0.456757 0.023693 0.218919
0 99 0.291667 0.456757 0.027778 0.210811
0 113 0.250817 0.437838 0.013072 0.213514
