0 11 0.944444 0.513514 0.055556 0.118919
0 12 0.861111 0.508108 0.052288 0.097297
0 13 0.786765 0.502703 0.084150 0.127027
0 14 0.495915 0.475676 0.024510 0.070270
0 121 0.904412 0.402703 0.053922 0.535135
0 10 0.160948 0.427027 0.011438 0.108108
0 104 0.220588 0.429730 0.013072 0.108108
0 152 0.258170 0.440541 0.018791 0.210811
0 153 0.291667 0.440541 0.013072 0.213514
0 151 0.315359 0.440541 0.018791 0.229730
0 149 0.404412 0.443243 0.042484 0.286486
0 150 0.437092 0.451351 0.038399 0.259459
0 100 0.285131 0.435135 0.031046 0.275676
0 101 0.327614 0.451351 0.022059 0.251351
0 99 0.350490 0.454054 0.028595 0.243243
0 113 0.267157 0.435135 0.023693 0.240541
