0 11 0.924020 0.508108 0.066993 0.102703
0 12 0.861111 0.505405 0.082516 0.102703
0 13 0.785948 0.502703 0.084967 0.127027
0 14 0.495915 0.475676 0.024510 0.070270
0 121 0.620098 0.432432 0.059641 0.378378
0 152 0.224673 0.437838 0.016340 0.189189
0 153 0.266340 0.437838 0.012255 0.189189
0 151 0.275327 0.440541 0.015523 0.200000
0 149 0.314542 0.443243 0.035131 0.245946
0 150 0.360294 0.448649 0.026961 0.224324
0 100 0.210784 0.437838 0.029412 0.232432
0 101 0.252451 0.451351 0.019608 0.216216
0 99 0.276961 0.456757 0.022059 0.202703
0 113 0.241013 0.443243 0.017157 0.186486
