0 11 0.925654 0.508108 0.074346 0.129730
0 12 0.861111 0.508108 0.083333 0.100000
0 13 0.786765 0.502703 0.084150 0.127027
0 14 0.495915 0.475676 0.024510 0.070270
0 10 0.160948 0.424324 0.014706 0.113514
0 124 0.226307 0.429730 0.017157 0.148649
0 104 0.205065 0.427027 0.013889 0.118919
0 152 0.316176 0.437838 0.025327 0.243243
0 153 0.352124 0.443243 0.026144 0.243243
0 151 0.377451 0.437838 0.022876 0.262162
0 149 0.532680 0.424324 0.050654 0.359459
0 150 0.564542 0.440541 0.035948 0.316216
0 100 0.382353 0.440541 0.039216 0.335135
0 101 0.426471 0.451351 0.026144 0.308108
0 99 0.455882 0.456757 0.035131 0.289189
0 113 0.327614 0.437838 0.032680 0.278378
