0 11 0.922386 0.508108 0.077614 0.129730
0 12 0.860294 0.505405 0.084150 0.102703
0 13 0.786765 0.500000 0.084150 0.127027
0 14 0.495098 0.475676 0.018791 0.070270
0 10 0.158497 0.427027 0.013072 0.110811
0 124 0.244281 0.437838 0.013072 0.132432
0 104 0.211601 0.421622 0.013072 0.121622
0 152 0.284314 0.440541 0.019608 0.227027
0 153 0.317810 0.445946 0.022059 0.221622
0 151 0.348039 0.432432 0.026144 0.243243
0 149 0.462418 0.440541 0.044935 0.316216
0 150 0.492647 0.448649 0.039216 0.283784
0 100 0.328431 0.440541 0.035131 0.302703
0 101 0.373366 0.451351 0.024510 0.275676
0 99 0.401961 0.464865 0.032680 0.251351
0 113 0.292484 0.435135 0.030229 0.262162
