0 11 0.924837 0.508108 0.075163 0.105405
0 12 0.861111 0.505405 0.083333 0.102703
0 13 0.814542 0.502703 0.055556 0.124324
0 14 0.493464 0.472973 0.008987 0.048649
0 120 0.767974 0.429730 0.060458 0.424324
0 148 0.795752 0.462162 0.062908 0.367568
0 121 0.495915 0.432432 0.026961 0.313514
0 152 0.226307 0.427027 0.013889 0.181081
0 151 0.280229 0.443243 0.012255 0.178378
0 149 0.262255 0.440541 0.021242 0.216216
0 150 0.298203 0.454054 0.023693 0.200000
0 100 0.179739 0.429730 0.021242 0.202703
0 101 0.209967 0.448649 0.017974 0.186486
0 99 0.241830 0.448649 0.017974 0.183784
0 113 0.234477 0.437838 0.013889 0.170270
