0 11 0.922386 0.508108 0.077614 0.127027
0 12 0.861111 0.508108 0.082516 0.100000
0 13 0.786765 0.502703 0.084150 0.127027
0 14 0.495915 0.475676 0.024510 0.070270
0 121 0.651961 0.432432 0.070261 0.400000
0 152 0.226307 0.462162 0.011438 0.029730
0 153 0.261438 0.435135 0.015523 0.197297
0 151 0.271242 0.443243 0.028595 0.205405
0 149 0.333333 0.437838 0.029412 0.256757
0 150 0.375817 0.445946 0.022059 0.232432
0 100 0.228758 0.435135 0.022059 0.243243
0 101 0.262255 0.454054 0.025327 0.221622
0 99 0.290033 0.464865 0.024510 0.205405
0 113 0.250000 0.443243 0.017157 0.205405
