0 11 0.924837 0.508108 0.075163 0.129730
0 12 0.875817 0.508108 0.067810 0.100000
0 13 0.786765 0.500000 0.062092 0.127027
0 14 0.495915 0.475676 0.024510 0.070270
0 121 0.830065 0.418919 0.084967 0.494595
0 10 0.157680 0.424324 0.011438 0.110811
0 104 0.224673 0.427027 0.012255 0.108108
0 152 0.250000 0.437838 0.017974 0.216216
0 153 0.294935 0.445946 0.009804 0.202703
0 151 0.305556 0.435135 0.016340 0.227027
0 149 0.388072 0.437838 0.027778 0.278378
0 150 0.425654 0.454054 0.029412 0.248649
0 100 0.272059 0.435135 0.026144 0.270270
0 101 0.311275 0.445946 0.023693 0.251351
0 99 0.336601 0.459459 0.028595 0.224324
0 113 0.258987 0.435135 0.021242 0.232432
