0 11 0.924020 0.508108 0.075980 0.105405
0 12 0.861111 0.508108 0.082516 0.100000
0 13 0.786765 0.502703 0.084150 0.127027
0 14 0.498366 0.475676 0.021242 0.070270
0 10 0.160948 0.424324 0.013072 0.113514
0 124 0.226307 0.437838 0.013889 0.143243
0 104 0.205882 0.421622 0.012255 0.124324
0 152 0.328431 0.432432 0.020425 0.254054
0 153 0.357843 0.437838 0.021242 0.248649
0 151 0.385621 0.427027 0.023693 0.272973
0 149 0.557190 0.416216 0.029412 0.367568
0 150 0.584967 0.437838 0.037582 0.324324
0 100 0.398693 0.429730 0.031863 0.345946
0 101 0.430556 0.456757 0.044118 0.302703
0 99 0.472222 0.456757 0.024510 0.286486
0 113 0.335784 0.437838 0.031863 0.289189
