0 11 0.924020 0.508108 0.075980 0.129730
0 12 0.873366 0.505405 0.070261 0.100000
0 13 0.786765 0.502703 0.063725 0.124324
0 14 0.495915 0.475676 0.024510 0.070270
0 120 0.822712 0.427027 0.065359 0.448649
0 148 0.847222 0.467568 0.077614 0.383784
0 121 0.532680 0.435135 0.047386 0.332432
0 152 0.218954 0.429730 0.015523 0.086486
0 153 0.256536 0.432432 0.017157 0.189189
0 151 0.270425 0.437838 0.014706 0.189189
0 149 0.275327 0.443243 0.031863 0.229730
0 150 0.321895 0.451351 0.021242 0.210811
0 100 0.184641 0.440541 0.023693 0.205405
0 101 0.220588 0.443243 0.018791 0.202703
0 99 0.250000 0.459459 0.019608 0.181081
0 113 0.236928 0.443243 0.015523 0.181081
