0 11 0.921569 0.508108 0.046569 0.102703
0 12 0.861111 0.505405 0.082516 0.102703
0 13 0.786765 0.500000 0.084150 0.129730
0 14 0.495915 0.475676 0.023693 0.067568
0 120 0.928105 0.432432 0.071895 0.489189
0 121 0.607843 0.424324 0.055556 0.372973
0 152 0.226307 0.429730 0.014706 0.194595
0 153 0.262255 0.437838 0.015523 0.189189
0 151 0.279412 0.443243 0.023693 0.191892
0 149 0.308007 0.435135 0.032680 0.248649
0 150 0.353758 0.448649 0.026144 0.224324
0 100 0.206699 0.437838 0.029412 0.224324
0 101 0.244281 0.451351 0.022876 0.210811
0 99 0.272876 0.454054 0.022876 0.202703
0 113 0.236928 0.445946 0.017974 0.189189
