0 11 0.923203 0.508108 0.076797 0.105405
0 12 0.861111 0.505405 0.082516 0.102703
0 13 0.786765 0.500000 0.083333 0.129730
0 14 0.495915 0.475676 0.024510 0.070270
0 121 0.706699 0.429730 0.076797 0.432432
0 152 0.232026 0.432432 0.021242 0.205405
0 153 0.269608 0.437838 0.017157 0.200000
0 151 0.294935 0.445946 0.015523 0.205405
0 149 0.352124 0.432432 0.031863 0.272973
0 150 0.392974 0.443243 0.021242 0.240541
0 100 0.240196 0.443243 0.031046 0.240541
0 101 0.276961 0.451351 0.026144 0.232432
0 99 0.304739 0.464865 0.027778 0.210811
0 113 0.259804 0.440541 0.012255 0.197297
