0 11 0.924020 0.508108 0.075980 0.129730
0 12 0.861111 0.508108 0.083333 0.100000
0 13 0.785948 0.502703 0.084967 0.127027
0 14 0.495915 0.475676 0.024510 0.067568
0 121 0.803922 0.413514 0.054739 0.478378
0 10 0.158497 0.424324 0.010621 0.110811
0 104 0.227124 0.429730 0.010621 0.105405
0 152 0.246732 0.443243 0.017974 0.210811
0 153 0.284314 0.435135 0.018791 0.208108
0 151 0.294935 0.440541 0.023693 0.218919
0 149 0.377451 0.443243 0.036765 0.275676
0 150 0.414216 0.454054 0.032680 0.243243
0 100 0.266340 0.443243 0.024510 0.262162
0 101 0.299837 0.454054 0.026144 0.240541
0 99 0.330065 0.462162 0.022876 0.224324
0 113 0.256536 0.435135 0.020425 0.227027
