0 11 0.925654 0.508108 0.074346 0.127027
0 12 0.861111 0.508108 0.082516 0.100000
0 13 0.786765 0.502703 0.084150 0.127027
0 14 0.491013 0.472973 0.025327 0.064865
0 10 0.158497 0.427027 0.013072 0.110811
0 124 0.245098 0.443243 0.014706 0.127027
0 104 0.209150 0.418919 0.016340 0.124324
0 152 0.278595 0.440541 0.022059 0.227027
0 153 0.312908 0.437838 0.020425 0.227027
0 151 0.342320 0.437838 0.020425 0.237838
0 149 0.453431 0.440541 0.039216 0.305405
0 150 0.486928 0.448649 0.038399 0.278378
0 100 0.321078 0.448649 0.039216 0.286486
0 101 0.359477 0.454054 0.031863 0.272973
0 99 0.393791 0.462162 0.026144 0.245946
0 113 0.285948 0.437838 0.025327 0.254054
