0 11 0.919935 0.505405 0.080065 0.132432
0 12 0.859477 0.505405 0.072712 0.124324
0 13 0.786765 0.502703 0.084150 0.127027
0 14 0.495915 0.475676 0.024510 0.070270
0 121 0.904412 0.418919 0.095588 0.532432
0 10 0.160131 0.424324 0.012255 0.113514
0 104 0.220588 0.427027 0.012255 0.108108
0 152 0.261438 0.440541 0.017974 0.213514
0 153 0.293301 0.443243 0.013072 0.064865
0 151 0.319444 0.437838 0.017974 0.232432
0 149 0.411765 0.437838 0.037582 0.291892
0 150 0.441993 0.448649 0.033497 0.264865
0 100 0.293301 0.435135 0.027778 0.281081
0 101 0.332516 0.448649 0.020425 0.254054
0 99 0.357026 0.467568 0.028595 0.229730
0 113 0.272059 0.440541 0.021242 0.237838
