0 11 0.927288 0.508108 0.072712 0.129730
0 12 0.861111 0.508108 0.082516 0.100000
0 13 0.786765 0.500000 0.084150 0.129730
0 14 0.495915 0.475676 0.011438 0.062162
0 10 0.160948 0.427027 0.012255 0.110811
0 124 0.214869 0.440541 0.017157 0.145946
0 104 0.202614 0.424324 0.013072 0.127027
0 152 0.342320 0.435135 0.022059 0.262162
0 153 0.362745 0.445946 0.029412 0.243243
0 151 0.394608 0.435135 0.033497 0.278378
0 149 0.571895 0.427027 0.048203 0.370270
0 150 0.611928 0.435135 0.028595 0.335135
0 100 0.422386 0.432432 0.028595 0.364865
0 101 0.461601 0.448649 0.031863 0.327027
0 99 0.492647 0.456757 0.027778 0.300000
0 113 0.351307 0.443243 0.036765 0.289189
