0 11 0.927288 0.508108 0.072712 0.129730
0 12 0.861111 0.508108 0.082516 0.100000
0 13 0.786765 0.502703 0.084150 0.127027
0 14 0.495098 0.475676 0.018791 0.067568
0 10 0.160131 0.424324 0.012255 0.113514
0 124 0.233660 0.435135 0.015523 0.137838
0 104 0.208333 0.427027 0.012255 0.116216
0 152 0.303105 0.440541 0.019608 0.240541
0 153 0.334150 0.443243 0.024510 0.229730
0 151 0.358660 0.429730 0.026961 0.259459
0 149 0.495098 0.427027 0.044118 0.337838
0 150 0.536765 0.448649 0.032680 0.291892
0 100 0.362745 0.435135 0.028595 0.324324
0 101 0.397876 0.451351 0.030229 0.289189
0 99 0.425654 0.462162 0.035131 0.267568
0 113 0.309641 0.440541 0.031046 0.264865
