0 11 0.919935 0.505405 0.080065 0.135135
0 12 0.861111 0.508108 0.081699 0.100000
0 13 0.785948 0.502703 0.084967 0.127027
0 14 0.495915 0.475676 0.024510 0.067568
0 121 0.906046 0.421622 0.093954 0.551351
0 10 0.159314 0.424324 0.013072 0.113514
0 104 0.219771 0.424324 0.012255 0.113514
0 152 0.263072 0.437838 0.018791 0.218919
0 153 0.293301 0.440541 0.014706 0.216216
0 151 0.321078 0.435135 0.019608 0.235135
0 149 0.419935 0.432432 0.027778 0.300000
0 150 0.453431 0.443243 0.028595 0.270270
0 100 0.296569 0.437838 0.029412 0.278378
0 101 0.334967 0.451351 0.026144 0.256757
0 99 0.359477 0.467568 0.030229 0.235135
0 113 0.272876 0.443243 0.022876 0.240541
