0 11 0.908497 0.505405 0.091503 0.132432
0 12 0.861111 0.508108 0.082516 0.100000
0 13 0.805556 0.500000 0.065359 0.127027
0 14 0.495915 0.475676 0.024510 0.067568
0 121 0.759804 0.421622 0.086601 0.451351
0 10 0.158497 0.424324 0.008987 0.110811
0 104 0.230392 0.429730 0.012255 0.105405
0 152 0.241013 0.432432 0.019608 0.210811
0 153 0.278595 0.440541 0.013889 0.202703
0 151 0.288399 0.435135 0.018791 0.213514
0 149 0.370915 0.437838 0.026144 0.275676
0 150 0.404412 0.448649 0.026961 0.243243
0 100 0.255719 0.435135 0.026144 0.259459
0 101 0.292484 0.440541 0.024510 0.248649
0 99 0.320261 0.467568 0.028595 0.210811
