0 11 0.918301 0.508108 0.081699 0.129730
0 12 0.861111 0.505405 0.082516 0.102703
0 13 0.786765 0.502703 0.084150 0.127027
0 14 0.495915 0.475676 0.024510 0.070270
0 121 0.703431 0.416216 0.046569 0.429730
0 152 0.230392 0.435135 0.014706 0.200000
0 153 0.267974 0.440541 0.015523 0.194595
0 151 0.288399 0.437838 0.017157 0.210811
0 149 0.340686 0.437838 0.027778 0.259459
0 150 0.380719 0.454054 0.025327 0.232432
0 100 0.234477 0.437838 0.023693 0.245946
0 101 0.273693 0.451351 0.022059 0.227027
0 99 0.302288 0.459459 0.019608 0.210811
0 113 0.255719 0.437838 0.013889 0.213514
