0 11 0.926471 0.508108 0.073529 0.129730
0 12 0.861111 0.505405 0.083333 0.102703
0 13 0.786765 0.500000 0.084150 0.129730
0 14 0.495915 0.475676 0.024510 0.067568
0 10 0.161765 0.424324 0.013072 0.113514
0 124 0.226307 0.432432 0.016340 0.151351
0 104 0.205065 0.427027 0.013889 0.118919
0 152 0.321078 0.437838 0.024510 0.245946
0 153 0.355392 0.440541 0.023693 0.245946
0 151 0.380719 0.432432 0.023693 0.278378
0 149 0.545752 0.427027 0.036765 0.356757
0 150 0.579248 0.437838 0.027778 0.316216
0 100 0.392974 0.435135 0.031046 0.340541
0 101 0.430556 0.451351 0.031046 0.305405
0 99 0.464052 0.459459 0.029412 0.286486
0 113 0.332516 0.440541 0.031863 0.283784
