0 11 0.924020 0.508108 0.075980 0.105405
0 12 0.903595 0.510811 0.040033 0.097297
0 13 0.786765 0.502703 0.072712 0.124324
0 14 0.495915 0.475676 0.024510 0.070270
0 120 0.843137 0.418919 0.047386 0.454054
0 148 0.881536 0.464865 0.049020 0.400000
0 121 0.534314 0.437838 0.055556 0.335135
0 152 0.221405 0.432432 0.013889 0.175676
0 153 0.254902 0.432432 0.017974 0.183784
0 151 0.271242 0.437838 0.015523 0.189189
0 149 0.277778 0.448649 0.032680 0.224324
0 150 0.324346 0.448649 0.019608 0.213514
0 100 0.187092 0.440541 0.022876 0.205405
0 101 0.223039 0.448649 0.019608 0.200000
0 99 0.251634 0.451351 0.020425 0.191892
0 113 0.237745 0.440541 0.015523 0.186486
