0 11 0.924837 0.508108 0.075163 0.127027
0 12 0.861111 0.505405 0.082516 0.102703
0 13 0.787582 0.500000 0.083333 0.129730
0 14 0.502451 0.475676 0.017157 0.070270
0 10 0.160948 0.424324 0.012255 0.113514
0 124 0.223856 0.435135 0.014706 0.148649
0 104 0.205065 0.418919 0.012255 0.127027
0 152 0.330882 0.435135 0.022059 0.251351
0 153 0.361111 0.437838 0.022876 0.248649
0 151 0.389706 0.435135 0.026961 0.272973
0 149 0.558824 0.418919 0.041667 0.367568
0 150 0.590686 0.451351 0.044118 0.313514
0 100 0.405229 0.435135 0.030229 0.351351
0 101 0.433007 0.456757 0.047386 0.313514
0 99 0.475490 0.464865 0.035948 0.286486
0 113 0.340686 0.435135 0.029412 0.291892
