0 11 0.927288 0.508108 0.072712 0.129730
0 12 0.861111 0.508108 0.082516 0.100000
0 13 0.786765 0.502703 0.084150 0.127027
0 14 0.495915 0.475676 0.021242 0.067568
0 10 0.160131 0.424324 0.014706 0.113514
0 124 0.232843 0.437838 0.016340 0.140541
0 104 0.208333 0.427027 0.012255 0.116216
0 152 0.304739 0.435135 0.022059 0.227027
0 153 0.337418 0.440541 0.025327 0.232432
0 151 0.364379 0.429730 0.017157 0.256757
0 149 0.509804 0.421622 0.031863 0.345946
0 150 0.546569 0.443243 0.025327 0.300000
0 100 0.366830 0.429730 0.030229 0.329730
0 101 0.398693 0.451351 0.036765 0.294595
0 99 0.434641 0.459459 0.026961 0.270270
0 113 0.313725 0.440541 0.027778 0.272973
