0 11 0.924837 0.508108 0.075163 0.129730
0 12 0.861111 0.508108 0.083333 0.100000
0 13 0.786765 0.500000 0.084150 0.129730
0 14 0.495915 0.475676 0.024510 0.070270
0 121 0.638889 0.427027 0.038399 0.381081
0 153 0.270425 0.445946 0.006536 0.056757
0 151 0.276144 0.440541 0.015523 0.191892
0 149 0.317810 0.435135 0.034314 0.256757
0 150 0.361111 0.451351 0.031863 0.221622
0 100 0.218137 0.432432 0.024510 0.235135
0 101 0.255719 0.454054 0.019608 0.216216
0 99 0.282680 0.451351 0.020425 0.208108
0 113 0.243464 0.440541 0.016340 0.200000
