0 11 0.925654 0.505405 0.074346 0.108108
0 12 0.860294 0.505405 0.082516 0.097297
0 13 0.786765 0.500000 0.084150 0.127027
0 14 0.495915 0.475676 0.024510 0.070270
0 121 0.877451 0.405405 0.058824 0.532432
0 10 0.160131 0.427027 0.012255 0.110811
0 104 0.222222 0.429730 0.012255 0.110811
0 152 0.255719 0.440541 0.019608 0.210811
0 153 0.289216 0.470270 0.021242 0.183784
0 151 0.312092 0.440541 0.017974 0.221622
0 149 0.399510 0.443243 0.043301 0.278378
0 150 0.436275 0.445946 0.036765 0.259459
0 100 0.280229 0.443243 0.034314 0.270270
0 101 0.320261 0.454054 0.026961 0.248649
0 99 0.347222 0.462162 0.023693 0.232432
0 113 0.265523 0.435135 0.023693 0.237838
