0 11 0.921569 0.508108 0.078431 0.129730
0 12 0.860294 0.505405 0.083333 0.129730
0 13 0.786765 0.502703 0.079248 0.124324
0 14 0.495915 0.475676 0.024510 0.070270
0 120 0.861111 0.421622 0.040033 0.459459
0 148 0.860294 0.464865 0.071895 0.400000
0 121 0.543301 0.435135 0.049837 0.337838
0 152 0.222222 0.432432 0.013889 0.181081
0 153 0.254902 0.443243 0.018791 0.172973
0 151 0.272876 0.437838 0.016340 0.189189
0 149 0.281046 0.448649 0.032680 0.229730
0 150 0.325163 0.454054 0.026961 0.208108
0 100 0.190359 0.432432 0.022876 0.213514
0 101 0.224673 0.448649 0.017974 0.200000
0 99 0.253268 0.448649 0.021242 0.197297
0 113 0.241013 0.440541 0.013072 0.189189
