0 11 0.923203 0.508108 0.076797 0.127027
0 12 0.861111 0.508108 0.083333 0.100000
0 13 0.786765 0.502703 0.084150 0.127027
0 14 0.495915 0.475676 0.024510 0.070270
0 121 0.703431 0.424324 0.066993 0.424324
0 152 0.230392 0.432432 0.018791 0.200000
0 153 0.268791 0.440541 0.014706 0.194595
0 151 0.291667 0.435135 0.014706 0.210811
0 149 0.350490 0.432432 0.023693 0.264865
0 150 0.388072 0.451351 0.021242 0.235135
0 100 0.236928 0.435135 0.026961 0.245946
0 101 0.275327 0.448649 0.027778 0.227027
0 99 0.303922 0.464865 0.026961 0.208108
0 113 0.258170 0.443243 0.013889 0.208108
