0 11 0.907680 0.505405 0.092320 0.132432
0 12 0.861111 0.508108 0.082516 0.100000
0 13 0.786765 0.502703 0.084150 0.127027
0 14 0.495915 0.475676 0.024510 0.070270
0 121 0.762255 0.429730 0.092320 0.459459
0 10 0.158497 0.424324 0.007353 0.110811
0 104 0.230392 0.429730 0.011438 0.105405
0 152 0.242647 0.432432 0.022059 0.213514
0 153 0.281046 0.437838 0.013072 0.194595
0 151 0.293301 0.432432 0.027778 0.221622
0 149 0.374183 0.432432 0.025327 0.275676
0 150 0.413399 0.445946 0.024510 0.245946
0 100 0.259804 0.437838 0.024510 0.262162
0 101 0.294118 0.445946 0.029412 0.243243
0 99 0.324346 0.464865 0.026961 0.221622
0 113 0.254902 0.440541 0.017157 0.205405
