0 11 0.924837 0.508108 0.059641 0.121622
0 12 0.861111 0.505405 0.082516 0.102703
0 13 0.786765 0.502703 0.084150 0.127027
0 14 0.495098 0.475676 0.025327 0.067568
0 121 0.955882 0.483784 0.044118 0.467568
0 10 0.159314 0.424324 0.013072 0.113514
0 104 0.217320 0.427027 0.013072 0.113514
0 152 0.267974 0.440541 0.016340 0.221622
0 153 0.298203 0.437838 0.017974 0.218919
0 151 0.324346 0.440541 0.026144 0.232432
0 149 0.425654 0.440541 0.038399 0.289189
0 150 0.463235 0.451351 0.038399 0.264865
0 100 0.303922 0.443243 0.027778 0.283784
0 101 0.337418 0.454054 0.031863 0.262162
0 99 0.370098 0.459459 0.024510 0.243243
0 113 0.272876 0.437838 0.025327 0.248649
