0 11 0.919935 0.508108 0.080065 0.127027
0 12 0.861111 0.508108 0.082516 0.100000
0 13 0.786765 0.502703 0.081699 0.124324
0 14 0.495915 0.475676 0.020425 0.067568
0 120 0.805556 0.427027 0.035131 0.427027
0 148 0.803922 0.459459 0.063725 0.381081
0 121 0.499183 0.443243 0.047386 0.313514
0 152 0.228758 0.432432 0.008987 0.172973
0 153 0.258987 0.440541 0.013889 0.167568
0 151 0.273693 0.435135 0.020425 0.178378
0 149 0.267157 0.445946 0.022059 0.221622
0 150 0.309641 0.451351 0.023693 0.205405
0 100 0.180556 0.435135 0.021242 0.202703
0 101 0.213235 0.459459 0.018791 0.178378
0 99 0.241013 0.456757 0.022876 0.175676
0 113 0.232843 0.440541 0.017974 0.175676
