0 11 0.924020 0.508108 0.075980 0.105405
0 12 0.861111 0.505405 0.082516 0.102703
0 13 0.786765 0.500000 0.084150 0.129730
0 14 0.495915 0.475676 0.024510 0.070270
0 121 0.649510 0.424324 0.035948 0.389189
0 153 0.272059 0.440541 0.006536 0.054054
0 151 0.278595 0.437838 0.016340 0.202703
0 149 0.325980 0.437838 0.027778 0.254054
0 150 0.362745 0.454054 0.033497 0.224324
0 100 0.221405 0.432432 0.024510 0.237838
0 101 0.258170 0.443243 0.021242 0.224324
0 99 0.283497 0.456757 0.024510 0.208108
0 113 0.245915 0.440541 0.015523 0.202703
