0 11 0.928922 0.508108 0.071078 0.127027
0 12 0.859477 0.505405 0.084150 0.135135
0 13 0.786765 0.502703 0.084150 0.127027
0 14 0.495915 0.475676 0.024510 0.070270
0 120 0.861928 0.429730 0.069444 0.464865
0 148 0.882353 0.456757 0.049837 0.410811
0 121 0.558824 0.427027 0.033497 0.348649
0 152 0.218954 0.427027 0.016340 0.183784
0 153 0.253268 0.443243 0.013889 0.089189
0 151 0.274510 0.440541 0.017157 0.189189
0 149 0.285948 0.443243 0.027778 0.232432
0 150 0.325163 0.456757 0.031046 0.205405
0 100 0.191993 0.432432 0.022876 0.213514
0 101 0.227124 0.440541 0.019608 0.205405
0 99 0.254902 0.454054 0.022059 0.191892
0 113 0.241013 0.435135 0.015523 0.194595
