0 11 0.923203 0.508108 0.076797 0.127027
0 12 0.861111 0.505405 0.083333 0.102703
0 13 0.791667 0.502703 0.079248 0.127027
0 14 0.495098 0.475676 0.025327 0.070270
0 120 0.730392 0.429730 0.044935 0.402703
0 148 0.768791 0.456757 0.044935 0.354054
0 121 0.467320 0.435135 0.035948 0.300000
0 152 0.228758 0.435135 0.012255 0.151351
0 151 0.274510 0.437838 0.016340 0.170270
0 149 0.254085 0.448649 0.026144 0.202703
0 150 0.287582 0.451351 0.026144 0.197297
0 100 0.175654 0.429730 0.021242 0.194595
0 101 0.205882 0.448649 0.018791 0.178378
0 99 0.232843 0.454054 0.019608 0.170270
0 113 0.244281 0.437838 0.009804 0.072973
