0 11 0.971405 0.543243 0.028595 0.067568
0 12 0.860294 0.505405 0.068627 0.102703
0 13 0.787582 0.500000 0.083333 0.129730
0 14 0.495915 0.475676 0.024510 0.070270
0 120 0.923203 0.424324 0.040033 0.489189
0 148 0.908497 0.470270 0.091503 0.432432
0 121 0.574346 0.432432 0.049020 0.356757
0 152 0.222222 0.432432 0.014706 0.191892
0 153 0.257353 0.448649 0.016340 0.167568
0 151 0.279412 0.440541 0.019608 0.191892
0 149 0.296569 0.445946 0.029412 0.235135
0 150 0.343954 0.454054 0.028595 0.216216
0 100 0.200980 0.437838 0.022876 0.218919
0 101 0.236111 0.443243 0.023693 0.213514
0 99 0.263889 0.464865 0.022876 0.189189
0 113 0.234477 0.440541 0.017157 0.191892
