0 11 0.926471 0.508108 0.073529 0.129730
0 12 0.861111 0.505405 0.083333 0.102703
0 13 0.786765 0.502703 0.084150 0.127027
0 14 0.495915 0.475676 0.024510 0.070270
0 120 0.709967 0.432432 0.064542 0.391892
0 148 0.754902 0.448649 0.036765 0.351351
0 121 0.450163 0.448649 0.031863 0.283784
0 151 0.272876 0.440541 0.017157 0.167568
0 149 0.250817 0.443243 0.021242 0.205405
0 150 0.281863 0.454054 0.030229 0.189189
0 100 0.175654 0.424324 0.020425 0.194595
0 101 0.203431 0.445946 0.019608 0.175676
0 99 0.228758 0.454054 0.018791 0.164865
