0 11 0.924837 0.508108 0.075163 0.105405
0 12 0.889706 0.508108 0.053922 0.100000
0 13 0.785948 0.502703 0.080065 0.124324
0 14 0.495915 0.475676 0.024510 0.070270
0 121 0.830882 0.418919 0.101307 0.505405
0 10 0.157680 0.424324 0.013072 0.110811
0 104 0.223856 0.429730 0.012255 0.108108
0 152 0.251634 0.435135 0.017974 0.216216
0 153 0.295752 0.437838 0.011438 0.262162
0 151 0.308824 0.437838 0.014706 0.224324
0 149 0.395425 0.435135 0.029412 0.283784
0 150 0.433007 0.445946 0.021242 0.259459
0 100 0.275327 0.435135 0.031046 0.272973
0 101 0.310458 0.451351 0.029412 0.245946
0 99 0.337418 0.467568 0.027778 0.224324
0 113 0.261438 0.440541 0.020425 0.229730
