0 11 0.924837 0.508108 0.075163 0.129730
0 12 0.861111 0.508108 0.082516 0.100000
0 13 0.786765 0.500000 0.084150 0.129730
0 14 0.493464 0.470270 0.022876 0.045946
0 10 0.160948 0.424324 0.011438 0.113514
0 124 0.219771 0.432432 0.015523 0.151351
0 104 0.202614 0.424324 0.013889 0.124324
0 152 0.337418 0.440541 0.024510 0.256757
0 153 0.361928 0.445946 0.030229 0.240541
0 151 0.392157 0.440541 0.032680 0.267568
0 149 0.562908 0.429730 0.057190 0.367568
0 150 0.605392 0.443243 0.036765 0.329730
0 100 0.412582 0.440541 0.037582 0.354054
0 101 0.454248 0.448649 0.029412 0.321622
0 99 0.480392 0.459459 0.040033 0.297297
0 113 0.348856 0.435135 0.035948 0.291892
