0 11 0.924020 0.508108 0.075980 0.129730
0 12 0.861111 0.508108 0.082516 0.100000
0 13 0.786765 0.502703 0.084150 0.127027
0 14 0.494281 0.483784 0.023693 0.059459
0 10 0.159314 0.424324 0.013072 0.113514
0 124 0.238562 0.440541 0.015523 0.135135
0 104 0.209967 0.424324 0.012255 0.118919
0 152 0.296569 0.443243 0.019608 0.232432
0 153 0.328431 0.440541 0.026144 0.229730
0 151 0.352941 0.432432 0.032680 0.256757
0 149 0.486111 0.432432 0.049837 0.327027
0 150 0.525327 0.448649 0.038399 0.294595
0 100 0.352124 0.440541 0.033497 0.316216
0 101 0.384804 0.456757 0.032680 0.283784
0 99 0.421569 0.462162 0.028595 0.262162
0 113 0.302288 0.435135 0.028595 0.267568
