0 11 0.927288 0.508108 0.072712 0.105405
0 12 0.860294 0.508108 0.084150 0.100000
0 13 0.786765 0.502703 0.084150 0.127027
0 14 0.504085 0.475676 0.013889 0.067568
0 10 0.159314 0.424324 0.012255 0.113514
0 124 0.241013 0.435135 0.013889 0.137838
0 104 0.210784 0.418919 0.013072 0.124324
0 152 0.290850 0.437838 0.019608 0.235135
0 153 0.322712 0.435135 0.022876 0.232432
0 151 0.364379 0.572973 0.008987 0.108108
0 149 0.482843 0.424324 0.026961 0.332432
0 150 0.517157 0.443243 0.026144 0.289189
0 100 0.341503 0.429730 0.030229 0.310811
0 101 0.380719 0.456757 0.033497 0.270270
0 99 0.412582 0.462162 0.027778 0.259459
0 113 0.297386 0.443243 0.031046 0.259459
