0 11 0.924020 0.508108 0.075980 0.127027
0 12 0.861111 0.505405 0.083333 0.102703
0 13 0.785948 0.502703 0.082516 0.124324
0 14 0.495915 0.475676 0.024510 0.070270
0 121 0.776144 0.421622 0.079248 0.470270
0 10 0.158497 0.427027 0.009804 0.108108
0 104 0.227941 0.429730 0.011438 0.105405
0 152 0.244281 0.435135 0.019608 0.210811
0 153 0.281863 0.435135 0.016340 0.208108
0 151 0.294118 0.440541 0.021242 0.221622
0 149 0.376634 0.440541 0.035131 0.275676
0 150 0.413399 0.448649 0.031046 0.248649
0 100 0.264706 0.445946 0.022876 0.259459
0 101 0.295752 0.448649 0.030229 0.248649
0 99 0.326797 0.462162 0.026144 0.224324
0 113 0.255719 0.437838 0.018791 0.210811
