0 11 0.926471 0.508108 0.073529 0.121622
0 12 0.861111 0.505405 0.082516 0.102703
0 13 0.786765 0.500000 0.084150 0.129730
0 14 0.495098 0.478378 0.025327 0.070270
0 10 0.158497 0.424324 0.013072 0.113514
0 124 0.253268 0.437838 0.013072 0.129730
0 104 0.216503 0.427027 0.013072 0.113514
0 152 0.270425 0.443243 0.016340 0.216216
0 153 0.299020 0.443243 0.017974 0.213514
0 151 0.327614 0.440541 0.022876 0.229730
0 149 0.426471 0.445946 0.044935 0.294595
0 150 0.466503 0.454054 0.041667 0.270270
0 100 0.307190 0.445946 0.029412 0.283784
0 101 0.343137 0.451351 0.027778 0.264865
0 99 0.375000 0.462162 0.025327 0.240541
0 113 0.278595 0.437838 0.021242 0.243243
