0 11 0.922386 0.508108 0.077614 0.105405
0 12 0.861111 0.508108 0.083333 0.100000
0 13 0.825980 0.505405 0.044935 0.121622
0 14 0.493464 0.472973 0.022876 0.032432
0 120 0.756536 0.435135 0.070261 0.413514
0 148 0.795752 0.456757 0.040850 0.370270
0 121 0.490196 0.435135 0.032680 0.308108
0 152 0.226307 0.427027 0.015523 0.178378
0 153 0.253268 0.437838 0.013889 0.170270
0 151 0.277778 0.443243 0.013072 0.172973
0 149 0.260621 0.440541 0.024510 0.218919
0 150 0.295752 0.456757 0.024510 0.197297
0 100 0.177288 0.427027 0.023693 0.202703
0 101 0.208333 0.443243 0.020425 0.189189
0 99 0.236928 0.448649 0.022059 0.181081
0 113 0.232843 0.435135 0.017157 0.178378
