0 11 0.923203 0.508108 0.076797 0.127027
0 12 0.861111 0.508108 0.083333 0.100000
0 13 0.786765 0.500000 0.084150 0.129730
0 14 0.495098 0.472973 0.014706 0.070270
0 10 0.160131 0.424324 0.012255 0.113514
0 124 0.235294 0.432432 0.016340 0.143243
0 104 0.209967 0.427027 0.011438 0.116216
0 152 0.298203 0.443243 0.022876 0.237838
0 153 0.331699 0.443243 0.024510 0.224324
0 151 0.353758 0.440541 0.031046 0.248649
0 149 0.487745 0.437838 0.049837 0.324324
0 150 0.531046 0.445946 0.038399 0.297297
0 100 0.356209 0.440541 0.031046 0.318919
0 101 0.393791 0.451351 0.026961 0.289189
0 99 0.422386 0.467568 0.036765 0.256757
0 113 0.304739 0.432432 0.027778 0.270270
