0 11 0.920752 0.508108 0.079248 0.127027
0 12 0.860294 0.505405 0.083333 0.100000
0 13 0.785948 0.502703 0.084967 0.124324
0 14 0.495915 0.475676 0.024510 0.070270
0 121 0.848039 0.418919 0.088235 0.516216
0 10 0.158497 0.424324 0.012255 0.113514
0 104 0.223039 0.429730 0.011438 0.094595
0 152 0.253268 0.437838 0.018791 0.213514
0 153 0.288399 0.435135 0.021242 0.216216
0 151 0.308824 0.443243 0.017157 0.216216
0 149 0.397059 0.440541 0.038399 0.278378
0 150 0.435458 0.443243 0.024510 0.262162
0 100 0.279412 0.445946 0.034314 0.264865
0 101 0.313725 0.454054 0.031046 0.248649
0 99 0.341503 0.464865 0.025327 0.229730
0 113 0.263072 0.437838 0.023693 0.237838
