0 11 0.935458 0.510811 0.064542 0.102703
0 12 0.860294 0.505405 0.083333 0.102703
0 13 0.786765 0.502703 0.084150 0.127027
0 14 0.495915 0.475676 0.023693 0.067568
0 120 0.861928 0.429730 0.089869 0.464865
0 148 0.906046 0.456757 0.040850 0.413514
0 121 0.566176 0.429730 0.028595 0.345946
0 152 0.221405 0.427027 0.016340 0.191892
0 153 0.255719 0.437838 0.012255 0.181081
0 151 0.276144 0.445946 0.016340 0.186486
0 149 0.290850 0.432432 0.023693 0.243243
0 150 0.328431 0.451351 0.026961 0.213514
0 100 0.193627 0.435135 0.024510 0.216216
0 101 0.229575 0.448649 0.017974 0.202703
0 99 0.258170 0.456757 0.022059 0.191892
0 113 0.236111 0.437838 0.022059 0.175676
