0 11 0.919935 0.505405 0.080065 0.129730
0 12 0.871732 0.508108 0.071895 0.100000
0 13 0.786765 0.502703 0.043301 0.100000
0 14 0.495915 0.475676 0.023693 0.067568
0 120 0.807190 0.429730 0.074346 0.432432
0 148 0.846405 0.445946 0.035948 0.391892
0 121 0.517157 0.429730 0.031046 0.332432
0 152 0.227124 0.427027 0.008987 0.178378
0 153 0.260621 0.437838 0.012255 0.178378
0 151 0.271242 0.437838 0.014706 0.094595
0 149 0.271242 0.451351 0.023693 0.216216
0 150 0.314542 0.451351 0.028595 0.210811
0 100 0.181373 0.427027 0.022876 0.208108
0 101 0.217320 0.437838 0.018791 0.202703
0 99 0.246732 0.456757 0.018791 0.181081
0 113 0.237745 0.440541 0.011438 0.181081
