0 11 0.924837 0.508108 0.075163 0.105405
0 12 0.860294 0.508108 0.084150 0.100000
0 13 0.786765 0.500000 0.084150 0.129730
0 14 0.495098 0.472973 0.022876 0.070270
0 10 0.159314 0.424324 0.012255 0.113514
0 124 0.214869 0.437838 0.013889 0.151351
0 104 0.200980 0.418919 0.011438 0.129730
0 152 0.348856 0.429730 0.022059 0.264865
0 153 0.384804 0.443243 0.022059 0.245946
0 151 0.409314 0.432432 0.025327 0.281081
0 149 0.600490 0.416216 0.037582 0.391892
0 150 0.618464 0.437838 0.051471 0.340541
0 100 0.434641 0.429730 0.035131 0.367568
0 101 0.468137 0.454054 0.040850 0.335135
0 99 0.506536 0.459459 0.035131 0.308108
0 113 0.363562 0.435135 0.026144 0.297297
