0 11 0.926471 0.508108 0.073529 0.129730
0 12 0.861111 0.508108 0.083333 0.100000
0 13 0.786765 0.500000 0.084150 0.129730
0 14 0.494281 0.475676 0.013889 0.070270
0 10 0.160131 0.427027 0.012255 0.110811
0 124 0.213235 0.437838 0.017157 0.148649
0 104 0.200980 0.421622 0.013072 0.129730
0 152 0.345588 0.432432 0.019608 0.248649
0 153 0.368464 0.448649 0.027778 0.240541
0 151 0.403595 0.432432 0.028595 0.278378
0 149 0.590686 0.416216 0.031863 0.381081
0 150 0.612745 0.432432 0.035131 0.343243
0 100 0.428922 0.427027 0.031863 0.367568
0 101 0.462418 0.454054 0.039216 0.329730
0 99 0.501634 0.454054 0.029412 0.305405
0 113 0.355392 0.440541 0.031863 0.291892
