0 11 0.925654 0.508108 0.074346 0.129730
0 12 0.861111 0.508108 0.083333 0.100000
0 13 0.794118 0.500000 0.076797 0.129730
0 14 0.495915 0.475676 0.024510 0.070270
0 121 0.758987 0.413514 0.046569 0.454054
0 10 0.158497 0.427027 0.009804 0.108108
0 152 0.239379 0.435135 0.019608 0.205405
0 153 0.276144 0.443243 0.013889 0.200000
0 151 0.287582 0.435135 0.025327 0.113514
0 149 0.363562 0.440541 0.034314 0.272973
0 150 0.398693 0.451351 0.031863 0.243243
0 100 0.252451 0.437838 0.027778 0.256757
0 101 0.289216 0.443243 0.022876 0.240541
0 99 0.317810 0.462162 0.026144 0.216216
