0 11 0.920752 0.505405 0.079248 0.129730
0 12 0.861928 0.508108 0.081699 0.100000
0 13 0.801471 0.500000 0.069444 0.129730
0 14 0.495098 0.475676 0.025327 0.067568
0 120 0.751634 0.427027 0.031863 0.405405
0 148 0.771242 0.462162 0.044118 0.354054
0 121 0.472222 0.440541 0.042484 0.291892
0 152 0.228758 0.432432 0.013072 0.170270
0 151 0.274510 0.437838 0.015523 0.175676
0 149 0.255719 0.445946 0.028595 0.205405
0 150 0.291667 0.451351 0.019608 0.197297
0 100 0.176471 0.432432 0.021242 0.197297
0 101 0.206699 0.451351 0.018791 0.178378
0 99 0.236111 0.454054 0.017974 0.172973
0 113 0.236111 0.437838 0.017974 0.178378
