0 11 0.921569 0.508108 0.078431 0.105405
0 12 0.861111 0.508108 0.083333 0.100000
0 13 0.786765 0.502703 0.084150 0.127027
0 14 0.495915 0.475676 0.024510 0.070270
0 120 0.716503 0.432432 0.057190 0.400000
0 148 0.750817 0.448649 0.060458 0.351351
0 121 0.459967 0.435135 0.029412 0.294595
0 152 0.227941 0.432432 0.013889 0.145946
0 151 0.273693 0.435135 0.016340 0.172973
0 149 0.253268 0.443243 0.021242 0.205405
0 150 0.283497 0.456757 0.030229 0.191892
0 100 0.175654 0.429730 0.020425 0.191892
0 101 0.205065 0.445946 0.018791 0.178378
0 99 0.231209 0.448649 0.019608 0.172973
0 113 0.242647 0.432432 0.011438 0.175676
