0 11 0.918301 0.508108 0.081699 0.129730
0 12 0.861111 0.508108 0.083333 0.100000
0 13 0.818627 0.500000 0.052288 0.129730
0 14 0.504085 0.472973 0.013072 0.056757
0 120 0.754085 0.435135 0.067810 0.402703
0 148 0.795752 0.456757 0.029412 0.329730
0 121 0.479575 0.440541 0.044118 0.305405
0 152 0.226307 0.432432 0.013889 0.170270
0 153 0.251634 0.437838 0.014706 0.167568
0 151 0.275327 0.440541 0.014706 0.175676
0 149 0.257353 0.440541 0.028595 0.218919
0 150 0.294935 0.451351 0.023693 0.200000
0 100 0.178105 0.427027 0.022876 0.200000
0 101 0.206699 0.443243 0.019608 0.189189
0 99 0.237745 0.445946 0.020425 0.186486
0 113 0.233660 0.432432 0.016340 0.178378
