0 11 0.922386 0.508108 0.077614 0.105405
0 12 0.861111 0.508108 0.082516 0.100000
0 13 0.786765 0.500000 0.084150 0.129730
0 14 0.495915 0.475676 0.024510 0.067568
0 121 0.719771 0.424324 0.069444 0.440541
0 152 0.234477 0.435135 0.022059 0.202703
0 153 0.272876 0.437838 0.015523 0.200000
0 151 0.295752 0.437838 0.016340 0.172973
0 149 0.354575 0.443243 0.036765 0.259459
0 150 0.397059 0.445946 0.022876 0.243243
0 100 0.241013 0.440541 0.031046 0.251351
0 101 0.280229 0.445946 0.026961 0.240541
0 99 0.308007 0.462162 0.024510 0.213514
0 113 0.254085 0.437838 0.018791 0.205405
