0 11 0.925654 0.508108 0.074346 0.129730
0 12 0.861111 0.508108 0.082516 0.100000
0 13 0.786765 0.500000 0.084150 0.129730
0 14 0.499183 0.475676 0.021242 0.072973
0 10 0.159314 0.427027 0.012255 0.110811
0 124 0.250000 0.440541 0.013072 0.127027
0 104 0.213235 0.424324 0.013072 0.116216
0 152 0.274510 0.440541 0.018791 0.172973
0 153 0.303922 0.443243 0.020425 0.200000
0 151 0.339052 0.432432 0.017157 0.243243
0 149 0.441176 0.435135 0.031046 0.305405
0 150 0.482026 0.448649 0.026961 0.272973
0 100 0.315359 0.435135 0.026961 0.294595
0 101 0.350490 0.448649 0.031046 0.270270
0 99 0.379085 0.464865 0.034314 0.245946
0 113 0.281046 0.443243 0.026144 0.248649
