0 11 0.958333 0.518919 0.041667 0.094595
0 12 0.861111 0.508108 0.055556 0.097297
0 13 0.787582 0.500000 0.083333 0.129730
0 14 0.495915 0.475676 0.024510 0.070270
0 120 0.890523 0.421622 0.063725 0.491892
0 148 0.906046 0.464865 0.089869 0.421622
0 121 0.567810 0.440541 0.054739 0.348649
0 152 0.221405 0.432432 0.015523 0.189189
0 153 0.254902 0.440541 0.017157 0.178378
0 151 0.276961 0.443243 0.020425 0.191892
0 149 0.295752 0.445946 0.031046 0.229730
0 150 0.342320 0.451351 0.023693 0.213514
0 100 0.198529 0.437838 0.022876 0.218919
0 101 0.232026 0.454054 0.022876 0.202703
0 99 0.262255 0.464865 0.022876 0.186486
0 113 0.235294 0.464865 0.023693 0.167568
