0 11 0.920752 0.508108 0.049020 0.102703
0 12 0.861111 0.508108 0.082516 0.100000
0 13 0.785948 0.502703 0.084967 0.127027
0 14 0.495915 0.475676 0.024510 0.070270
0 121 0.921569 0.421622 0.078431 0.545946
0 10 0.159314 0.424324 0.013072 0.113514
0 104 0.217320 0.427027 0.014706 0.110811
0 152 0.265523 0.437838 0.017157 0.221622
0 153 0.294935 0.435135 0.014706 0.221622
0 151 0.322712 0.435135 0.029412 0.229730
0 149 0.424837 0.435135 0.026961 0.294595
0 150 0.461601 0.445946 0.031863 0.270270
0 100 0.299837 0.435135 0.027778 0.286486
0 101 0.336601 0.454054 0.031046 0.259459
0 99 0.364379 0.462162 0.027778 0.240541
0 113 0.271242 0.443243 0.027778 0.240541
