0 11 0.919118 0.505405 0.080882 0.108108
0 12 0.861111 0.505405 0.083333 0.102703
0 13 0.787582 0.500000 0.083333 0.129730
0 14 0.495915 0.475676 0.024510 0.070270
0 120 0.709150 0.432432 0.048203 0.386486
0 148 0.748366 0.451351 0.028595 0.348649
0 121 0.446078 0.445946 0.035948 0.283784
0 151 0.273693 0.443243 0.016340 0.162162
0 149 0.250000 0.435135 0.019608 0.213514
0 150 0.280229 0.448649 0.029412 0.197297
0 100 0.175654 0.427027 0.019608 0.189189
0 101 0.203431 0.443243 0.019608 0.178378
0 99 0.230392 0.454054 0.018791 0.164865
