0 11 0.927288 0.508108 0.072712 0.127027
0 12 0.861111 0.508108 0.082516 0.100000
0 13 0.786765 0.502703 0.084150 0.127027
0 14 0.494281 0.475676 0.026144 0.070270
0 10 0.157680 0.424324 0.012255 0.113514
0 124 0.245098 0.437838 0.013072 0.135135
0 104 0.209150 0.421622 0.015523 0.118919
0 152 0.281863 0.443243 0.019608 0.224324
0 153 0.315359 0.443243 0.022059 0.218919
0 151 0.343137 0.435135 0.026961 0.237838
0 149 0.457516 0.445946 0.044118 0.305405
0 150 0.488562 0.451351 0.043301 0.278378
0 100 0.322712 0.440541 0.040850 0.302703
0 101 0.366830 0.454054 0.027778 0.272973
0 99 0.397876 0.456757 0.030229 0.259459
0 113 0.289216 0.435135 0.030229 0.259459
