0 11 0.923203 0.508108 0.076797 0.129730
0 12 0.863562 0.508108 0.080882 0.100000
0 13 0.785948 0.500000 0.080882 0.102703
0 14 0.495915 0.475676 0.022876 0.067568
0 120 0.806373 0.427027 0.052288 0.427027
0 148 0.828431 0.456757 0.042484 0.389189
0 121 0.504902 0.437838 0.041667 0.324324
0 152 0.227124 0.432432 0.009804 0.170270
0 153 0.258987 0.437838 0.014706 0.175676
0 151 0.276144 0.435135 0.017974 0.094595
0 149 0.268791 0.448649 0.022059 0.218919
0 150 0.311275 0.454054 0.027778 0.205405
0 100 0.181373 0.429730 0.022059 0.208108
0 101 0.214052 0.437838 0.020425 0.202703
0 99 0.243464 0.459459 0.020425 0.178378
0 113 0.233660 0.440541 0.016340 0.175676
