0 11 0.926471 0.508108 0.073529 0.129730
0 12 0.861111 0.508108 0.083333 0.100000
0 13 0.786765 0.500000 0.084150 0.129730
0 14 0.495915 0.475676 0.023693 0.067568
0 10 0.160131 0.424324 0.013072 0.113514
0 124 0.230392 0.437838 0.017157 0.140541
0 104 0.206699 0.424324 0.013889 0.118919
0 152 0.308824 0.435135 0.022059 0.232432
0 153 0.342320 0.435135 0.026144 0.237838
0 151 0.367647 0.435135 0.018791 0.256757
0 149 0.519608 0.427027 0.036765 0.345946
0 150 0.548203 0.443243 0.035948 0.305405
0 100 0.371732 0.432432 0.032680 0.329730
0 101 0.401961 0.454054 0.040033 0.297297
0 99 0.441176 0.456757 0.028595 0.272973
0 113 0.316176 0.435135 0.026961 0.275676
