0 11 0.924837 0.508108 0.075163 0.129730
0 12 0.860294 0.505405 0.084150 0.102703
0 13 0.786765 0.500000 0.084150 0.129730
0 14 0.495915 0.475676 0.024510 0.070270
0 10 0.161765 0.424324 0.012255 0.113514
0 124 0.228758 0.435135 0.016340 0.145946
0 104 0.205065 0.424324 0.014706 0.121622
0 152 0.312908 0.440541 0.021242 0.243243
0 153 0.345588 0.437838 0.025327 0.240541
0 151 0.371732 0.437838 0.023693 0.262162
0 149 0.522059 0.427027 0.049020 0.351351
0 150 0.551471 0.443243 0.048203 0.305405
0 100 0.375000 0.443243 0.042484 0.321622
0 101 0.409314 0.451351 0.038399 0.305405
0 99 0.445261 0.462162 0.033497 0.272973
0 113 0.321078 0.435135 0.029412 0.275676
