0 11 0.922386 0.508108 0.077614 0.129730
0 12 0.880719 0.508108 0.062908 0.100000
0 13 0.785948 0.502703 0.053922 0.124324
0 14 0.495915 0.475676 0.024510 0.067568
0 120 0.808824 0.432432 0.078431 0.440541
0 148 0.847222 0.448649 0.058824 0.397297
0 121 0.530229 0.429730 0.034314 0.332432
0 152 0.227941 0.429730 0.009804 0.181081
0 153 0.260621 0.437838 0.011438 0.175676
0 151 0.270425 0.437838 0.014706 0.181081
0 149 0.273693 0.440541 0.029412 0.227027
0 150 0.316993 0.451351 0.026961 0.208108
0 100 0.183824 0.435135 0.022059 0.208108
0 101 0.218954 0.443243 0.019608 0.200000
0 99 0.249183 0.459459 0.017974 0.178378
0 113 0.236928 0.440541 0.013072 0.183784
