0 11 0.925654 0.508108 0.074346 0.127027
0 12 0.888889 0.508108 0.054739 0.100000
0 13 0.786765 0.500000 0.047386 0.102703
0 14 0.495098 0.475676 0.021242 0.067568
0 10 0.150327 0.418919 0.012255 0.118919
0 124 0.109477 0.418919 0.022059 0.216216
0 125 0.205065 0.429730 0.015523 0.140541
0 104 0.174837 0.418919 0.015523 0.143243
0 152 0.505719 0.424324 0.036765 0.345946
0 153 0.543301 0.418919 0.028595 0.340541
0 151 0.611111 0.421622 0.037582 0.381081
0 100 0.783497 0.413514 0.104575 0.586486
0 101 0.822712 0.432432 0.102124 0.521622
0 99 0.839869 0.445946 0.082516 0.456757
0 113 0.580882 0.427027 0.037582 0.418919
