0 11 0.937092 0.513514 0.062908 0.100000
0 12 0.860294 0.500000 0.083333 0.105405
0 13 0.786765 0.502703 0.084150 0.127027
0 14 0.495915 0.475676 0.024510 0.070270
0 10 0.151144 0.418919 0.010621 0.121622
0 124 0.087418 0.418919 0.035131 0.221622
0 125 0.202614 0.424324 0.017974 0.143243
0 104 0.172386 0.421622 0.015523 0.145946
0 152 0.527778 0.424324 0.035131 0.362162
0 153 0.553105 0.429730 0.046569 0.335135
0 151 0.620098 0.408108 0.032680 0.397297
0 100 0.853758 0.408108 0.083333 0.591892
0 101 0.873366 0.443243 0.067810 0.537838
0 99 0.895425 0.454054 0.053922 0.478378
0 113 0.598856 0.432432 0.063725 0.429730
