0 11 0.931373 0.508108 0.068627 0.129730
0 12 0.892974 0.513514 0.050654 0.094595
0 13 0.786765 0.502703 0.066993 0.124324
0 14 0.497549 0.475676 0.022876 0.043243
0 10 0.154412 0.416216 0.009804 0.051351
0 124 0.157680 0.427027 0.020425 0.186486
0 125 0.209150 0.424324 0.016340 0.137838
0 104 0.181373 0.418919 0.016340 0.140541
0 152 0.438725 0.435135 0.042484 0.308108
0 153 0.468137 0.432432 0.034314 0.300000
0 151 0.519608 0.418919 0.044935 0.343243
0 149 0.821895 0.413514 0.101307 0.524324
0 150 0.845588 0.424324 0.098039 0.445946
0 100 0.629085 0.427027 0.087418 0.478378
0 101 0.676471 0.432432 0.046569 0.445946
0 99 0.704248 0.443243 0.030229 0.400000
0 113 0.485294 0.435135 0.049020 0.372973
