0 11 0.930556 0.508108 0.069444 0.124324
0 12 0.859477 0.505405 0.081699 0.102703
0 13 0.787582 0.502703 0.083333 0.127027
0 14 0.509804 0.470270 0.007353 0.018919
0 10 0.156863 0.418919 0.004902 0.016216
0 124 0.147876 0.421622 0.020425 0.189189
0 125 0.210784 0.424324 0.015523 0.140541
0 104 0.183007 0.421622 0.013072 0.140541
0 152 0.457516 0.424324 0.026961 0.321622
0 153 0.489379 0.427027 0.027778 0.302703
0 151 0.536765 0.418919 0.035131 0.356757
0 149 0.892157 0.394595 0.076797 0.548649
0 150 0.870915 0.443243 0.098856 0.462162
0 100 0.674837 0.408108 0.049020 0.513514
0 101 0.690359 0.437838 0.086601 0.456757
0 99 0.714869 0.454054 0.066993 0.402703
0 113 0.509804 0.424324 0.031863 0.383784
