0 11 0.926471 0.508108 0.062908 0.105405
0 12 0.861111 0.508108 0.083333 0.100000
0 13 0.786765 0.502703 0.084150 0.127027
0 14 0.495098 0.470270 0.022876 0.072973
0 10 0.151144 0.413514 0.011438 0.124324
0 124 0.067810 0.413514 0.030229 0.243243
0 125 0.190359 0.424324 0.019608 0.148649
0 104 0.167484 0.421622 0.017157 0.151351
0 152 0.557190 0.424324 0.053922 0.378378
0 153 0.593137 0.421622 0.046569 0.364865
0 151 0.661765 0.402703 0.052288 0.424324
0 100 0.953431 0.518919 0.046569 0.481081
0 113 0.648693 0.427027 0.065359 0.456757
