0 11 0.924837 0.508108 0.057190 0.105405
0 12 0.870098 0.508108 0.073529 0.100000
0 13 0.818627 0.500000 0.031863 0.105405
0 14 0.506536 0.475676 0.010621 0.067568
0 10 0.151961 0.416216 0.012255 0.121622
0 124 0.129085 0.421622 0.022059 0.205405
0 125 0.208333 0.429730 0.014706 0.137838
0 104 0.180556 0.418919 0.013889 0.143243
0 152 0.484477 0.421622 0.026144 0.340541
0 153 0.516340 0.427027 0.030229 0.316216
0 151 0.572712 0.421622 0.031863 0.364865
0 149 0.977124 0.467568 0.022876 0.510811
0 150 0.945261 0.581081 0.044118 0.332432
0 100 0.731209 0.408108 0.061275 0.562162
0 101 0.753268 0.429730 0.089052 0.491892
0 99 0.776961 0.445946 0.070261 0.435135
0 113 0.544935 0.427027 0.036765 0.394595
