0 11 0.926471 0.508108 0.073529 0.127027
0 12 0.902778 0.513514 0.040033 0.124324
0 13 0.786765 0.502703 0.058007 0.124324
0 14 0.495915 0.475676 0.022059 0.067568
0 10 0.150327 0.418919 0.012255 0.118919
0 124 0.104575 0.416216 0.023693 0.221622
0 125 0.205065 0.429730 0.016340 0.140541
0 104 0.174020 0.418919 0.017974 0.148649
0 152 0.517157 0.418919 0.026961 0.354054
0 153 0.546569 0.424324 0.039216 0.335135
0 151 0.596405 0.416216 0.052288 0.389189
0 100 0.816176 0.402703 0.079248 0.597297
0 101 0.829248 0.443243 0.108660 0.524324
0 99 0.851307 0.440541 0.071078 0.464865
0 113 0.589869 0.421622 0.036765 0.421622
