0 11 0.924020 0.505405 0.075980 0.129730
0 12 0.861111 0.508108 0.082516 0.100000
0 13 0.786765 0.502703 0.084150 0.127027
0 14 0.495098 0.475676 0.022059 0.067568
0 10 0.158497 0.427027 0.011438 0.110811
0 124 0.191176 0.435135 0.020425 0.159459
0 125 0.217320 0.429730 0.014706 0.124324
0 104 0.199346 0.429730 0.007353 0.124324
0 152 0.378268 0.435135 0.024510 0.283784
0 153 0.428105 0.448649 0.008987 0.248649
0 151 0.437908 0.432432 0.041667 0.300000
0 149 0.664216 0.413514 0.058824 0.421622
0 150 0.696078 0.432432 0.035948 0.378378
0 100 0.498366 0.429730 0.042484 0.405405
0 101 0.536765 0.435135 0.034314 0.375676
0 99 0.568627 0.448649 0.033497 0.340541
0 113 0.401144 0.440541 0.037582 0.321622
