0 11 0.924837 0.508108 0.075163 0.127027
0 12 0.861111 0.505405 0.082516 0.102703
0 13 0.785948 0.505405 0.085784 0.121622
0 14 0.495098 0.475676 0.012255 0.067568
0 10 0.153595 0.416216 0.010621 0.121622
0 124 0.165850 0.429730 0.021242 0.186486
0 125 0.212418 0.424324 0.015523 0.135135
0 104 0.186275 0.421622 0.013889 0.135135
0 152 0.418301 0.435135 0.030229 0.300000
0 153 0.449346 0.437838 0.031863 0.281081
0 151 0.492647 0.427027 0.044118 0.329730
0 149 0.776961 0.408108 0.069444 0.486486
0 150 0.802288 0.424324 0.059641 0.427027
0 100 0.592320 0.424324 0.048203 0.464865
0 101 0.638072 0.429730 0.038399 0.424324
0 99 0.664216 0.451351 0.035948 0.378378
0 113 0.454248 0.437838 0.044935 0.354054
