0 11 0.927288 0.508108 0.072712 0.127027
0 12 0.861111 0.508108 0.082516 0.100000
0 13 0.786765 0.500000 0.084150 0.129730
0 14 0.495098 0.475676 0.025327 0.070270
0 10 0.156046 0.435135 0.012255 0.102703
0 124 0.188725 0.424324 0.017974 0.172973
0 125 0.213235 0.424324 0.015523 0.129730
0 152 0.386438 0.435135 0.031046 0.286486
0 153 0.416667 0.489189 0.044118 0.210811
0 151 0.459967 0.424324 0.040850 0.308108
0 149 0.700980 0.418919 0.065359 0.429730
0 150 0.711601 0.429730 0.058824 0.394595
0 100 0.522876 0.429730 0.060458 0.410811
0 101 0.553105 0.440541 0.045752 0.383784
0 99 0.589869 0.451351 0.040850 0.354054
0 113 0.416667 0.435135 0.040033 0.327027
