0 11 0.945261 0.516216 0.054739 0.094595
0 12 0.860294 0.508108 0.053922 0.097297
0 13 0.780229 0.500000 0.090686 0.129730
0 14 0.492647 0.472973 0.010621 0.027027
0 10 0.155229 0.416216 0.005719 0.032432
0 124 0.143791 0.421622 0.021242 0.197297
0 125 0.209967 0.421622 0.016340 0.143243
0 104 0.183007 0.421622 0.012255 0.137838
0 152 0.461601 0.424324 0.027778 0.329730
0 153 0.492647 0.432432 0.040033 0.302703
0 151 0.544118 0.410811 0.030229 0.354054
0 149 0.891340 0.402703 0.099673 0.540541
0 150 0.882353 0.456757 0.098039 0.454054
0 100 0.692810 0.405405 0.043301 0.532432
0 101 0.728758 0.437838 0.048203 0.464865
0 99 0.731209 0.445946 0.051471 0.408108
0 113 0.516340 0.427027 0.038399 0.381081
