0 11 0.926471 0.508108 0.073529 0.127027
0 12 0.881536 0.510811 0.062092 0.097297
0 13 0.786765 0.502703 0.051471 0.124324
0 14 0.508987 0.475676 0.008170 0.067568
0 10 0.156046 0.418919 0.008170 0.048649
0 124 0.159314 0.424324 0.021242 0.191892
0 125 0.209150 0.421622 0.017157 0.137838
0 104 0.183007 0.421622 0.016340 0.137838
0 152 0.437092 0.429730 0.032680 0.310811
0 153 0.464869 0.435135 0.027778 0.289189
0 151 0.515523 0.416216 0.040033 0.345946
0 149 0.818627 0.410811 0.093954 0.508108
0 150 0.820261 0.427027 0.087418 0.443243
0 100 0.626634 0.413514 0.068627 0.481081
0 101 0.654412 0.432432 0.055556 0.440541
0 99 0.697712 0.445946 0.026961 0.397297
0 113 0.482843 0.435135 0.044118 0.364865
