0 11 0.925654 0.508108 0.074346 0.127027
0 12 0.861111 0.508108 0.082516 0.100000
0 13 0.814542 0.500000 0.056373 0.129730
0 14 0.510621 0.475676 0.008170 0.067568
0 10 0.153595 0.416216 0.010621 0.116216
0 124 0.171569 0.427027 0.018791 0.183784
0 125 0.214052 0.421622 0.014706 0.135135
0 104 0.188725 0.418919 0.012255 0.135135
0 152 0.411765 0.435135 0.033497 0.294595
0 153 0.442810 0.435135 0.041667 0.278378
0 151 0.487745 0.421622 0.042484 0.327027
0 149 0.754085 0.418919 0.088235 0.470270
0 150 0.777778 0.429730 0.071078 0.424324
0 100 0.578431 0.424324 0.059641 0.451351
0 101 0.608660 0.437838 0.045752 0.408108
0 99 0.647059 0.445946 0.028595 0.372973
0 113 0.449346 0.435135 0.044118 0.345946
