0 11 0.977124 0.559459 0.022876 0.054054
0 12 0.861111 0.508108 0.068627 0.097297
0 13 0.796569 0.500000 0.074346 0.129730
0 14 0.493464 0.475676 0.015523 0.067568
0 10 0.152778 0.416216 0.009804 0.043243
0 124 0.132353 0.427027 0.028595 0.191892
0 125 0.209967 0.421622 0.016340 0.143243
0 104 0.179739 0.421622 0.016340 0.137838
0 152 0.467320 0.432432 0.030229 0.324324
0 153 0.494281 0.435135 0.040850 0.302703
0 151 0.546569 0.418919 0.040850 0.356757
0 149 0.892974 0.410811 0.107026 0.551351
0 150 0.904412 0.429730 0.087418 0.481081
0 100 0.696895 0.413514 0.075980 0.529730
0 101 0.718954 0.427027 0.058824 0.475676
0 99 0.763889 0.440541 0.027778 0.413514
0 113 0.518791 0.432432 0.055556 0.386486
