0 11 0.955065 0.516216 0.020425 0.091892
0 12 0.873366 0.508108 0.071078 0.100000
0 13 0.785948 0.508108 0.032680 0.091892
0 14 0.495915 0.475676 0.021242 0.067568
0 10 0.150327 0.416216 0.012255 0.121622
0 124 0.112745 0.421622 0.025327 0.216216
0 125 0.204248 0.429730 0.016340 0.140541
0 104 0.176471 0.421622 0.014706 0.143243
0 152 0.497549 0.429730 0.044118 0.343243
0 153 0.535948 0.427027 0.037582 0.335135
0 151 0.585784 0.418919 0.057190 0.386486
0 100 0.765523 0.418919 0.120915 0.575676
0 101 0.822712 0.416216 0.053922 0.524324
0 99 0.838235 0.445946 0.072712 0.451351
0 113 0.566176 0.432432 0.049020 0.413514
