0 11 0.926471 0.508108 0.073529 0.127027
0 12 0.861111 0.508108 0.083333 0.100000
0 13 0.786765 0.502703 0.084150 0.127027
0 14 0.494281 0.472973 0.024510 0.072973
0 10 0.159314 0.427027 0.012255 0.110811
0 124 0.204248 0.432432 0.014706 0.159459
0 104 0.197712 0.424324 0.011438 0.124324
0 152 0.367647 0.432432 0.025327 0.283784
0 153 0.410131 0.440541 0.013889 0.251351
0 151 0.433824 0.424324 0.031046 0.297297
0 149 0.646242 0.416216 0.051471 0.408108
0 150 0.659314 0.445946 0.068627 0.364865
0 100 0.481209 0.427027 0.037582 0.394595
0 101 0.504902 0.451351 0.050654 0.370270
0 99 0.546569 0.456757 0.042484 0.327027
0 113 0.388072 0.429730 0.029412 0.316216
