0 11 0.935458 0.516216 0.064542 0.097297
0 12 0.860294 0.513514 0.081699 0.089189
0 13 0.786765 0.502703 0.080882 0.102703
0 14 0.500000 0.472973 0.009804 0.027027
0 10 0.155229 0.418919 0.008987 0.037838
0 124 0.154412 0.421622 0.018791 0.194595
0 125 0.209150 0.424324 0.015523 0.137838
0 104 0.180556 0.418919 0.016340 0.140541
0 152 0.440359 0.432432 0.040033 0.316216
0 153 0.478758 0.432432 0.025327 0.289189
0 151 0.522876 0.427027 0.049020 0.343243
0 149 0.839869 0.408108 0.084150 0.532432
0 150 0.869281 0.424324 0.102124 0.445946
0 100 0.637255 0.427027 0.083333 0.494595
0 101 0.688725 0.429730 0.044118 0.448649
0 99 0.716503 0.451351 0.040033 0.391892
0 113 0.487745 0.437838 0.051471 0.372973
