0 11 0.976307 0.535135 0.021242 0.070270
0 12 0.860294 0.505405 0.083333 0.102703
0 13 0.785131 0.529730 0.085784 0.097297
0 14 0.494281 0.472973 0.019608 0.072973
0 10 0.151144 0.416216 0.011438 0.121622
0 124 0.116013 0.421622 0.026961 0.210811
0 125 0.205065 0.424324 0.015523 0.143243
0 104 0.177288 0.421622 0.014706 0.145946
0 152 0.494281 0.432432 0.043301 0.337838
0 153 0.525327 0.432432 0.040033 0.327027
0 151 0.586601 0.410811 0.046569 0.391892
0 149 0.989379 0.889189 0.010621 0.062162
0 100 0.764706 0.424324 0.112745 0.556757
0 101 0.808007 0.421622 0.047386 0.502703
0 99 0.840686 0.445946 0.034314 0.443243
0 113 0.560458 0.435135 0.058824 0.405405
