0 11 0.924837 0.508108 0.042484 0.105405
0 12 0.865196 0.505405 0.079248 0.102703
0 13 0.813725 0.513514 0.058007 0.089189
0 14 0.500000 0.472973 0.015523 0.070270
0 10 0.151961 0.416216 0.012255 0.118919
0 124 0.132353 0.421622 0.026144 0.205405
0 125 0.209967 0.429730 0.014706 0.135135
0 104 0.180556 0.418919 0.014706 0.140541
0 152 0.475490 0.427027 0.031046 0.335135
0 153 0.506536 0.427027 0.033497 0.313514
0 151 0.549020 0.424324 0.054739 0.359459
0 149 0.934641 0.408108 0.065359 0.564865
0 150 0.949346 0.427027 0.050654 0.489189
0 100 0.706699 0.418919 0.086601 0.551351
0 101 0.753268 0.429730 0.057190 0.489189
0 99 0.789216 0.454054 0.048203 0.408108
0 113 0.528595 0.432432 0.049837 0.389189
