0 11 0.924837 0.508108 0.075163 0.127027
0 12 0.861928 0.508108 0.081699 0.100000
0 13 0.785948 0.500000 0.083333 0.127027
0 14 0.495098 0.478378 0.005719 0.037838
0 10 0.153595 0.416216 0.009804 0.121622
0 124 0.165033 0.432432 0.023693 0.181081
0 125 0.213235 0.421622 0.015523 0.135135
0 104 0.187908 0.418919 0.012255 0.137838
0 152 0.412582 0.437838 0.035948 0.297297
0 153 0.444444 0.437838 0.035131 0.281081
0 151 0.489379 0.429730 0.046569 0.321622
0 149 0.757353 0.410811 0.089869 0.478378
0 150 0.802288 0.424324 0.059641 0.427027
0 100 0.580065 0.429730 0.058824 0.459459
0 101 0.627451 0.432432 0.031046 0.421622
0 99 0.656046 0.443243 0.026144 0.375676
0 113 0.449346 0.437838 0.049837 0.351351
