0 11 0.941176 0.510811 0.058824 0.124324
0 12 0.915850 0.516216 0.027778 0.091892
0 13 0.786765 0.502703 0.071895 0.124324
0 14 0.495915 0.478378 0.024510 0.064865
0 10 0.151144 0.418919 0.011438 0.118919
0 124 0.091503 0.418919 0.032680 0.216216
0 125 0.204248 0.427027 0.016340 0.143243
0 104 0.174020 0.421622 0.015523 0.148649
0 152 0.521242 0.421622 0.028595 0.359459
0 153 0.547386 0.429730 0.051471 0.329730
0 151 0.612745 0.405405 0.033497 0.400000
0 100 0.853758 0.397297 0.059641 0.602703
0 101 0.836601 0.437838 0.105392 0.537838
0 99 0.884804 0.437838 0.047386 0.472973
0 113 0.595588 0.424324 0.043301 0.418919
