0 11 0.925654 0.508108 0.074346 0.127027
0 12 0.860294 0.508108 0.083333 0.100000
0 13 0.786765 0.518919 0.084150 0.108108
0 14 0.495915 0.475676 0.015523 0.067568
0 10 0.152778 0.416216 0.011438 0.118919
0 124 0.165033 0.427027 0.019608 0.189189
0 125 0.210784 0.424324 0.016340 0.135135
0 104 0.184641 0.421622 0.015523 0.135135
0 152 0.428105 0.429730 0.024510 0.308108
0 153 0.460784 0.427027 0.024510 0.294595
0 151 0.496732 0.421622 0.039216 0.335135
0 149 0.803922 0.402703 0.044118 0.494595
0 150 0.803922 0.418919 0.084967 0.437838
0 100 0.611928 0.416216 0.039216 0.472973
0 101 0.643791 0.443243 0.063725 0.413514
0 99 0.658497 0.454054 0.059641 0.389189
0 113 0.467320 0.429730 0.032680 0.362162
