0 11 0.925654 0.508108 0.072712 0.105405
0 12 0.860294 0.510811 0.080882 0.091892
0 13 0.831699 0.508108 0.039216 0.121622
0 14 0.511438 0.475676 0.005719 0.056757
0 10 0.151961 0.416216 0.011438 0.121622
0 124 0.124183 0.418919 0.023693 0.208108
0 125 0.207516 0.429730 0.014706 0.137838
0 104 0.179739 0.421622 0.014706 0.140541
0 152 0.488562 0.421622 0.031046 0.340541
0 153 0.517974 0.429730 0.035948 0.321622
0 151 0.580065 0.413514 0.024510 0.370270
0 149 0.979575 0.664865 0.020425 0.302703
0 150 0.952614 0.572973 0.047386 0.343243
0 100 0.759804 0.400000 0.045752 0.570270
0 101 0.757353 0.429730 0.091503 0.508108
0 99 0.789216 0.443243 0.058824 0.445946
0 113 0.552288 0.424324 0.045752 0.402703
