0 11 0.926471 0.508108 0.073529 0.127027
0 12 0.861111 0.508108 0.082516 0.100000
0 13 0.786765 0.502703 0.084150 0.127027
0 14 0.495915 0.475676 0.022059 0.067568
0 10 0.158497 0.427027 0.011438 0.110811
0 124 0.192810 0.432432 0.017157 0.162162
0 125 0.215686 0.429730 0.014706 0.124324
0 104 0.199346 0.432432 0.004902 0.024324
0 152 0.380719 0.429730 0.025327 0.289189
0 153 0.413399 0.445946 0.030229 0.254054
0 151 0.445261 0.424324 0.033497 0.305405
0 149 0.687092 0.408108 0.037582 0.429730
0 150 0.697712 0.437838 0.063725 0.378378
0 100 0.513072 0.421622 0.034314 0.416216
0 101 0.540850 0.443243 0.048203 0.372973
0 99 0.575980 0.454054 0.038399 0.343243
0 113 0.406046 0.443243 0.032680 0.316216
