0 11 0.927288 0.508108 0.072712 0.127027
0 12 0.860294 0.508108 0.084150 0.100000
0 13 0.786765 0.502703 0.084150 0.127027
0 14 0.495915 0.475676 0.024510 0.072973
0 10 0.156863 0.427027 0.010621 0.110811
0 124 0.187092 0.427027 0.017157 0.175676
0 125 0.213235 0.424324 0.016340 0.132432
0 104 0.197712 0.424324 0.004902 0.129730
0 152 0.389706 0.437838 0.033497 0.286486
0 153 0.419118 0.470270 0.044935 0.235135
0 151 0.464052 0.432432 0.044118 0.305405
0 149 0.700980 0.424324 0.072712 0.443243
0 150 0.726307 0.437838 0.040033 0.372973
0 100 0.524510 0.435135 0.071078 0.416216
0 101 0.573529 0.437838 0.028595 0.397297
0 99 0.598856 0.448649 0.033497 0.356757
0 113 0.422386 0.437838 0.041667 0.329730
