0 11 0.926471 0.508108 0.073529 0.127027
0 12 0.861111 0.508108 0.082516 0.100000
0 13 0.787582 0.502703 0.083333 0.127027
0 14 0.497549 0.475676 0.022876 0.070270
0 10 0.156046 0.435135 0.010621 0.105405
0 124 0.182190 0.429730 0.018791 0.175676
0 125 0.213235 0.427027 0.015523 0.132432
0 104 0.191993 0.418919 0.010621 0.135135
0 152 0.397059 0.432432 0.027778 0.291892
0 153 0.433007 0.437838 0.013072 0.251351
0 151 0.472222 0.427027 0.040850 0.318919
0 149 0.732843 0.408108 0.043301 0.464865
0 150 0.769608 0.432432 0.049837 0.413514
0 100 0.546569 0.424324 0.050654 0.435135
0 101 0.584150 0.443243 0.053922 0.394595
0 99 0.611928 0.451351 0.049837 0.359459
0 113 0.432190 0.435135 0.040033 0.340541
