0 11 0.925654 0.508108 0.074346 0.127027
0 12 0.868464 0.508108 0.075163 0.100000
0 13 0.786765 0.502703 0.038399 0.100000
0 14 0.502451 0.472973 0.012255 0.078378
0 10 0.154412 0.416216 0.009804 0.118919
0 124 0.163399 0.421622 0.019608 0.194595
0 125 0.210784 0.424324 0.016340 0.135135
0 104 0.183824 0.421622 0.016340 0.137838
0 152 0.431373 0.427027 0.029412 0.310811
0 153 0.463235 0.432432 0.026144 0.297297
0 151 0.507353 0.416216 0.036765 0.340541
0 149 0.818627 0.400000 0.051471 0.518919
0 150 0.805556 0.424324 0.089052 0.448649
0 100 0.624183 0.410811 0.042484 0.478378
0 101 0.659314 0.440541 0.048203 0.435135
0 99 0.665033 0.451351 0.058824 0.389189
0 113 0.477124 0.429730 0.038399 0.364865
