0 11 0.922386 0.505405 0.077614 0.129730
0 12 0.861928 0.508108 0.082516 0.100000
0 13 0.786765 0.500000 0.084150 0.129730
0 14 0.495098 0.472973 0.010621 0.070270
0 10 0.151144 0.413514 0.011438 0.124324
0 124 0.064542 0.410811 0.024510 0.245946
0 125 0.188725 0.424324 0.019608 0.151351
0 104 0.164216 0.421622 0.018791 0.151351
0 152 0.559641 0.424324 0.051471 0.381081
0 153 0.605392 0.416216 0.028595 0.370270
0 151 0.666667 0.402703 0.054739 0.427027
0 100 0.953431 0.821622 0.046569 0.178378
0 113 0.652778 0.424324 0.064542 0.462162
