0 11 0.925654 0.508108 0.074346 0.127027
0 12 0.861111 0.505405 0.083333 0.102703
0 13 0.786765 0.500000 0.084150 0.129730
0 14 0.494281 0.475676 0.019608 0.070270
0 10 0.159314 0.427027 0.011438 0.110811
0 124 0.196078 0.429730 0.019608 0.164865
0 125 0.218137 0.429730 0.015523 0.124324
0 104 0.196078 0.418919 0.008987 0.129730
0 152 0.375817 0.437838 0.022876 0.281081
0 153 0.397059 0.445946 0.039216 0.254054
0 151 0.435458 0.432432 0.044118 0.297297
0 149 0.650327 0.421622 0.071078 0.416216
0 150 0.690359 0.432432 0.031863 0.375676
0 100 0.486111 0.435135 0.053922 0.402703
0 101 0.529412 0.437838 0.032680 0.364865
0 99 0.558824 0.448649 0.031863 0.335135
0 113 0.397876 0.435135 0.040850 0.316216
