0 11 0.924020 0.508108 0.075980 0.127027
0 12 0.861111 0.505405 0.083333 0.102703
0 13 0.786765 0.502703 0.084150 0.127027
0 14 0.495098 0.472973 0.015523 0.070270
0 10 0.151144 0.416216 0.011438 0.121622
0 124 0.058007 0.410811 0.026144 0.243243
0 125 0.187908 0.427027 0.019608 0.145946
0 104 0.163399 0.418919 0.018791 0.151351
0 152 0.568627 0.418919 0.043301 0.386486
0 153 0.611111 0.413514 0.034314 0.370270
0 151 0.665033 0.410811 0.066176 0.429730
0 100 0.972222 0.921622 0.027778 0.078378
0 113 0.672386 0.413514 0.041667 0.470270
