0 11 0.940359 0.516216 0.059641 0.097297
0 12 0.860294 0.505405 0.082516 0.100000
0 13 0.786765 0.502703 0.084150 0.127027
0 14 0.504902 0.470270 0.012255 0.024324
0 10 0.159314 0.418919 0.004902 0.018919
0 124 0.152778 0.421622 0.016340 0.194595
0 125 0.209150 0.427027 0.016340 0.137838
0 104 0.181373 0.418919 0.015523 0.140541
0 152 0.447712 0.429730 0.030229 0.316216
0 153 0.485294 0.429730 0.024510 0.305405
0 151 0.526144 0.424324 0.047386 0.348649
0 149 0.868464 0.402703 0.095588 0.543243
0 150 0.869281 0.421622 0.107026 0.475676
0 100 0.648693 0.418919 0.072712 0.502703
0 101 0.689542 0.432432 0.074346 0.451351
0 99 0.710784 0.459459 0.066176 0.389189
0 113 0.500000 0.432432 0.039216 0.375676
