0 11 0.946895 0.516216 0.053105 0.121622
0 12 0.860294 0.508108 0.038399 0.097297
0 13 0.786765 0.502703 0.084150 0.127027
0 14 0.495098 0.475676 0.025327 0.070270
0 10 0.150327 0.418919 0.012255 0.118919
0 124 0.089052 0.416216 0.031046 0.227027
0 125 0.199346 0.424324 0.019608 0.148649
0 104 0.170752 0.421622 0.017157 0.145946
0 152 0.529412 0.429730 0.040850 0.362162
0 153 0.561275 0.427027 0.038399 0.337838
0 151 0.621732 0.408108 0.053105 0.405405
0 100 0.854575 0.416216 0.117647 0.583784
0 101 0.902778 0.516216 0.051471 0.462162
0 99 0.894608 0.459459 0.102124 0.483784
0 113 0.602941 0.429730 0.061275 0.435135
