0 11 0.945261 0.513514 0.054739 0.100000
0 12 0.860294 0.505405 0.049837 0.100000
0 13 0.845588 0.508108 0.025327 0.118919
0 14 0.495098 0.472973 0.026144 0.075676
0 10 0.151144 0.416216 0.011438 0.121622
0 124 0.120098 0.421622 0.026144 0.208108
0 125 0.205882 0.424324 0.016340 0.143243
0 104 0.178922 0.421622 0.015523 0.140541
0 152 0.494281 0.427027 0.038399 0.340541
0 153 0.520425 0.432432 0.041667 0.318919
0 151 0.575980 0.410811 0.043301 0.378378
0 149 0.981209 0.816216 0.018791 0.151351
0 150 0.979575 0.832432 0.014706 0.075676
0 100 0.763889 0.405405 0.073529 0.567568
0 101 0.779412 0.427027 0.069444 0.516216
0 99 0.819444 0.443243 0.034314 0.451351
0 113 0.560458 0.429730 0.046569 0.402703
