0 11 0.924837 0.508108 0.075163 0.127027
0 12 0.861111 0.508108 0.082516 0.100000
0 13 0.786765 0.502703 0.083333 0.127027
0 14 0.495915 0.475676 0.023693 0.067568
0 10 0.158497 0.427027 0.010621 0.110811
0 124 0.191176 0.437838 0.016340 0.159459
0 125 0.214869 0.429730 0.014706 0.124324
0 104 0.196078 0.429730 0.006536 0.018919
0 152 0.383170 0.427027 0.027778 0.289189
0 153 0.439542 0.456757 0.013072 0.108108
0 151 0.457516 0.421622 0.034314 0.310811
0 149 0.697712 0.405405 0.035948 0.445946
0 150 0.714052 0.443243 0.054739 0.383784
0 100 0.520425 0.421622 0.039216 0.410811
0 101 0.549837 0.443243 0.048203 0.381081
0 99 0.582516 0.456757 0.041667 0.348649
0 113 0.413399 0.435135 0.032680 0.324324
