0 11 0.920752 0.508108 0.079248 0.127027
0 12 0.861111 0.508108 0.082516 0.100000
0 13 0.786765 0.502703 0.084150 0.127027
0 14 0.492647 0.472973 0.026961 0.043243
0 10 0.158497 0.427027 0.012255 0.110811
0 124 0.200980 0.429730 0.015523 0.162162
0 125 0.218137 0.427027 0.016340 0.127027
0 104 0.196078 0.421622 0.011438 0.113514
0 152 0.371732 0.435135 0.024510 0.278378
0 153 0.417484 0.445946 0.016340 0.251351
0 151 0.435458 0.435135 0.042484 0.289189
0 149 0.647059 0.421622 0.071895 0.410811
0 150 0.672386 0.445946 0.056373 0.335135
0 100 0.482843 0.432432 0.053105 0.391892
0 101 0.517974 0.440541 0.040033 0.359459
0 99 0.550654 0.451351 0.040850 0.329730
0 113 0.394608 0.435135 0.032680 0.316216
