0 11 0.915033 0.502703 0.040850 0.100000
0 12 0.861111 0.508108 0.082516 0.100000
0 13 0.786765 0.502703 0.084150 0.127027
0 14 0.508987 0.475676 0.008987 0.070270
0 10 0.151144 0.413514 0.011438 0.124324
0 124 0.077614 0.413514 0.029412 0.235135
0 125 0.196078 0.427027 0.017974 0.145946
0 104 0.168301 0.418919 0.017157 0.151351
0 152 0.552288 0.416216 0.032680 0.375676
0 153 0.580065 0.424324 0.054739 0.348649
0 151 0.629085 0.405405 0.058007 0.413514
0 100 0.927288 0.391892 0.072712 0.608108
0 99 0.979575 0.862162 0.020425 0.097297
0 113 0.635621 0.418919 0.058824 0.451351
