0 11 0.917484 0.508108 0.033497 0.102703
0 12 0.861111 0.505405 0.082516 0.102703
0 13 0.824346 0.505405 0.047386 0.097297
0 14 0.496732 0.475676 0.016340 0.067568
0 10 0.151144 0.416216 0.013072 0.110811
0 124 0.131536 0.427027 0.029412 0.194595
0 125 0.209967 0.427027 0.015523 0.137838
0 104 0.180556 0.421622 0.014706 0.140541
0 152 0.468954 0.435135 0.036765 0.327027
0 153 0.498366 0.432432 0.032680 0.300000
0 151 0.549020 0.416216 0.053922 0.359459
0 149 0.902778 0.410811 0.097222 0.564865
0 150 0.938725 0.432432 0.061275 0.481081
0 100 0.696895 0.418919 0.093137 0.535135
0 101 0.747549 0.427027 0.040850 0.524324
0 99 0.768791 0.445946 0.040850 0.429730
0 113 0.519608 0.435135 0.057190 0.383784
