0 11 0.926471 0.508108 0.073529 0.127027
0 12 0.861928 0.508108 0.081699 0.100000
0 13 0.786765 0.502703 0.084150 0.127027
0 14 0.494281 0.472973 0.026144 0.070270
0 10 0.156046 0.427027 0.010621 0.110811
0 124 0.183007 0.429730 0.018791 0.170270
0 125 0.213235 0.427027 0.015523 0.129730
0 104 0.194444 0.418919 0.008987 0.135135
0 152 0.392157 0.437838 0.030229 0.289189
0 153 0.424020 0.437838 0.041667 0.275676
0 151 0.466503 0.432432 0.045752 0.313514
0 149 0.712418 0.418919 0.062908 0.451351
0 150 0.748366 0.429730 0.050654 0.391892
0 100 0.529412 0.429730 0.067810 0.432432
0 101 0.584150 0.437838 0.031046 0.386486
0 99 0.610294 0.448649 0.030229 0.354054
0 113 0.427288 0.437838 0.041667 0.337838
