0 11 0.986111 0.537838 0.013889 0.072973
0 12 0.861111 0.508108 0.072712 0.097297
0 13 0.786765 0.502703 0.084150 0.127027
0 14 0.504085 0.472973 0.015523 0.075676
0 10 0.151144 0.416216 0.012255 0.121622
0 124 0.084967 0.410811 0.023693 0.235135
0 125 0.197712 0.429730 0.018791 0.143243
0 104 0.169935 0.421622 0.017157 0.148649
0 152 0.546569 0.418919 0.029412 0.372973
0 153 0.573529 0.418919 0.052288 0.354054
0 151 0.623366 0.416216 0.063725 0.408108
0 100 0.887255 0.405405 0.104575 0.594595
0 101 0.910948 0.527027 0.089052 0.459459
0 99 0.972222 0.456757 0.027778 0.500000
0 113 0.629902 0.421622 0.039216 0.445946
