0 11 0.927288 0.508108 0.044118 0.102703
0 12 0.861111 0.508108 0.082516 0.100000
0 13 0.786765 0.502703 0.084150 0.127027
0 14 0.509804 0.481081 0.005719 0.051351
0 10 0.150327 0.416216 0.013072 0.121622
0 124 0.071078 0.416216 0.031863 0.232432
0 125 0.193627 0.424324 0.018791 0.148649
0 104 0.168301 0.421622 0.016340 0.148649
0 152 0.557190 0.418919 0.042484 0.372973
0 153 0.584967 0.427027 0.053105 0.356757
0 151 0.639706 0.400000 0.049020 0.418919
0 100 0.952614 0.408108 0.047386 0.591892
0 113 0.646242 0.424324 0.061275 0.451351
