0 11 0.924837 0.508108 0.075163 0.129730
0 12 0.861111 0.508108 0.083333 0.100000
0 13 0.786765 0.500000 0.084150 0.129730
0 14 0.495915 0.475676 0.016340 0.067568
0 10 0.159314 0.429730 0.011438 0.108108
0 124 0.206699 0.435135 0.013889 0.154054
0 104 0.198529 0.424324 0.009804 0.129730
0 152 0.361928 0.432432 0.022876 0.275676
0 153 0.402778 0.443243 0.009804 0.254054
0 151 0.424837 0.429730 0.032680 0.291892
0 149 0.629902 0.416216 0.040033 0.402703
0 150 0.658497 0.437838 0.043301 0.362162
0 100 0.458333 0.429730 0.040033 0.381081
0 101 0.498366 0.445946 0.042484 0.348649
0 99 0.534314 0.451351 0.027778 0.318919
0 113 0.379902 0.437838 0.028595 0.310811
