0 11 0.925654 0.508108 0.074346 0.127027
0 12 0.861111 0.505405 0.082516 0.102703
0 13 0.814542 0.502703 0.056373 0.127027
0 14 0.505719 0.472973 0.011438 0.070270
0 10 0.154412 0.418919 0.009804 0.116216
0 124 0.177288 0.424324 0.016340 0.181081
0 125 0.214052 0.424324 0.014706 0.132432
0 104 0.190359 0.418919 0.012255 0.137838
0 152 0.407680 0.429730 0.024510 0.300000
0 153 0.441993 0.432432 0.035131 0.281081
0 151 0.484477 0.418919 0.028595 0.324324
0 149 0.753268 0.405405 0.067810 0.467568
0 150 0.764706 0.437838 0.075980 0.410811
0 100 0.575163 0.416216 0.040033 0.454054
0 101 0.603758 0.440541 0.051471 0.405405
0 99 0.620098 0.451351 0.055556 0.364865
0 113 0.443627 0.432432 0.031046 0.340541
