0 11 0.924837 0.508108 0.075163 0.105405
0 12 0.861111 0.508108 0.082516 0.100000
0 13 0.786765 0.502703 0.084150 0.127027
0 14 0.500817 0.475676 0.016340 0.072973
0 10 0.159314 0.429730 0.012255 0.108108
0 124 0.205065 0.435135 0.014706 0.159459
0 104 0.196895 0.424324 0.012255 0.129730
0 152 0.366013 0.429730 0.023693 0.281081
0 153 0.395425 0.437838 0.022876 0.259459
0 151 0.428105 0.427027 0.027778 0.294595
0 149 0.643791 0.410811 0.034314 0.408108
0 150 0.662582 0.445946 0.054739 0.354054
0 100 0.473039 0.424324 0.031046 0.391892
0 101 0.499183 0.445946 0.055556 0.351351
0 99 0.540033 0.454054 0.040850 0.321622
0 113 0.386438 0.440541 0.023693 0.305405
