0 11 0.967320 0.535135 0.032680 0.075676
0 12 0.860294 0.505405 0.058824 0.100000
0 13 0.786765 0.502703 0.084150 0.127027
0 14 0.499183 0.472973 0.020425 0.072973
0 10 0.151144 0.416216 0.011438 0.121622
0 124 0.087418 0.410811 0.024510 0.232432
0 125 0.196078 0.427027 0.022876 0.143243
0 104 0.170752 0.421622 0.017974 0.145946
0 152 0.535948 0.418919 0.035131 0.375676
0 153 0.570261 0.418919 0.040850 0.348649
0 151 0.621732 0.410811 0.062908 0.408108
0 100 0.857026 0.413514 0.116013 0.586486
0 101 0.909314 0.521622 0.083333 0.478378
0 99 0.901144 0.459459 0.098856 0.489189
0 113 0.613562 0.424324 0.051471 0.435135
