0 11 0.925654 0.508108 0.074346 0.127027
0 12 0.861111 0.508108 0.083333 0.100000
0 13 0.797386 0.500000 0.073529 0.129730
0 14 0.501634 0.472973 0.017974 0.072973
0 10 0.155229 0.424324 0.009804 0.113514
0 124 0.179739 0.427027 0.018791 0.178378
0 125 0.214052 0.427027 0.015523 0.132432
0 104 0.191993 0.421622 0.010621 0.129730
0 152 0.403595 0.429730 0.025327 0.297297
0 153 0.437908 0.429730 0.015523 0.281081
0 151 0.479575 0.421622 0.031863 0.324324
0 149 0.752451 0.405405 0.040033 0.462162
0 150 0.764706 0.437838 0.066993 0.413514
0 100 0.566176 0.413514 0.035131 0.445946
0 101 0.589869 0.445946 0.066176 0.391892
0 99 0.612745 0.456757 0.059641 0.359459
0 113 0.438725 0.432432 0.031863 0.345946
