0 12 1104.000138 208.000125 137.999862 166.999875 1 1 1
0 13 888.000192 175.000125 249.999696 163.000125 1 1 1
0 14 784.00008 175.999875 146.999394 94.99987499999999 1 1 1
0 2 729.000594 165.0 135.000432 82.000125 1 1 1
0 1 717.00039 193.999875 15.999443999999999 28.000125 1 1 1
1 12 1180.0006019999998 247.000125 61.999398 127.999875 1 1 1
1 13 910.999548 175.000125 268.999812 178.000125 1 1 1
1 14 792.999612 175.999875 161.00046 106.000125 1 1 1
1 2 734.9994539999999 166.000125 136.00024200000001 84.0 1 1 1
1 1 721.9994399999999 196.000125 14.999633999999999 28.999875 1 1 1
2 13 936.9995759999999 174.0 287.999928 195.0 1 1 1
2 14 804.9998159999999 177.0 175.000284 115.00012500000001 1 1 1
2 2 742.0006079999999 166.000125 142.000344 88.000125 1 1 1
2 1 726.999732 196.000125 17.000496000000002 33.0 1 1 1
3 13 972.000378 177.0 269.999622 198.0 1 1 1
3 14 817.99983 178.000125 191.999538 123.0 1 1 1
3 2 747.999468 166.000125 150.000066 91.999875 1 1 1
3 1 732.000024 190.000125 23.000598 46.999875 1 1 1
4 13 1011.00042 178.000125 230.99957999999998 196.99987500000003 1 1 1
4 14 831.999654 178.999875 211.99946400000002 130.000125 1 1 1
4 2 754.9993800000001 166.000125 156.999978 97.000125 1 1 1
4 1 736.0005060000001 183.0 32.99994 58.000125 1 1 1
5 13 1058.999994 178.999875 183.000006 196.000125 1 1 1
5 14 847.00053 178.999875 242.99978399999998 142.000125 1 1 1
5 2 762.000534 166.000125 164.9997 100.999875 1 1 1
5 1 742.0006079999999 183.0 33.99975 60.0 1 1 1
6 13 1117.000152 180.0 124.999848 195.0 1 1 1
6 14 864.999594 178.999875 261.00009 151.000125 1 1 1
6 2 770.0002559999999 166.000125 171.99961199999998 105.00000000000001 1 1 1
6 1 745.9998479999999 181.000125 40.999662 64.99987499999999 1 1 1
7 13 1189.0001340000001 217.00012500000003 52.999866000000004 157.999875 1 1 1
7 14 883.99971 178.000125 275.999724 163.999875 1 1 1
7 2 777.9999779999999 163.999875 183.999816 109.999875 1 1 1
7 1 751.99995 180.0 45.000144 67.999875 1 1 1
8 14 903.999636 177.0 291.0006 178.000125 1 1 1
8 2 786.99951 162.0 189.000108 115.00012500000001 1 1 1
8 1 757.000242 178.000125 50.000436 70.999875 1 1 1
9 14 928.000044 177.0 309.999474 193.000125 1 1 1
9 2 796.000284 160.999875 197.99964 126.00000000000001 1 1 1
9 1 763.000344 177.0 54.999486000000005 73.999875 1 1 1
10 14 954.000072 177.0 287.999928 198.0 1 1 1
10 2 806.999436 160.000125 215.00013600000003 136.000125 1 1 1
10 1 770.0002559999999 175.999875 58.999967999999996 76.99987499999999 1 1 1
11 14 985.000392 177.0 256.999608 198.0 1 1 1
11 2 817.0000200000001 159.0 247.00026599999998 145.999875 1 1 1
11 1 776.000358 175.000125 65.99988 79.999875 1 1 1
12 14 1019.0001420000001 177.0 222.999858 198.0 1 1 1
12 2 828.000414 157.999875 263.99952 154.000125 1 1 1
12 1 782.00046 174.0 71.999982 82.999875 1 1 1
13 14 1058.000184 178.999875 183.999816 196.000125 1 1 1
13 2 838.999566 157.999875 281.999826 165.0 1 1 1
13 1 790.0001820000001 175.000125 77.00027399999999 85.999875 1 1 1
14 14 1103.000328 184.999875 138.999672 190.000125 1 1 1
14 2 852.9993900000001 159.0 299.00032200000004 175.000125 1 1 1
14 1 796.000284 175.999875 85.99980599999999 90.0 1 1 1
15 14 1158.999624 217.00012500000003 83.000376 157.999875 1 1 1
15 2 867.000456 159.0 312.000336 186.0 1 1 1
15 1 803.000196 177.0 93.999528 94.000125 1 1 1
16 14 1226.000556 310.000125 15.999443999999999 64.99987499999999 1 1 1
16 2 881.00028 159.0 327.99978 199.000125 1 1 1
16 1 810.999918 178.000125 104.99992200000001 97.99987499999999 1 1 1
17 2 900.000396 157.000125 341.999604 212.99999999999997 1 1 1
17 1 818.99964 178.000125 116.000316 100.999875 1 1 1
18 2 919.0005120000001 156.0 322.99948800000004 219.0 1 1 1
18 1 828.000414 177.0 130.00014 106.000125 1 1 1
19 2 941.999868 156.0 300.000132 211.000125 1 1 1
19 1 836.999946 177.0 148.000446 112.00012500000001 1 1 1
20 2 967.9998959999999 156.0 274.000104 219.0 1 1 1
20 1 848.0003399999999 178.000125 164.9997 115.00012500000001 1 1 1
21 2 997.000596 154.999875 244.999404 220.00012500000003 1 1 1
21 1 858.9994919999999 178.000125 187.000488 121.000125 1 1 1
22 2 1031.000346 154.999875 210.99965400000002 220.00012500000003 1 1 1
22 1 871.999506 178.999875 203.999742 127.000125 1 1 1
23 2 1071.000198 157.999875 170.999802 217.00012500000003 1 1 1
23 1 884.99952 180.0 228.99996 133.000125 1 1 1
24 2 1117.000152 163.000125 124.999848 211.999875 1 1 1
24 1 901.0002059999999 181.999875 263.99952 154.000125 1 1 1
25 2 1174.0005 205.000125 67.9995 169.999875 1 1 1
25 1 915.00003 181.000125 281.000016 165.0 1 1 1
26 1 934.999956 183.0 293.00022 172.999875 1 1 1
27 1 954.999882 184.000125 287.000118 186.0 1 1 1
28 1 976.9994280000001 186.0 265.000572 184.000125 1 1 1
29 1 1002.9994559999999 187.999875 239.000544 187.000125 1 1 1
30 1 1031.000346 190.000125 210.99965400000002 184.999875 1 1 1
31 1 1064.000286 192.0 177.999714 183.0 1 1 1
32 1 1103.000328 193.999875 138.999672 181.000125 1 1 1
33 1 1149.000282 201.0 92.999718 174.0 1 1 1
34 1 1204.999578 243.0 37.000422 132.0 1 1 1
43 21 628.999722 184.000125 33.99975 13.999875 1 1 1
44 21 628.999722 184.000125 34.99956 13.000125 1 1 1
45 21 628.999722 183.0 34.99956 13.999875 1 1 1
46 21 629.9995319999999 181.999875 34.99956 13.999875 1 1 1
47 21 628.999722 181.999875 36.000612000000004 13.999875 1 1 1
48 21 628.999722 181.999875 34.99956 13.999875 1 1 1
49 21 628.999722 181.000125 36.000612000000004 13.999875 1 1 1
50 21 628.999722 181.000125 36.000612000000004 13.999875 1 1 1
51 21 629.9995319999999 181.999875 36.000612000000004 13.999875 1 1 1
52 21 629.9995319999999 181.999875 37.000422 15.0 1 1 1
53 21 631.0005839999999 181.999875 37.000422 15.0 1 1 1
54 21 631.0005839999999 181.000125 38.000232000000004 16.000124999999997 1 1 1
55 21 629.9995319999999 178.000125 39.000042 16.999875 1 1 1
56 21 633.0002039999999 178.000125 38.000232000000004 16.999875 1 1 1
57 21 634.000014 178.000125 38.000232000000004 16.000124999999997 1 1 1
58 21 634.000014 178.000125 39.000042 16.999875 1 1 1
59 21 634.999824 178.999875 39.000042 16.999875 1 1 1
60 21 635.999634 178.999875 38.000232000000004 18.0 1 1 1
61 21 635.999634 177.0 39.000042 19.000124999999997 1 1 1
62 21 635.999634 174.0 39.999852 19.000124999999997 1 1 1
63 21 635.999634 172.000125 40.999662 19.000124999999997 1 1 1
64 21 636.9994439999999 171.0 39.999852 19.999875 1 1 1
65 21 638.000496 169.999875 43.000524 19.999875 1 1 1
66 21 638.000496 171.0 41.999472 19.999875 1 1 1
67 21 639.000306 171.0 44.000334 19.999875 1 1 1
68 21 638.000496 169.000125 45.999954 21.0 1 1 1
69 21 640.000116 169.999875 45.000144 21.0 1 1 1
70 21 640.000116 171.0 45.999954 22.000125 1 1 1
71 21 640.999926 175.000125 46.999764 22.000125 1 1 1
72 21 641.9997360000001 178.999875 46.999764 22.000125 1 1 1
73 21 640.999926 178.999875 48.999384 22.999875 1 1 1
74 21 641.9997360000001 178.000125 48.999384 22.999875 1 1 1
75 21 642.999546 177.0 48.999384 22.000125 1 1 1
75 7 633.0002039999999 177.0 14.999633999999999 19.000124999999997 1 1 1
76 21 642.999546 172.999875 51.000246000000004 24.0 1 1 1
76 7 633.0002039999999 175.000125 14.999633999999999 19.000124999999997 1 1 1
77 21 642.999546 172.999875 52.000056 22.999875 1 1 1
77 7 633.0002039999999 174.0 15.999443999999999 19.000124999999997 1 1 1
78 21 641.9997360000001 172.999875 53.999676 25.000125 1 1 1
78 7 633.0002039999999 175.000125 17.000496000000002 19.000124999999997 1 1 1
79 21 645.000408 175.000125 52.000056 25.000125 1 1 1
79 7 634.999824 177.0 23.000598 19.000124999999997 1 1 1
80 21 645.000408 175.999875 52.999866000000004 24.0 1 1 1
80 7 634.999824 178.000125 19.999926 19.999875 1 1 1
81 21 646.0002179999999 175.999875 53.999676 25.000125 1 1 1
81 7 634.999824 177.0 26.000028 19.999875 1 1 1
82 21 647.000028 172.999875 54.999486000000005 25.999875000000003 1 1 1
82 7 634.999824 174.0 25.000218 21.0 1 1 1
83 21 647.000028 171.0 56.000538 26.999999999999996 1 1 1
83 7 634.000014 172.000125 26.999838 18.0 1 1 1
84 21 647.999838 171.0 58.000158 26.999999999999996 1 1 1
84 7 635.999634 172.999875 19.999926 19.999875 1 1 1
85 21 649.9994579999999 172.000125 57.000347999999995 26.999999999999996 1 1 1
85 7 635.999634 174.0 19.999926 21.0 1 1 1
86 21 653.00013 172.000125 58.000158 28.999875 1 1 1
86 7 638.000496 174.0 19.999926 21.0 1 1 1
87 21 654.9997500000001 172.999875 59.999778 28.999875 1 1 1
87 7 640.000116 174.0 23.000598 22.999875 1 1 1
88 21 657.0006119999999 172.000125 60.999587999999996 30.0 1 1 1
88 7 641.9997360000001 174.0 21.999546 22.999875 1 1 1
89 21 659.000232 172.000125 60.999587999999996 30.0 1 1 1
89 7 641.9997360000001 172.999875 20.999736 24.0 1 1 1
90 21 660.9998519999999 172.000125 61.999398 31.000125 1 1 1
90 9 657.0006119999999 181.000125 5.000292 18.0 1 1 1
90 7 644.000598 174.0 21.999546 24.0 1 1 1
91 21 664.000524 174.0 64.00026 31.000125 1 1 1
91 9 659.000232 178.999875 7.999721999999999 22.999875 1 1 1
91 7 646.0002179999999 175.999875 21.999546 25.000125 1 1 1
92 21 666.0001440000001 175.000125 65.99988 31.999875000000003 1 1 1
92 9 660.9998519999999 178.000125 10.000584 26.999999999999996 1 1 1
92 7 647.000028 178.000125 20.999736 25.000125 1 1 1
93 21 667.999764 174.0 69.000552 34.000125 1 1 1
93 9 661.9996620000001 177.0 14.999633999999999 26.999999999999996 1 1 1
93 7 647.999838 177.0 26.000028 26.999999999999996 1 1 1
94 21 671.000436 174.0 69.000552 34.000125 1 1 1
94 9 665.000334 178.999875 10.000584 25.999875000000003 1 1 1
94 7 649.9994579999999 177.0 26.000028 25.999875000000003 1 1 1
95 21 673.000056 174.0 71.000172 34.999875 1 1 1
95 9 666.0001440000001 175.000125 20.999736 30.0 1 1 1
95 7 651.0005100000001 175.999875 26.000028 28.000125 1 1 1
96 21 674.999676 174.0 72.999792 36.0 1 1 1
96 9 668.9995739999999 175.999875 19.000116000000002 31.000125 1 1 1
96 7 653.00013 177.0 26.000028 28.000125 1 1 1
97 21 677.000538 174.0 76.00046400000001 37.999875 1 1 1
97 9 671.000436 177.0 20.999736 31.999875000000003 1 1 1
97 7 654.9997500000001 178.000125 28.999458 28.999875 1 1 1
98 21 679.999968 175.999875 78.999894 39.0 1 1 1
98 9 673.000056 180.0 15.999443999999999 31.999875000000003 1 1 1
98 7 657.0006119999999 180.0 27.999648 28.999875 1 1 1
98 98 647.999838 175.999875 45.000144 28.999875 1 1 1
99 21 682.999398 178.000125 82.00056599999999 40.999875 1 1 1
99 9 675.9994859999999 180.0 20.999736 33.0 1 1 1
99 7 659.000232 181.999875 28.999458 30.0 1 1 1
99 98 649.9994579999999 178.000125 45.000144 30.0 1 1 1
100 21 686.99988 180.0 84.000186 40.999875 1 1 1
100 9 678.000348 181.999875 21.999546 34.999875 1 1 1
100 7 661.9996620000001 183.0 31.00032 31.000125 1 1 1
100 98 652.00032 178.999875 45.999954 31.000125 1 1 1
101 21 690.0005520000001 178.999875 86.999616 43.000125000000004 1 1 1
101 9 680.9997780000001 181.000125 20.999736 36.0 1 1 1
101 7 662.999472 181.999875 32.00013 31.999875000000003 1 1 1
101 98 653.00013 178.000125 45.999954 31.999875000000003 1 1 1
102 21 693.9997920000001 177.0 90.000288 45.0 1 1 1
102 9 682.999398 178.999875 24.000408 37.999875 1 1 1
102 7 665.000334 180.0 30.00051 34.000125 1 1 1
102 98 653.9999399999999 177.0 50.000436 33.0 1 1 1
103 21 698.000274 175.999875 91.999908 48.0 1 1 1
103 9 686.99988 178.000125 33.99975 40.000125 1 1 1
103 7 666.999954 180.0 31.00032 34.000125 1 1 1
103 98 655.99956 175.999875 51.000246000000004 34.999875 1 1 1
104 21 700.9997040000001 175.999875 98.00001 51.00000000000001 1 1 1
104 9 691.000362 175.999875 40.999662 43.999875 1 1 1
104 7 669.9993840000001 180.0 32.00013 37.000125000000004 1 1 1
104 98 658.0004220000001 177.0 45.000144 34.999875 1 1 1
105 21 706.999806 175.999875 100.99944 52.000125000000004 1 1 1
105 9 694.999602 177.0 40.999662 45.0 1 1 1
105 7 673.000056 180.0 33.99975 39.0 1 1 1
105 98 659.000232 175.999875 56.000538 37.000125000000004 1 1 1
106 21 712.000098 175.000125 104.99992200000001 55.000125 1 1 1
106 9 699.000084 177.0 43.000524 46.000125 1 1 1
106 7 674.999676 180.0 37.000422 39.0 1 1 1
106 98 660.9998519999999 175.999875 58.000158 37.999875 1 1 1
107 21 718.0002 175.999875 111.000024 58.000125 1 1 1
107 9 703.000566 178.000125 46.999764 46.999875 1 1 1
107 7 678.000348 180.0 39.000042 42.0 1 1 1
107 98 664.000524 175.999875 59.999778 39.0 1 1 1
108 21 724.0003019999999 175.999875 116.000316 61.999875 1 1 1
108 9 706.999806 177.0 50.000436 49.999875 1 1 1
108 7 680.9997780000001 181.000125 41.999472 43.000125000000004 1 1 1
108 98 665.000334 175.000125 65.00007 40.999875 1 1 1
109 21 730.000404 175.000125 123.00022799999999 64.99987499999999 1 1 1
109 9 712.999908 177.0 52.999866000000004 52.000125000000004 1 1 1
109 7 685.0002599999999 180.0 41.999472 45.0 1 1 1
109 98 667.999764 175.999875 66.99969 42.0 1 1 1
109 23 662.999472 175.999875 28.999458 33.0 1 1 1
110 21 738.000126 174.0 130.00014 70.000125 1 1 1
110 9 718.0002 174.0 58.999967999999996 57.0 1 1 1
110 7 687.99969 178.999875 47.999574 48.0 1 1 1
110 98 672.000246 175.000125 67.9995 43.999875 1 1 1
110 23 665.000334 178.000125 14.999633999999999 31.999875000000003 1 1 1
111 21 746.9996580000001 174.0 137.000052 75.0 1 1 1
111 9 725.0001120000001 175.999875 63.00045 58.000125 1 1 1
111 7 692.000172 180.0 47.999574 49.000125000000004 1 1 1
111 98 674.999676 175.000125 71.000172 46.000125 1 1 1
111 25 672.000246 177.0 14.999633999999999 31.000125 1 1 1
111 23 666.0001440000001 175.999875 25.000218 36.0 1 1 1
112 21 757.000242 174.0 145.999584 81.0 1 1 1
112 9 730.000404 175.000125 71.999982 63.00000000000001 1 1 1
112 7 695.999412 180.0 52.000056 51.00000000000001 1 1 1
112 98 679.999968 175.000125 71.999982 48.0 1 1 1
112 25 674.999676 178.999875 14.999633999999999 34.999875 1 1 1
112 23 667.999764 175.000125 26.999838 37.000125000000004 1 1 1
112 36 641.9997360000001 177.0 13.000014 19.000124999999997 1 1 1
113 21 770.0002559999999 172.999875 155.000358 88.000125 1 1 1
113 9 738.9999359999999 175.000125 76.00046400000001 67.000125 1 1 1
113 7 699.9998939999999 178.999875 58.000158 53.99999999999999 1 1 1
113 98 681.999588 174.0 76.00046400000001 49.999875 1 1 1
113 25 677.000538 178.999875 17.000496000000002 37.999875 1 1 1
113 23 669.9993840000001 175.000125 30.00051 39.0 1 1 1
113 36 641.9997360000001 175.999875 13.999824 19.999875 1 1 1
114 21 784.00008 171.0 168.000372 97.000125 1 1 1
114 9 747.999468 174.0 78.000084 70.999875 1 1 1
114 7 705.999996 178.000125 65.99988 57.0 1 1 1
114 98 686.99988 172.000125 78.999894 52.999874999999996 1 1 1
114 25 680.9997780000001 180.0 13.999824 37.000125000000004 1 1 1
114 23 672.000246 174.0 38.000232000000004 39.0 1 1 1
114 36 642.999546 175.000125 15.999443999999999 19.999875 1 1 1
115 21 801.0005759999999 171.0 182.000196 106.000125 1 1 1
115 9 758.000052 172.999875 95.00058 76.99987499999999 1 1 1
115 7 711.000288 178.999875 71.999982 58.999875 1 1 1
115 98 690.0005520000001 171.0 85.99980599999999 57.0 1 1 1
115 25 682.999398 180.0 15.999443999999999 40.000125 1 1 1
115 23 674.999676 172.999875 34.99956 42.0 1 1 1
115 36 642.999546 175.000125 17.000496000000002 19.999875 1 1 1
116 21 822.000312 172.000125 197.99964 118.000125 1 1 1
116 9 771.0000660000001 172.999875 109.000404 82.999875 1 1 1
116 7 718.0002 178.000125 82.00056599999999 64.00012500000001 1 1 1
116 98 695.999412 172.000125 86.999616 58.999875 1 1 1
116 25 686.99988 180.0 17.000496000000002 43.000125000000004 1 1 1
116 23 678.000348 174.0 31.00032 43.000125000000004 1 1 1
116 36 644.000598 175.000125 19.000116000000002 21.0 1 1 1
117 21 847.00053 169.000125 215.99994600000002 136.000125 1 1 1
117 9 784.00008 172.000125 121.000608 90.0 1 1 1
117 7 725.0001120000001 177.0 102.00049200000001 69.0 1 1 1
117 98 699.9998939999999 171.0 91.999908 61.999875 1 1 1
117 25 691.000362 180.0 19.000116000000002 43.999875 1 1 1
117 23 680.9997780000001 172.000125 41.999472 45.0 1 1 1
117 36 645.000408 175.000125 18.000306000000002 21.0 1 1 1
118 21 880.0004700000001 169.999875 237.99949199999998 154.000125 1 1 1
118 9 802.000386 172.999875 136.00024200000001 97.000125 1 1 1
118 7 733.999644 177.0 109.000404 73.999875 1 1 1
118 98 705.999996 171.0 97.0002 66.0 1 1 1
118 25 694.999602 180.0 20.999736 46.999875 1 1 1
118 23 685.0002599999999 171.0 57.000347999999995 48.0 1 1 1
118 36 645.000408 174.0 19.999926 22.000125 1 1 1
119 21 922.9997520000001 169.000125 265.000572 181.000125 1 1 1
119 9 822.000312 172.000125 154.00054799999998 106.999875 1 1 1
119 7 745.000038 177.0 112.99964399999999 79.000125 1 1 1
119 98 712.000098 169.999875 104.000112 70.999875 1 1 1
119 25 699.9998939999999 178.999875 24.000408 49.000125000000004 1 1 1
119 23 688.9995 169.999875 63.00045 49.999875 1 1 1
119 24 675.9994859999999 175.999875 20.999736 34.000125 1 1 1
119 36 647.000028 172.999875 21.999546 24.0 1 1 1
120 21 980.0001000000001 168.0 261.9999 207.00000000000003 1 1 1
120 9 847.00053 171.0 183.000006 120.0 1 1 1
120 7 757.000242 175.999875 125.999658 87.0 1 1 1
120 98 719.9998199999999 171.0 109.000404 73.000125 1 1 1
120 25 705.0001860000001 180.0 26.999838 52.000125000000004 1 1 1
120 23 692.000172 169.999875 66.99969 52.999874999999996 1 1 1
120 24 678.000348 175.999875 24.000408 34.999875 1 1 1
120 35 659.000232 174.0 40.999662 28.000125 1 1 1
120 36 647.000028 174.0 20.999736 22.999875 1 1 1
121 21 1064.000286 168.0 177.999714 207.00000000000003 1 1 1
121 9 878.9994180000001 172.000125 222.999858 151.999875 1 1 1
121 7 771.0000660000001 177.0 143.000154 94.000125 1 1 1
121 98 727.999542 169.999875 117.99993599999999 79.999875 1 1 1
121 25 711.000288 180.0 28.999458 55.000125 1 1 1
121 23 695.999412 169.000125 73.999602 55.999874999999996 1 1 1
121 24 680.9997780000001 175.999875 26.000028 37.000125000000004 1 1 1
121 35 660.9998519999999 174.0 41.999472 30.0 1 1 1
121 36 647.999838 175.000125 20.999736 24.0 1 1 1
122 21 1204.999578 229.999875 37.000422 145.000125 1 1 1
122 9 917.99946 172.000125 281.000016 178.000125 1 1 1
122 7 788.0005620000001 178.000125 167.000562 103.000125 1 1 1
122 98 736.0005060000001 169.000125 126.999468 87.0 1 1 1
122 25 717.00039 181.000125 32.99994 58.000125 1 1 1
122 23 699.9998939999999 169.999875 79.999704 58.999875 1 1 1
122 24 684.00045 178.000125 24.000408 37.000125000000004 1 1 1
122 35 661.9996620000001 175.000125 44.000334 30.0 1 1 1
122 36 648.999648 175.999875 20.999736 24.0 1 1 1
123 9 972.000378 172.000125 269.999622 202.99987499999997 1 1 1
123 7 809.0002979999999 178.999875 198.99945 124.000125 1 1 1
123 98 746.9996580000001 166.999875 135.000432 94.99987499999999 1 1 1
123 25 723.000492 180.0 39.000042 61.000125000000004 1 1 1
123 23 704.000376 169.000125 85.99980599999999 61.999875 1 1 1
123 24 686.99988 175.999875 26.999838 40.000125 1 1 1
123 35 662.999472 175.000125 46.999764 30.0 1 1 1
123 36 648.999648 174.0 24.000408 25.000125 1 1 1
124 9 1048.9994100000001 172.999875 193.00059000000002 202.000125 1 1 1
124 7 835.000326 178.000125 242.99978399999998 144.0 1 1 1
124 98 758.9998619999999 168.0 145.999584 102.00000000000001 1 1 1
124 25 731.0002139999999 180.0 44.000334 66.0 1 1 1
124 23 707.999616 169.000125 92.999718 64.99987499999999 1 1 1
124 24 688.9995 177.0 27.999648 40.999875 1 1 1
124 35 664.000524 175.000125 48.999384 31.000125 1 1 1
124 36 649.9994579999999 174.0 26.000028 25.000125 1 1 1
125 9 1164.999726 193.999875 77.00027399999999 181.000125 1 1 1
125 7 869.000076 178.999875 268.999812 168.0 1 1 1
125 98 773.9994959999999 166.000125 162.00027 112.999875 1 1 1
125 25 738.9999359999999 178.999875 54.999486000000005 73.000125 1 1 1
125 23 712.999908 166.000125 99.99963000000001 70.999875 1 1 1
125 24 692.000172 175.999875 32.99994 43.999875 1 1 1
125 35 665.000334 174.0 48.999384 31.999875000000003 1 1 1
125 36 649.9994579999999 175.000125 26.000028 25.000125 1 1 1
126 7 915.99984 180.0 300.000132 195.0 1 1 1
126 98 791.999802 165.0 184.999626 124.999875 1 1 1
126 25 749.00052 178.000125 65.00007 79.000125 1 1 1
126 23 719.00001 166.000125 109.000404 73.999875 1 1 1
126 22 718.0002 193.000125 6.000102 33.0 1 1 1
126 24 694.999602 175.999875 37.000422 45.0 1 1 1
126 35 666.0001440000001 174.0 52.000056 33.0 1 1 1
126 36 651.0005100000001 174.0 26.000028 25.999875000000003 1 1 1
127 7 982.9995299999999 181.999875 259.00047 193.000125 1 1 1
127 98 815.0004 163.000125 221.00023800000002 153.0 1 1 1
127 25 760.999482 178.000125 78.999894 85.000125 1 1 1
127 23 729.000594 165.0 116.000316 79.000125 1 1 1
127 22 723.000492 181.999875 13.000014 48.0 1 1 1
127 24 699.9998939999999 175.000125 39.999852 46.999875 1 1 1
127 35 667.999764 172.999875 52.000056 34.000125 1 1 1
127 36 652.00032 172.999875 31.00032 26.999999999999996 1 1 1
128 7 1085.000022 187.000125 156.999978 187.999875 1 1 1
128 98 843.9998579999999 160.999875 262.99971 180.0 1 1 1
128 25 773.9994959999999 177.0 99.99963000000001 94.000125 1 1 1
128 23 737.000316 163.000125 126.999468 85.999875 1 1 1
128 22 729.000594 184.999875 14.999633999999999 49.000125000000004 1 1 1
128 24 704.000376 175.000125 46.999764 49.999875 1 1 1
128 35 668.9995739999999 172.999875 53.999676 36.0 1 1 1
128 36 653.00013 172.999875 32.00013 28.999875 1 1 1
129 98 882.00009 162.0 294.99984 212.99999999999997 1 1 1
129 25 792.999612 177.0 128.00052 106.000125 1 1 1
129 23 745.000038 163.000125 137.999862 93.0 1 1 1
129 22 736.0005060000001 186.0 17.000496000000002 52.000125000000004 1 1 1
129 24 707.999616 175.000125 54.999486000000005 52.999874999999996 1 1 1
129 35 671.000436 174.0 57.000347999999995 36.0 1 1 1
129 36 653.00013 174.0 36.000612000000004 28.999875 1 1 1
130 98 935.999766 160.999875 306.00023400000003 214.00012500000003 1 1 1
130 25 815.0004 177.0 164.9997 118.000125 1 1 1
130 23 757.000242 163.000125 146.999394 100.999875 1 1 1
130 22 744.000228 184.999875 23.000598 57.0 1 1 1
130 24 712.000098 175.000125 63.00045 55.999874999999996 1 1 1
130 35 673.000056 174.0 58.999967999999996 37.999875 1 1 1
130 36 654.9997500000001 175.000125 30.00051 30.0 1 1 1
131 98 1013.9998499999999 159.0 228.00015 215.99999999999997 1 1 1
131 25 841.000428 178.999875 215.99994600000002 138.0 1 1 1
131 23 771.0000660000001 162.0 159.999408 109.000125 1 1 1
131 22 752.99976 181.000125 31.00032 66.0 1 1 1
131 24 718.0002 175.000125 71.999982 58.999875 1 1 1
131 35 673.999866 174.0 61.999398 40.000125 1 1 1
131 36 654.9997500000001 174.0 33.99975 31.000125 1 1 1
132 98 1152.999522 162.0 89.000478 212.99999999999997 1 1 1
132 25 876.999798 178.000125 287.999928 174.0 1 1 1
132 23 785.9997000000001 162.0 176.000094 118.99987499999999 1 1 1
132 22 764.0001540000001 180.0 38.000232000000004 72.0 1 1 1
132 24 724.0003019999999 174.0 83.000376 63.00000000000001 1 1 1
132 35 675.9994859999999 174.0 65.99988 40.999875 1 1 1
132 36 655.99956 174.0 32.99994 31.999875000000003 1 1 1
133 25 925.0006139999999 181.000125 316.99938599999996 193.999875 1 1 1
133 23 806.999436 160.999875 196.99983 132.0 1 1 1
133 22 775.0005480000001 180.0 47.999574 78.0 1 1 1
133 24 732.000024 175.000125 91.999908 66.0 1 1 1
133 35 678.000348 174.0 69.000552 42.0 1 1 1
133 36 657.0006119999999 174.0 36.000612000000004 33.0 1 1 1
134 25 993.000114 184.999875 248.999886 190.000125 1 1 1
134 23 831.999654 160.000125 226.00053 162.0 1 1 1
134 22 789.000372 181.999875 60.999587999999996 85.000125 1 1 1
134 24 738.9999359999999 175.000125 105.99973200000001 72.0 1 1 1
134 35 680.9997780000001 175.000125 73.999602 43.999875 1 1 1
134 36 659.000232 175.999875 34.99956 33.0 1 1 1
135 25 1093.999554 193.999875 148.000446 181.000125 1 1 1
135 23 863.9997840000001 160.000125 279.000396 190.999875 1 1 1
135 22 806.999436 183.0 77.00027399999999 93.0 1 1 1
135 24 747.999468 177.0 117.000126 75.0 1 1 1
135 35 682.999398 175.999875 82.00056599999999 46.000125 1 1 1
135 36 660.000042 177.0 37.000422 34.000125 1 1 1
136 23 904.9994459999999 156.0 325.00034999999997 219.0 1 1 1
136 22 824.9997420000001 181.000125 106.999542 103.999875 1 1 1
136 24 758.9998619999999 175.999875 126.999468 81.0 1 1 1
136 35 685.0002599999999 175.000125 87.999426 48.0 1 1 1
136 36 661.9996620000001 175.999875 38.000232000000004 34.999875 1 1 1
137 23 963.9994140000001 153.0 278.000586 222.0 1 1 1
137 22 849.99996 178.999875 150.000066 117.0 1 1 1
137 24 770.0002559999999 174.0 138.999672 87.0 1 1 1
137 35 687.99969 172.999875 97.0002 49.999875 1 1 1
137 36 662.999472 175.000125 39.999852 36.0 1 1 1
138 23 1050.000462 154.000125 191.999538 220.999875 1 1 1
138 22 881.00028 178.000125 196.00002 145.999875 1 1 1
138 24 784.9998899999999 172.999875 150.000066 94.99987499999999 1 1 1
138 35 692.000172 172.000125 109.000404 52.000125000000004 1 1 1
138 36 665.000334 174.0 43.000524 37.999875 1 1 1
139 23 1187.000514 187.999875 54.999486000000005 187.000125 1 1 1
139 22 921.000132 180.0 268.999812 172.999875 1 1 1
139 24 804.000006 172.999875 169.000182 103.999875 1 1 1
139 35 695.999412 172.999875 121.000608 53.99999999999999 1 1 1
139 36 666.999954 174.0 45.999954 39.0 1 1 1
140 22 972.000378 180.0 269.999622 195.0 1 1 1
140 24 824.9997420000001 172.999875 195.00021 121.99987499999999 1 1 1
140 35 700.9997040000001 172.999875 129.00033 57.0 1 1 1
140 36 668.9995739999999 174.0 50.000436 40.999875 1 1 1
141 22 1044.00036 181.000125 197.99964 193.999875 1 1 1
141 24 849.99996 174.0 241.00016399999998 141.0 1 1 1
141 35 705.999996 174.0 135.000432 60.0 1 1 1
141 36 672.000246 175.000125 52.000056 42.0 1 1 1
142 22 1150.000092 195.0 91.999908 180.0 1 1 1
142 24 882.00009 175.999875 280.000206 160.999875 1 1 1
142 35 712.000098 174.0 139.999482 64.00012500000001 1 1 1
142 36 674.999676 175.999875 56.000538 43.999875 1 1 1
143 24 925.0006139999999 175.999875 308.999664 190.999875 1 1 1
143 35 719.00001 175.000125 146.999394 67.999875 1 1 1
143 36 678.000348 175.999875 58.000158 46.000125 1 1 1
144 24 984.0005819999999 166.000125 257.999418 208.99987499999997 1 1 1
144 35 725.999922 175.000125 155.000358 70.999875 1 1 1
144 36 680.9997780000001 175.999875 64.00026 48.0 1 1 1
145 24 1069.000578 181.000125 172.999422 193.999875 1 1 1
145 35 733.999644 174.0 163.00008 76.99987499999999 1 1 1
145 36 684.00045 175.000125 72.999792 49.999875 1 1 1
145 38 682.999398 171.0 58.999967999999996 31.000125 1 1 1
145 27 646.0002179999999 175.000125 11.000394 25.000125 1 1 1
146 24 1193.000616 232.000125 48.999384 142.999875 1 1 1
146 35 744.000228 172.000125 172.999422 82.999875 1 1 1
146 36 687.99969 175.000125 78.000084 51.00000000000001 1 1 1
146 38 685.0002599999999 169.000125 65.00007 31.000125 1 1 1
146 27 646.0002179999999 174.0 12.000204 25.000125 1 1 1
147 35 752.99976 172.000125 184.999626 88.99987499999999 1 1 1
147 36 692.999982 174.0 85.99980599999999 53.99999999999999 1 1 1
147 37 691.000362 174.0 58.999967999999996 37.000125000000004 1 1 1
147 38 688.9995 169.000125 61.999398 39.0 1 1 1
147 27 647.999838 174.0 10.000584 25.000125 1 1 1
148 35 764.0001540000001 172.000125 196.99983 96.0 1 1 1
148 36 698.000274 174.0 93.999528 57.0 1 1 1
148 37 694.999602 174.0 54.999486000000005 42.0 1 1 1
148 38 692.999982 168.0 65.00007 42.0 1 1 1
148 27 649.9994579999999 172.999875 10.000584 26.999999999999996 1 1 1
149 35 778.9997880000001 171.0 209.000034 105.00000000000001 1 1 1
149 36 703.000566 174.0 99.99963000000001 58.999875 1 1 1
149 37 699.000084 174.0 64.00026 40.000125 1 1 1
149 38 697.0004640000001 168.0 67.9995 45.0 1 1 1
149 27 651.0005100000001 172.000125 12.000204 28.000125 1 1 1
150 35 795.000474 171.0 223.99966799999999 115.00012500000001 1 1 1
150 36 707.999616 172.999875 111.000024 63.00000000000001 1 1 1
150 37 705.0001860000001 174.0 65.00007 43.999875 1 1 1
150 38 699.000084 166.999875 73.999602 46.999875 1 1 1
150 27 652.00032 172.999875 12.000204 28.000125 1 1 1
150 32 646.0002179999999 169.999875 14.999633999999999 21.0 1 1 1
151 35 815.0004 169.999875 241.99997399999998 129.0 1 1 1
151 36 714.9995279999999 174.0 122.000418 66.0 1 1 1
151 37 710.000478 174.0 67.9995 49.000125000000004 1 1 1
151 38 705.0001860000001 166.999875 71.999982 51.00000000000001 1 1 1
151 27 653.9999399999999 174.0 12.000204 28.000125 1 1 1
151 32 647.999838 172.000125 11.000394 19.999875 1 1 1
152 35 837.999756 171.0 263.99952 144.0 1 1 1
152 36 724.0003019999999 175.000125 135.000432 72.0 1 1 1
152 37 716.0005799999999 175.000125 77.00027399999999 55.999874999999996 1 1 1
152 38 707.999616 168.0 76.00046400000001 52.999874999999996 1 1 1
152 27 655.99956 172.000125 13.000014 31.000125 1 1 1
152 32 648.999648 172.999875 13.000014 19.999875 1 1 1
153 35 869.000076 160.000125 285.000498 175.000125 1 1 1
153 36 732.000024 177.0 157.999788 76.99987499999999 1 1 1
153 37 721.9994399999999 178.000125 79.999704 60.0 1 1 1
153 38 712.999908 169.999875 83.000376 53.99999999999999 1 1 1
153 27 657.0006119999999 175.000125 14.999633999999999 31.000125 1 1 1
153 32 651.0005100000001 174.0 14.999633999999999 21.0 1 1 1
154 35 907.000308 174.0 318.00043800000003 189.0 1 1 1
154 36 740.999556 178.000125 171.99961199999998 82.999875 1 1 1
154 37 729.000594 178.999875 83.000376 61.999875 1 1 1
154 38 719.00001 169.999875 84.999996 57.0 1 1 1
154 27 658.0004220000001 175.000125 15.999443999999999 31.999875000000003 1 1 1
154 32 651.0005100000001 175.000125 14.999633999999999 21.0 1 1 1
155 35 958.0005540000001 174.0 283.99944600000003 201.0 1 1 1
155 36 751.99995 178.000125 183.000006 88.99987499999999 1 1 1
155 37 736.0005060000001 178.999875 91.000098 64.99987499999999 1 1 1
155 38 721.9994399999999 169.000125 90.000288 60.0 1 1 1
155 27 659.000232 174.0 17.000496000000002 34.000125 1 1 1
155 32 653.00013 175.000125 14.999633999999999 21.0 1 1 1
156 35 1027.999674 175.999875 214.000326 199.000125 1 1 1
156 36 763.000344 178.000125 196.00002 97.000125 1 1 1
156 37 744.000228 177.0 98.00001 70.000125 1 1 1
156 38 729.000594 169.000125 90.000288 61.999875 1 1 1
156 27 660.9998519999999 172.999875 19.000116000000002 34.999875 1 1 1
156 32 653.00013 174.0 15.999443999999999 22.000125 1 1 1
157 35 1130.999976 180.0 111.000024 195.0 1 1 1
157 36 777.000168 177.0 209.000034 106.999875 1 1 1
157 37 751.99995 177.0 104.000112 73.000125 1 1 1
157 38 734.9994539999999 168.0 95.00058 64.00012500000001 1 1 1
157 27 661.9996620000001 172.000125 19.999926 36.0 1 1 1
157 32 653.9999399999999 172.000125 19.000116000000002 22.999875 1 1 1
158 36 793.9994220000001 178.000125 222.999858 117.0 1 1 1
158 37 762.000534 175.999875 113.99945399999999 78.0 1 1 1
158 38 742.0006079999999 166.999875 98.99982 67.999875 1 1 1
158 27 664.000524 171.0 23.000598 37.999875 1 1 1
158 32 654.9997500000001 172.000125 20.999736 22.999875 1 1 1
159 36 814.00059 178.000125 241.00016399999998 130.999875 1 1 1
159 37 772.999686 175.999875 124.999848 84.0 1 1 1
159 38 750.00033 166.000125 104.99992200000001 72.0 1 1 1
159 27 666.0001440000001 172.000125 23.000598 37.000125000000004 1 1 1
159 32 657.0006119999999 171.0 20.999736 24.0 1 1 1
160 36 840.0006179999999 175.999875 259.00047 150.0 1 1 1
160 37 785.9997000000001 174.0 136.00024200000001 91.000125 1 1 1
160 38 758.000052 163.999875 111.99983399999999 76.99987499999999 1 1 1
160 27 667.999764 171.0 24.000408 37.999875 1 1 1
160 32 657.0006119999999 169.999875 25.000218 24.0 1 1 1
161 36 870.999696 175.999875 281.999826 171.0 1 1 1
161 37 801.0005759999999 172.999875 146.999394 99.0 1 1 1
161 38 766.999584 162.0 121.000608 82.000125 1 1 1
161 27 669.9993840000001 169.000125 26.000028 40.000125 1 1 1
161 32 658.0004220000001 169.000125 24.000408 25.000125 1 1 1
162 36 908.000118 177.0 311.000526 198.0 1 1 1
162 37 818.99964 174.0 163.00008 106.999875 1 1 1
162 38 777.000168 162.0 128.00052 87.0 1 1 1
162 27 671.000436 169.999875 27.999648 40.999875 1 1 1
162 32 660.000042 169.000125 20.999736 25.000125 1 1 1
163 36 959.000364 178.999875 282.999636 196.000125 1 1 1
163 37 838.999566 174.0 183.000006 117.0 1 1 1
163 38 786.99951 163.000125 135.000432 91.999875 1 1 1
163 27 673.999866 169.000125 30.00051 43.999875 1 1 1
163 32 660.9998519999999 169.999875 26.999838 25.999875000000003 1 1 1
164 36 1025.0002439999998 180.0 216.99975600000002 195.0 1 1 1
164 37 861.000354 175.000125 227.00034 133.000125 1 1 1
164 38 799.999524 162.0 143.000154 99.0 1 1 1
164 27 673.999866 169.999875 32.99994 43.000125000000004 1 1 1
164 32 660.000042 169.000125 36.000612000000004 25.999875000000003 1 1 1
165 36 1120.999392 187.999875 121.000608 187.000125 1 1 1
165 37 889.9998119999999 175.999875 257.999418 160.000125 1 1 1
165 38 812.9995379999999 162.0 152.999496 105.00000000000001 1 1 1
165 27 677.000538 171.0 36.000612000000004 43.999875 1 1 1
165 32 662.999472 169.999875 31.00032 26.999999999999996 1 1 1
165 33 653.9999399999999 172.999875 12.000204 19.000124999999997 1 1 1
166 37 921.999942 177.0 279.000396 180.0 1 1 1
166 38 827.000604 160.999875 164.9997 112.999875 1 1 1
166 27 679.000158 171.0 37.000422 46.999875 1 1 1
166 32 664.000524 169.999875 39.999852 28.000125 1 1 1
166 33 658.0004220000001 172.000125 17.000496000000002 19.999875 1 1 1
167 37 960.999984 177.0 281.000016 198.0 1 1 1
167 38 843.9998579999999 160.999875 178.999524 120.0 1 1 1
167 27 680.9997780000001 169.999875 39.999852 49.000125000000004 1 1 1
167 32 664.000524 169.999875 32.00013 28.000125 1 1 1
167 33 654.9997500000001 171.0 14.999633999999999 21.0 1 1 1
168 37 1010.0006099999999 180.0 231.99938999999998 195.0 1 1 1
168 38 862.000164 159.0 201.000312 142.000125 1 1 1
168 27 682.999398 169.999875 43.000524 49.000125000000004 1 1 1
168 32 665.000334 169.000125 38.000232000000004 28.999875 1 1 1
168 33 655.99956 171.0 13.000014 21.0 1 1 1
169 37 1070.000388 181.000125 171.99961199999998 193.999875 1 1 1
169 38 882.00009 157.000125 233.000442 156.0 1 1 1
169 27 685.0002599999999 169.999875 45.999954 51.00000000000001 1 1 1
169 32 666.0001440000001 169.000125 38.000232000000004 28.999875 1 1 1
169 33 655.99956 169.999875 14.999633999999999 22.999875 1 1 1
170 37 1148.000472 189.0 93.999528 186.0 1 1 1
170 38 906.000498 156.0 256.999608 171.0 1 1 1
170 27 687.99969 169.000125 48.999384 52.000125000000004 1 1 1
170 32 666.999954 168.0 38.000232000000004 30.0 1 1 1
170 33 657.0006119999999 169.999875 13.000014 22.000125 1 1 1
171 38 930.999474 156.0 276.999534 187.999875 1 1 1
171 27 690.0005520000001 168.0 53.999676 55.000125 1 1 1
171 32 667.999764 168.0 39.999852 30.0 1 1 1
171 33 658.0004220000001 169.000125 14.999633999999999 22.999875 1 1 1
172 38 962.999604 154.999875 279.000396 208.000125 1 1 1
172 27 692.999982 169.000125 57.000347999999995 55.999874999999996 1 1 1
172 32 667.999764 168.0 43.000524 31.000125 1 1 1
172 33 657.0006119999999 169.999875 15.999443999999999 22.000125 1 1 1
173 38 997.000596 154.000125 244.999404 207.00000000000003 1 1 1
173 27 694.999602 168.0 61.999398 58.999875 1 1 1
173 32 668.9995739999999 169.000125 45.000144 31.999875000000003 1 1 1
173 33 658.0004220000001 169.999875 15.999443999999999 22.999875 1 1 1
174 38 1039.000068 156.0 202.999932 219.0 1 1 1
174 27 698.000274 168.0 65.00007 61.000125000000004 1 1 1
174 32 668.9995739999999 169.000125 45.999954 31.999875000000003 1 1 1
174 33 659.000232 171.0 15.999443999999999 22.999875 1 1 1
174 107 1067.999526 196.000125 10.000584 13.999875 1 1 1
175 38 1087.999452 157.000125 154.00054799999998 217.999875 1 1 1
175 27 699.9998939999999 169.000125 71.000172 63.00000000000001 1 1 1
175 32 669.9993840000001 169.000125 48.999384 34.000125 1 1 1
175 33 659.000232 172.000125 15.999443999999999 22.999875 1 1 1
175 107 1077.0003 181.000125 65.00007 36.0 1 1 1
176 38 1149.000282 160.999875 92.999718 214.00012500000003 1 1 1
176 27 703.000566 169.999875 77.00027399999999 64.00012500000001 1 1 1
176 32 672.000246 171.0 51.000246000000004 31.999875000000003 1 1 1
176 33 660.000042 172.999875 15.999443999999999 22.999875 1 1 1
176 107 1085.999832 181.000125 104.000112 37.999875 1 1 1
177 38 1223.999694 295.999875 18.000306000000002 79.000125 1 1 1
177 27 706.999806 171.0 82.00056599999999 66.0 1 1 1
177 32 673.000056 171.0 53.999676 34.000125 1 1 1
177 33 661.9996620000001 172.999875 19.000116000000002 24.0 1 1 1
177 107 1096.000416 183.0 109.000404 37.999875 1 1 1
178 27 710.000478 171.0 90.000288 70.000125 1 1 1
178 32 674.999676 172.999875 56.000538 34.000125 1 1 1
178 33 661.9996620000001 174.0 19.999926 25.000125 1 1 1
178 107 1106.999568 184.000125 116.000316 39.0 1 1 1
179 27 713.999718 171.0 98.00001 73.000125 1 1 1
179 32 677.000538 174.0 54.999486000000005 34.000125 1 1 1
179 33 662.999472 175.000125 19.000116000000002 25.000125 1 1 1
179 107 1117.000152 184.999875 122.000418 40.000125 1 1 1
180 27 718.0002 171.0 105.99973200000001 73.999875 1 1 1
180 32 678.000348 172.999875 58.000158 34.999875 1 1 1
180 33 665.000334 174.0 17.000496000000002 25.999875000000003 1 1 1
180 30 653.9999399999999 175.000125 17.000496000000002 21.0 1 1 1
180 107 1128.000546 184.000125 113.99945399999999 42.0 1 1 1
181 27 721.9994399999999 169.999875 115.00050599999999 76.99987499999999 1 1 1
181 32 679.000158 172.999875 58.999967999999996 34.999875 1 1 1
181 33 666.999954 174.0 19.000116000000002 25.000125 1 1 1
181 30 655.99956 175.000125 18.000306000000002 19.000124999999997 1 1 1
181 107 1139.9995079999999 184.000125 102.00049200000001 42.0 1 1 1
182 27 726.999732 169.999875 124.999848 79.999875 1 1 1
182 32 679.999968 172.000125 64.00026 36.0 1 1 1
182 33 667.999764 174.0 20.999736 24.0 1 1 1
182 30 658.0004220000001 174.0 13.999824 19.999875 1 1 1
182 107 1150.999902 184.000125 91.000098 43.000125000000004 1 1 1
183 27 731.0002139999999 169.000125 137.999862 82.999875 1 1 1
183 32 681.999588 171.0 66.99969 37.000125000000004 1 1 1
183 33 667.999764 172.999875 18.000306000000002 25.999875000000003 1 1 1
183 30 659.000232 174.0 14.999633999999999 18.0 1 1 1
183 107 1163.000106 184.999875 78.999894 43.000125000000004 1 1 1
184 27 734.9994539999999 169.000125 152.999496 85.000125 1 1 1
184 32 684.00045 169.999875 69.000552 37.999875 1 1 1
184 33 669.9993840000001 172.000125 18.000306000000002 25.999875000000003 1 1 1
184 30 660.000042 172.999875 13.999824 19.000124999999997 1 1 1
184 107 1181.000412 184.000125 60.999587999999996 43.999875 1 1 1
185 27 738.9999359999999 169.000125 169.999992 88.000125 1 1 1
185 32 685.0002599999999 169.999875 73.999602 37.999875 1 1 1
185 33 669.9993840000001 172.000125 19.999926 25.999875000000003 1 1 1
185 30 661.9996620000001 172.999875 13.000014 19.000124999999997 1 1 1
185 107 1213.000542 184.000125 28.999458 45.0 1 1 1
186 27 745.000038 169.000125 177.999714 91.000125 1 1 1
186 32 686.00007 169.999875 78.000084 37.999875 1 1 1
186 33 671.000436 172.000125 23.000598 26.999999999999996 1 1 1
186 30 666.0001440000001 172.999875 11.000394 16.000124999999997 1 1 1
187 27 750.00033 168.0 182.000196 94.99987499999999 1 1 1
187 32 686.99988 169.000125 80.99951399999999 39.0 1 1 1
187 33 672.000246 172.000125 21.999546 25.999875000000003 1 1 1
187 30 665.000334 172.000125 13.999824 18.0 1 1 1
188 27 754.9993800000001 166.999875 187.000488 99.0 1 1 1
188 32 686.99988 168.0 84.999996 40.000125 1 1 1
188 33 672.000246 172.000125 23.000598 26.999999999999996 1 1 1
188 30 664.000524 171.0 17.000496000000002 13.999875 1 1 1
189 27 758.9998619999999 165.0 193.00059000000002 103.000125 1 1 1
189 32 688.9995 169.000125 84.000186 40.000125 1 1 1
189 33 671.000436 169.999875 26.000028 28.000125 1 1 1
189 30 664.000524 169.999875 19.000116000000002 16.999875 1 1 1
190 27 764.999964 165.0 196.00002 106.999875 1 1 1
190 32 690.0005520000001 168.0 86.999616 40.999875 1 1 1
190 33 672.000246 169.999875 27.999648 28.000125 1 1 1
190 30 665.000334 169.999875 19.000116000000002 15.0 1 1 1
191 27 769.000446 166.000125 202.000122 109.999875 1 1 1
191 32 691.000362 168.0 86.999616 40.999875 1 1 1
191 33 673.999866 169.999875 26.000028 28.999875 1 1 1
191 30 667.999764 171.0 14.999633999999999 12.0 1 1 1
192 27 773.9994959999999 165.0 206.000604 114.0 1 1 1
192 32 692.000172 169.000125 85.99980599999999 40.999875 1 1 1
192 33 673.999866 169.999875 26.999838 28.000125 1 1 1
192 30 666.999954 169.999875 17.000496000000002 16.000124999999997 1 1 1
193 27 777.9999779999999 165.0 210.99965400000002 118.000125 1 1 1
193 32 692.000172 169.000125 87.999426 40.999875 1 1 1
193 33 675.9994859999999 171.0 26.000028 28.999875 1 1 1
193 30 669.9993840000001 171.0 32.00013 24.0 1 1 1
194 27 783.00027 166.000125 215.99994600000002 121.000125 1 1 1
194 32 692.000172 169.000125 91.000098 42.0 1 1 1
194 33 675.9994859999999 171.0 26.000028 28.999875 1 1 1
194 30 669.9993840000001 172.000125 18.000306000000002 19.000124999999997 1 1 1
195 27 788.0005620000001 166.000125 221.00023800000002 124.999875 1 1 1
195 32 692.999982 169.000125 92.999718 43.000125000000004 1 1 1
195 33 675.9994859999999 172.000125 26.000028 28.000125 1 1 1
195 30 666.999954 172.000125 15.999443999999999 15.0 1 1 1
196 27 793.9994220000001 166.999875 224.99947799999998 129.0 1 1 1
196 32 693.9997920000001 169.999875 91.999908 43.999875 1 1 1
196 33 674.999676 172.000125 31.00032 28.999875 1 1 1
196 30 666.999954 172.000125 19.000116000000002 16.000124999999997 1 1 1
197 27 798.999714 168.0 230.99957999999998 133.000125 1 1 1
197 32 693.9997920000001 171.0 93.999528 43.999875 1 1 1
197 33 677.000538 174.0 27.999648 28.000125 1 1 1
197 30 665.000334 174.0 24.000408 13.999875 1 1 1
198 27 804.9998159999999 168.0 235.99987199999998 138.0 1 1 1
198 32 692.999982 171.0 95.00058 43.999875 1 1 1
198 33 678.000348 175.000125 28.999458 25.999875000000003 1 1 1
198 30 668.9995739999999 175.000125 18.000306000000002 10.999875000000001 1 1 1
199 27 811.999728 168.0 241.99997399999998 142.999875 1 1 1
199 32 694.999602 172.000125 95.00058 45.0 1 1 1
199 33 679.000158 175.000125 28.999458 25.000125 1 1 1
199 30 671.000436 175.000125 14.999633999999999 12.0 1 1 1
200 27 817.99983 168.0 248.000076 147.0 1 1 1
200 32 697.0004640000001 172.000125 95.00058 45.0 1 1 1
200 33 680.9997780000001 174.0 26.999838 25.000125 1 1 1
200 30 669.9993840000001 175.000125 18.000306000000002 12.0 1 1 1
201 27 824.9997420000001 166.999875 254.000178 153.0 1 1 1
201 32 698.000274 172.000125 96.00039000000001 46.000125 1 1 1
201 33 680.9997780000001 175.000125 27.999648 25.000125 1 1 1
201 30 677.000538 175.000125 12.000204 10.000125 1 1 1
202 27 831.999654 166.999875 260.00028 159.0 1 1 1
202 32 699.000084 172.000125 98.00001 46.000125 1 1 1
202 33 681.999588 175.000125 26.999838 24.0 1 1 1
202 30 667.999764 174.0 19.999926 12.0 1 1 1
203 27 838.999566 166.999875 268.000002 165.0 1 1 1
203 32 699.9998939999999 172.000125 98.99982 46.000125 1 1 1
203 33 680.9997780000001 175.000125 28.999458 25.000125 1 1 1
203 30 669.9993840000001 175.000125 21.999546 12.0 1 1 1
204 27 849.0001500000001 168.0 273.000294 171.0 1 1 1
204 32 700.9997040000001 172.000125 99.99963000000001 46.999875 1 1 1
204 33 684.00045 175.000125 28.999458 25.000125 1 1 1
204 30 673.999866 175.999875 14.999633999999999 12.0 1 1 1
205 27 858.9994919999999 166.999875 279.000396 178.000125 1 1 1
205 32 701.999514 172.000125 102.00049200000001 48.0 1 1 1
205 33 684.00045 175.000125 31.00032 25.000125 1 1 1
205 30 673.999866 175.000125 17.000496000000002 12.0 1 1 1
206 27 869.000076 166.999875 285.000498 184.000125 1 1 1
206 32 704.000376 172.000125 100.99944 48.0 1 1 1
206 33 686.00007 175.000125 28.999458 26.999999999999996 1 1 1
206 30 673.999866 175.000125 17.000496000000002 10.999875000000001 1 1 1
207 27 877.999608 166.000125 294.99984 193.000125 1 1 1
207 32 705.0001860000001 172.000125 102.00049200000001 49.000125000000004 1 1 1
207 33 686.99988 175.000125 28.999458 28.999875 1 1 1
207 30 674.999676 175.000125 15.999443999999999 9.0 1 1 1
208 27 889.000002 165.0 300.99994200000003 202.000125 1 1 1
208 32 705.0001860000001 172.000125 104.000112 49.000125000000004 1 1 1
208 33 688.9995 175.000125 28.999458 28.999875 1 1 1
208 30 677.000538 175.000125 17.000496000000002 10.000125 1 1 1
209 27 902.000016 165.0 307.000044 208.000125 1 1 1
209 32 706.999806 172.000125 104.000112 49.000125000000004 1 1 1
209 33 688.9995 174.0 30.00051 31.000125 1 1 1
209 30 674.999676 175.000125 21.999546 7.999875 1 1 1
210 27 913.00041 166.000125 319.000248 208.99987499999997 1 1 1
210 32 707.999616 172.000125 104.99992200000001 49.999875 1 1 1
210 33 691.000362 175.000125 30.00051 30.0 1 1 1
210 30 679.999968 174.0 19.000116000000002 7.000125 1 1 1
211 27 925.0006139999999 166.000125 316.99938599999996 208.99987499999997 1 1 1
211 32 710.000478 172.000125 104.99992200000001 51.00000000000001 1 1 1
211 33 692.999982 175.000125 28.999458 31.000125 1 1 1
211 30 680.9997780000001 175.000125 13.999824 6.0 1 1 1
212 27 936.9995759999999 165.0 305.000424 210.00000000000003 1 1 1
212 32 710.000478 172.000125 106.999542 51.00000000000001 1 1 1
212 33 692.000172 175.000125 30.00051 31.000125 1 1 1
212 30 679.999968 174.0 15.999443999999999 6.0 1 1 1
213 27 950.9994 163.999875 291.0006 211.000125 1 1 1
213 32 711.000288 171.0 108.000594 52.000125000000004 1 1 1
213 33 694.999602 174.0 28.999458 25.000125 1 1 1
213 30 684.00045 175.000125 13.000014 4.999874999999999 1 1 1
214 27 963.9994140000001 162.0 278.000586 212.99999999999997 1 1 1
214 32 712.999908 171.0 106.999542 52.999874999999996 1 1 1
214 33 692.000172 174.0 33.99975 31.000125 1 1 1
214 30 680.9997780000001 174.0 17.000496000000002 4.999874999999999 1 1 1
215 27 980.0001000000001 165.0 261.9999 210.00000000000003 1 1 1
215 32 713.999718 169.999875 109.000404 53.99999999999999 1 1 1
215 33 699.9998939999999 172.999875 27.999648 24.0 1 1 1
215 30 687.99969 172.999875 19.999926 4.999874999999999 1 1 1
216 27 994.999734 166.000125 247.00026599999998 208.99987499999997 1 1 1
216 32 714.9995279999999 169.999875 109.000404 52.999874999999996 1 1 1
216 33 694.999602 172.999875 32.00013 24.0 1 1 1
216 30 692.000172 172.999875 19.000116000000002 4.999874999999999 1 1 1
217 27 1010.0006099999999 163.999875 231.99938999999998 211.000125 1 1 1
217 32 716.0005799999999 169.000125 111.000024 53.99999999999999 1 1 1
217 33 697.0004640000001 172.999875 32.00013 22.999875 1 1 1
217 30 687.99969 174.0 20.999736 4.000125 1 1 1
218 27 1021.999572 163.999875 220.00042800000003 211.000125 1 1 1
218 32 717.00039 169.000125 110.00021400000001 55.000125 1 1 1
218 33 698.000274 172.000125 32.00013 22.000125 1 1 1
218 30 693.9997920000001 174.0 17.000496000000002 4.999874999999999 1 1 1
219 27 1034.999586 162.0 207.000414 212.99999999999997 1 1 1
219 32 717.00039 169.000125 112.99964399999999 55.000125 1 1 1
219 33 698.000274 172.000125 32.99994 19.999875 1 1 1
219 30 679.999968 172.999875 19.000116000000002 4.000125 1 1 1
220 27 1045.99998 165.0 196.00002 210.00000000000003 1 1 1
220 32 719.00001 169.000125 111.99983399999999 55.000125 1 1 1
220 33 697.0004640000001 171.0 36.000612000000004 22.999875 1 1 1
220 30 679.999968 172.000125 19.000116000000002 4.999874999999999 1 1 1
221 27 1056.0005640000002 166.999875 185.999436 208.000125 1 1 1
221 32 719.9998199999999 169.999875 111.99983399999999 55.000125 1 1 1
221 33 700.9997040000001 172.999875 31.00032 18.0 1 1 1
221 30 694.999602 174.0 18.000306000000002 6.0 1 1 1
222 27 1065.000096 168.0 176.999904 207.00000000000003 1 1 1
222 32 719.9998199999999 171.0 111.99983399999999 55.000125 1 1 1
222 33 703.000566 174.0 30.00051 18.0 1 1 1
222 30 692.000172 174.0 20.999736 6.0 1 1 1
223 27 1074.9994379999998 168.0 167.000562 207.00000000000003 1 1 1
223 32 720.99963 171.0 112.99964399999999 55.000125 1 1 1
223 33 707.999616 174.0 25.000218 16.999875 1 1 1
223 30 695.999412 175.000125 17.000496000000002 4.999874999999999 1 1 1
224 27 1084.000212 166.000125 157.999788 208.99987499999997 1 1 1
224 32 723.000492 171.0 111.99983399999999 55.000125 1 1 1
224 33 705.0001860000001 174.0 28.999458 16.000124999999997 1 1 1
224 30 693.9997920000001 175.000125 19.000116000000002 4.999874999999999 1 1 1
225 27 1095.0006059999998 166.999875 146.999394 208.000125 1 1 1
225 32 723.000492 171.0 112.99964399999999 55.000125 1 1 1
225 33 712.999908 174.0 20.999736 15.0 1 1 1
225 30 686.99988 175.000125 24.000408 4.000125 1 1 1
226 27 1103.000328 166.000125 138.999672 208.99987499999997 1 1 1
226 32 723.000492 169.999875 112.99964399999999 55.999874999999996 1 1 1
226 33 705.0001860000001 174.0 27.999648 13.999875 1 1 1
226 30 686.00007 174.0 26.000028 6.0 1 1 1
227 27 1110.0002399999998 166.000125 131.99976 208.99987499999997 1 1 1
227 32 723.000492 171.0 113.99945399999999 55.999874999999996 1 1 1
227 33 704.000376 174.0 30.00051 13.000125 1 1 1
227 30 679.999968 174.0 26.000028 4.999874999999999 1 1 1
228 27 1117.999962 165.0 124.000038 210.00000000000003 1 1 1
228 32 724.0003019999999 171.0 113.99945399999999 55.999874999999996 1 1 1
228 33 705.999996 174.0 27.999648 16.000124999999997 1 1 1
228 30 682.999398 174.0 27.999648 4.999874999999999 1 1 1
229 27 1125.9996840000001 163.999875 116.000316 211.000125 1 1 1
229 32 725.999922 171.0 111.99983399999999 57.0 1 1 1
229 33 708.9994260000001 175.000125 26.000028 10.999875000000001 1 1 1
229 30 679.999968 175.000125 28.999458 4.999874999999999 1 1 1
230 27 1131.999786 163.999875 110.00021400000001 211.000125 1 1 1
230 32 725.999922 171.0 111.99983399999999 57.0 1 1 1
230 33 707.999616 174.0 27.999648 15.0 1 1 1
230 30 679.999968 174.0 31.00032 6.0 1 1 1
231 27 1138.999698 168.0 103.000302 207.00000000000003 1 1 1
231 32 726.999732 171.0 111.000024 57.0 1 1 1
231 33 708.9994260000001 175.000125 26.999838 13.000125 1 1 1
231 30 686.00007 175.000125 26.000028 6.0 1 1 1
232 27 1146.99942 175.000125 95.00058 199.99987499999997 1 1 1
232 32 726.999732 171.0 112.99964399999999 57.0 1 1 1
232 33 704.000376 174.0 32.00013 13.000125 1 1 1
232 30 684.00045 175.000125 21.999546 4.999874999999999 1 1 1
233 27 1152.999522 184.999875 89.000478 190.000125 1 1 1
233 32 727.999542 171.0 111.000024 57.0 1 1 1
233 33 695.999412 175.000125 40.999662 10.999875000000001 1 1 1
233 30 678.000348 175.000125 19.999926 6.0 1 1 1
234 27 1158.999624 190.000125 83.000376 184.999875 1 1 1
234 32 727.999542 171.0 111.99983399999999 57.0 1 1 1
234 33 701.999514 175.000125 34.99956 12.0 1 1 1
234 30 679.000158 175.999875 26.000028 4.999874999999999 1 1 1
235 27 1163.999916 198.0 78.000084 177.0 1 1 1
235 32 727.999542 171.0 111.99983399999999 57.0 1 1 1
235 33 697.0004640000001 175.000125 39.999852 10.999875000000001 1 1 1
235 30 678.000348 175.000125 20.999736 6.0 1 1 1
236 27 1168.000398 205.000125 73.999602 169.999875 1 1 1
236 32 729.000594 171.0 111.000024 57.0 1 1 1
236 33 697.0004640000001 174.0 39.999852 10.999875000000001 1 1 1
236 30 681.999588 175.000125 17.000496000000002 6.0 1 1 1
237 27 1170.999828 210.00000000000003 71.000172 165.0 1 1 1
237 32 729.000594 171.0 111.99983399999999 57.0 1 1 1
237 33 697.0004640000001 174.0 39.000042 10.000125 1 1 1
237 30 678.000348 175.000125 28.999458 6.0 1 1 1
238 27 1172.999448 211.000125 69.000552 163.999875 1 1 1
238 32 729.000594 171.0 112.99964399999999 58.000125 1 1 1
238 33 705.0001860000001 174.0 32.99994 12.0 1 1 1
238 30 681.999588 175.000125 24.000408 6.0 1 1 1
239 27 1172.999448 210.00000000000003 69.000552 165.0 1 1 1
239 32 729.000594 171.0 112.99964399999999 57.0 1 1 1
239 33 704.000376 174.0 32.00013 10.999875000000001 1 1 1
239 30 692.999982 175.999875 15.999443999999999 4.999874999999999 1 1 1
240 27 1171.999638 210.00000000000003 70.000362 165.0 1 1 1
240 32 729.000594 171.0 112.99964399999999 58.000125 1 1 1
240 33 698.000274 174.0 39.000042 12.0 1 1 1
240 30 690.0005520000001 175.999875 8.999532 4.999874999999999 1 1 1
241 27 1172.999448 210.00000000000003 69.000552 165.0 1 1 1
241 32 727.999542 171.0 112.99964399999999 58.000125 1 1 1
241 33 698.000274 175.000125 39.000042 13.000125 1 1 1
241 30 682.999398 175.999875 19.999926 4.999874999999999 1 1 1
242 27 1171.999638 211.000125 70.000362 163.999875 1 1 1
242 32 727.999542 172.000125 111.99983399999999 57.0 1 1 1
242 33 699.000084 175.999875 38.000232000000004 10.999875000000001 1 1 1
242 30 684.00045 177.0 17.000496000000002 4.999874999999999 1 1 1
243 27 1172.999448 210.00000000000003 69.000552 165.0 1 1 1
243 32 726.999732 172.000125 112.99964399999999 57.0 1 1 1
243 33 708.9994260000001 175.000125 27.999648 12.0 1 1 1
243 30 691.000362 175.999875 24.000408 7.999875 1 1 1
244 27 1172.999448 211.000125 69.000552 163.999875 1 1 1
244 32 725.999922 172.000125 113.99945399999999 57.0 1 1 1
244 33 698.000274 175.000125 41.999472 18.0 1 1 1
244 30 686.00007 177.0 20.999736 7.000125 1 1 1
245 27 1172.999448 212.99999999999997 69.000552 162.0 1 1 1
245 32 725.999922 172.999875 113.99945399999999 57.0 1 1 1
245 33 699.9998939999999 175.999875 37.000422 18.0 1 1 1
245 30 684.00045 177.0 19.000116000000002 7.000125 1 1 1
246 27 1174.0005 214.00012500000003 67.9995 160.999875 1 1 1
246 32 724.0003019999999 172.999875 117.000126 57.0 1 1 1
246 33 699.000084 175.999875 38.000232000000004 19.000124999999997 1 1 1
246 30 692.000172 177.0 12.000204 7.000125 1 1 1
247 27 1176.0001200000002 215.99999999999997 65.99988 159.0 1 1 1
247 32 724.0003019999999 172.999875 117.000126 57.0 1 1 1
247 33 699.000084 175.999875 39.000042 22.999875 1 1 1
247 30 684.00045 175.999875 19.999926 7.000125 1 1 1
248 27 1178.99955 217.999875 63.00045 157.000125 1 1 1
248 32 724.0003019999999 172.999875 117.99993599999999 57.0 1 1 1
248 33 699.000084 175.999875 38.000232000000004 24.0 1 1 1
248 30 687.99969 177.0 14.999633999999999 6.0 1 1 1
249 27 1181.000412 220.00012500000003 60.999587999999996 154.999875 1 1 1
249 32 724.0003019999999 172.999875 117.000126 57.0 1 1 1
249 33 699.000084 175.999875 38.000232000000004 28.000125 1 1 1
249 30 682.999398 177.0 19.000116000000002 7.000125 1 1 1
250 27 1183.999842 223.00012499999997 58.000158 151.999875 1 1 1
250 32 724.0003019999999 172.999875 117.000126 57.0 1 1 1
250 33 694.999602 175.999875 43.000524 36.0 1 1 1
250 30 686.99988 177.0 17.000496000000002 6.0 1 1 1
251 27 1188.000324 229.999875 53.999676 145.000125 1 1 1
251 32 724.0003019999999 172.999875 117.000126 58.000125 1 1 1
251 33 694.999602 175.999875 41.999472 36.0 1 1 1
251 30 686.00007 177.0 17.000496000000002 7.000125 1 1 1
252 27 1195.0002359999999 240.0 46.999764 135.0 1 1 1
252 32 724.0003019999999 172.999875 117.000126 58.000125 1 1 1
252 33 697.0004640000001 175.999875 40.999662 34.999875 1 1 1
252 30 686.99988 177.0 17.000496000000002 7.000125 1 1 1
253 27 1200.000528 250.99987499999997 41.999472 124.000125 1 1 1
253 32 725.0001120000001 172.999875 117.99993599999999 58.000125 1 1 1
253 33 698.000274 177.0 39.000042 34.999875 1 1 1
253 30 685.0002599999999 177.0 18.000306000000002 7.000125 1 1 1
254 27 1208.00025 241.999875 33.99975 133.000125 1 1 1
254 32 724.0003019999999 174.0 117.99993599999999 58.000125 1 1 1
254 33 697.0004640000001 177.0 39.999852 34.999875 1 1 1
254 30 680.9997780000001 177.0 26.999838 12.0 1 1 1
255 27 1214.000352 243.0 27.999648 132.0 1 1 1
255 32 725.0001120000001 175.000125 117.99993599999999 57.0 1 1 1
255 33 695.999412 177.0 40.999662 34.999875 1 1 1
255 30 679.000158 178.999875 25.000218 13.000125 1 1 1
256 27 1233.000468 244.99987500000003 8.999532 130.000125 1 1 1
256 32 725.0001120000001 175.000125 117.99993599999999 58.000125 1 1 1
256 33 695.999412 178.999875 41.999472 34.999875 1 1 1
256 30 680.9997780000001 178.999875 23.000598 13.999875 1 1 1
257 32 725.0001120000001 175.999875 118.99974599999999 58.000125 1 1 1
257 33 694.999602 178.999875 44.000334 34.999875 1 1 1
257 30 680.9997780000001 178.999875 20.999736 18.0 1 1 1
258 32 725.0001120000001 175.999875 118.99974599999999 58.000125 1 1 1
258 33 695.999412 178.999875 43.000524 34.999875 1 1 1
258 30 679.999968 180.0 24.000408 19.000124999999997 1 1 1
259 32 725.0001120000001 175.000125 121.000608 58.999875 1 1 1
259 33 691.000362 180.0 46.999764 34.999875 1 1 1
259 30 681.999588 180.0 20.999736 19.999875 1 1 1
260 32 725.999922 175.999875 122.000418 58.999875 1 1 1
260 33 694.999602 178.999875 44.000334 37.000125000000004 1 1 1
260 30 681.999588 178.999875 23.000598 25.000125 1 1 1
261 32 726.999732 175.999875 122.000418 60.0 1 1 1
261 33 694.999602 178.999875 45.000144 37.000125000000004 1 1 1
261 30 679.999968 180.0 24.000408 25.000125 1 1 1
262 32 727.999542 175.999875 123.00022799999999 61.000125000000004 1 1 1
262 33 693.9997920000001 180.0 46.999764 37.000125000000004 1 1 1
262 30 679.000158 180.0 25.000218 26.999999999999996 1 1 1
263 32 727.999542 177.0 123.00022799999999 61.000125000000004 1 1 1
263 33 692.999982 180.0 50.000436 36.0 1 1 1
263 30 679.000158 181.000125 25.000218 25.999875000000003 1 1 1
264 32 729.000594 177.0 124.999848 61.999875 1 1 1
264 33 694.999602 181.000125 47.999574 37.000125000000004 1 1 1
264 30 677.000538 181.000125 28.999458 26.999999999999996 1 1 1
265 32 730.000404 178.000125 124.999848 61.999875 1 1 1
265 33 694.999602 181.000125 48.999384 37.000125000000004 1 1 1
265 30 677.000538 181.999875 26.000028 25.000125 1 1 1
266 32 731.0002139999999 178.000125 126.999468 63.00000000000001 1 1 1
266 33 694.999602 181.999875 52.000056 37.000125000000004 1 1 1
266 30 674.999676 181.999875 32.00013 25.999875000000003 1 1 1
267 32 732.000024 178.000125 128.00052 64.00012500000001 1 1 1
267 33 695.999412 181.999875 48.999384 37.999875 1 1 1
267 30 674.999676 183.0 32.00013 28.999875 1 1 1
268 32 733.999644 178.000125 128.00052 64.00012500000001 1 1 1
268 33 697.0004640000001 181.999875 48.999384 37.999875 1 1 1
268 30 673.999866 181.999875 36.000612000000004 30.0 1 1 1
269 32 734.9994539999999 178.000125 130.99995 66.0 1 1 1
269 33 697.0004640000001 181.000125 51.000246000000004 40.000125 1 1 1
269 30 673.999866 183.0 33.99975 30.0 1 1 1
270 32 737.000316 177.0 132.99957 67.999875 1 1 1
270 33 698.000274 181.000125 50.000436 40.000125 1 1 1
270 30 673.999866 183.0 34.99956 30.0 1 1 1
271 32 738.9999359999999 178.000125 135.000432 70.000125 1 1 1
271 33 698.000274 181.999875 52.999866000000004 40.000125 1 1 1
271 30 673.000056 183.0 38.000232000000004 31.000125 1 1 1
272 32 742.0006079999999 178.000125 137.000052 70.999875 1 1 1
272 33 699.000084 181.999875 52.000056 40.999875 1 1 1
272 30 673.000056 184.000125 38.000232000000004 31.000125 1 1 1
273 32 744.000228 178.000125 138.999672 73.000125 1 1 1
273 33 699.9998939999999 181.999875 54.999486000000005 40.999875 1 1 1
273 30 673.000056 184.000125 39.000042 31.000125 1 1 1
274 32 746.9996580000001 177.0 142.000344 75.0 1 1 1
274 33 699.9998939999999 181.999875 57.000347999999995 40.999875 1 1 1
274 30 673.000056 184.000125 39.000042 31.000125 1 1 1
275 32 750.00033 177.0 144.999774 76.99987499999999 1 1 1
275 33 701.999514 181.999875 58.000158 42.0 1 1 1
275 30 673.000056 184.000125 39.000042 31.999875000000003 1 1 1
276 32 752.99976 177.0 149.000256 79.000125 1 1 1
276 33 701.999514 181.999875 59.999778 43.000125000000004 1 1 1
276 30 673.999866 184.000125 39.999852 33.0 1 1 1
277 32 757.000242 177.0 151.999686 82.000125 1 1 1
277 33 704.000376 181.999875 60.999587999999996 43.000125000000004 1 1 1
277 30 673.999866 184.000125 40.999662 33.0 1 1 1
278 32 760.999482 177.0 156.000168 84.0 1 1 1
278 33 704.000376 183.0 65.99988 43.000125000000004 1 1 1
278 30 673.999866 184.999875 43.000524 34.000125 1 1 1
279 32 764.999964 175.999875 159.999408 88.000125 1 1 1
279 33 705.0001860000001 183.0 69.000552 43.999875 1 1 1
279 30 674.999676 184.000125 44.000334 34.000125 1 1 1
280 32 770.0002559999999 175.000125 164.9997 91.000125 1 1 1
280 33 706.999806 181.999875 72.999792 45.0 1 1 1
280 30 674.999676 183.0 50.000436 34.999875 1 1 1
280 69 646.0002179999999 178.999875 24.000408 16.000124999999997 1 1 1
281 32 777.000168 174.0 169.999992 94.99987499999999 1 1 1
281 33 707.999616 181.000125 78.000084 46.000125 1 1 1
281 30 674.999676 181.999875 50.000436 36.0 1 1 1
281 69 647.000028 180.0 24.000408 15.0 1 1 1
282 32 782.00046 174.0 176.999904 97.99987499999999 1 1 1
282 33 708.9994260000001 180.0 83.000376 48.0 1 1 1
282 30 675.9994859999999 181.999875 50.000436 36.0 1 1 1
282 69 652.00032 180.0 21.999546 15.0 1 1 1
283 32 789.000372 174.0 183.000006 103.000125 1 1 1
283 33 712.000098 180.0 85.99980599999999 49.000125000000004 1 1 1
283 30 675.9994859999999 181.999875 52.000056 37.000125000000004 1 1 1
283 69 653.9999399999999 180.0 20.999736 13.999875 1 1 1
284 32 796.000284 174.0 189.999918 106.999875 1 1 1
284 33 713.999718 180.0 89.000478 49.000125000000004 1 1 1
284 30 677.000538 181.000125 52.000056 37.999875 1 1 1
284 69 654.9997500000001 180.0 21.999546 13.000125 1 1 1
285 32 805.999626 174.0 196.99983 112.999875 1 1 1
285 33 714.9995279999999 180.0 92.999718 49.999875 1 1 1
285 30 677.000538 181.000125 54.999486000000005 39.0 1 1 1
285 69 654.9997500000001 180.0 23.000598 13.000125 1 1 1
286 32 816.0002099999999 172.000125 206.000604 121.000125 1 1 1
286 33 718.0002 180.0 93.999528 52.000125000000004 1 1 1
286 30 678.000348 181.000125 54.999486000000005 39.0 1 1 1
286 69 657.0006119999999 178.999875 23.000598 13.999875 1 1 1
287 32 828.000414 172.000125 215.99994600000002 129.0 1 1 1
287 33 719.9998199999999 180.0 97.0002 52.999874999999996 1 1 1
287 30 679.000158 181.000125 58.000158 40.000125 1 1 1
287 69 659.000232 178.999875 21.999546 13.999875 1 1 1
288 32 841.000428 172.000125 227.00034 138.0 1 1 1
288 33 723.000492 180.0 98.99982 55.000125 1 1 1
288 30 679.999968 181.000125 58.999967999999996 40.999875 1 1 1
288 69 660.000042 178.000125 25.000218 13.999875 1 1 1
289 32 858.9994919999999 171.0 237.99949199999998 148.999875 1 1 1
289 33 725.999922 178.999875 102.00049200000001 58.000125 1 1 1
289 30 680.9997780000001 181.000125 60.999587999999996 42.0 1 1 1
289 69 661.9996620000001 178.000125 24.000408 13.999875 1 1 1
290 32 878.9994180000001 171.0 252.00055799999998 162.0 1 1 1
290 33 730.000404 180.0 104.000112 60.0 1 1 1
290 30 681.999588 181.000125 60.999587999999996 43.999875 1 1 1
290 69 666.0001440000001 178.999875 20.999736 13.000125 1 1 1
291 32 903.999636 169.999875 268.000002 180.0 1 1 1
291 33 733.999644 180.0 108.000594 61.999875 1 1 1
291 30 684.00045 181.000125 64.00026 45.0 1 1 1
292 32 934.0001460000001 169.999875 291.0006 199.99987499999997 1 1 1
292 33 738.9999359999999 180.0 111.000024 64.99987499999999 1 1 1
292 30 685.0002599999999 181.999875 67.9995 46.000125 1 1 1
293 32 972.000378 168.0 269.999622 207.00000000000003 1 1 1
293 33 742.0006079999999 180.0 117.000126 69.0 1 1 1
293 30 686.99988 181.999875 69.000552 48.0 1 1 1
294 32 1014.9996600000001 168.0 227.00034 207.00000000000003 1 1 1
294 33 745.9998479999999 180.0 123.00022799999999 70.999875 1 1 1
294 30 688.9995 181.999875 71.000172 49.000125000000004 1 1 1
295 32 1074.9994379999998 166.000125 167.000562 208.99987499999997 1 1 1
295 33 753.99957 178.999875 125.999658 75.0 1 1 1
295 30 692.000172 181.000125 70.000362 51.00000000000001 1 1 1
296 32 1158.999624 172.000125 83.000376 202.99987499999997 1 1 1
296 33 758.9998619999999 178.000125 132.99957 79.000125 1 1 1
296 30 694.999602 181.000125 73.999602 52.000125000000004 1 1 1
297 33 765.999774 177.0 138.999672 82.999875 1 1 1
297 30 698.000274 180.0 82.00056599999999 53.99999999999999 1 1 1
298 33 775.0005480000001 175.999875 144.999774 88.000125 1 1 1
298 30 701.999514 178.999875 83.000376 55.999874999999996 1 1 1
299 33 784.00008 175.999875 151.999686 93.0 1 1 1
299 30 705.0001860000001 178.000125 91.999908 58.000125 1 1 1
300 33 796.000284 175.999875 157.999788 99.0 1 1 1
300 30 708.9994260000001 178.999875 99.99963000000001 60.0 1 1 1
301 33 808.000488 177.0 168.000372 106.000125 1 1 1
301 30 712.999908 178.999875 106.999542 63.00000000000001 1 1 1
302 33 822.000312 177.0 176.999904 114.0 1 1 1
302 30 718.0002 178.999875 116.000316 66.0 1 1 1
303 33 838.999566 177.0 187.000488 124.000125 1 1 1
303 30 723.000492 178.999875 130.99995 70.000125 1 1 1
304 33 857.999682 178.000125 200.000502 133.999875 1 1 1
304 30 729.000594 180.0 144.999774 73.000125 1 1 1
305 33 881.00028 178.000125 214.000326 147.0 1 1 1
305 30 736.0005060000001 180.0 155.000358 76.99987499999999 1 1 1
305 63 673.000056 175.999875 24.000408 16.999875 1 1 1
306 33 910.999548 177.0 228.99996 166.999875 1 1 1
306 30 743.000418 178.999875 163.00008 82.999875 1 1 1
306 63 675.9994859999999 175.000125 23.000598 16.999875 1 1 1
307 33 947.99997 175.999875 247.00026599999998 187.000125 1 1 1
307 30 751.99995 178.999875 170.999802 87.0 1 1 1
307 63 679.999968 175.000125 20.999736 16.000124999999997 1 1 1
308 33 991.000494 174.0 250.999506 201.0 1 1 1
308 30 763.000344 178.000125 178.999524 93.0 1 1 1
308 63 685.0002599999999 174.0 27.999648 16.000124999999997 1 1 1
309 33 1056.0005640000002 175.000125 185.999436 199.99987499999997 1 1 1
309 30 775.0005480000001 178.000125 188.00029800000002 99.0 1 1 1
309 63 690.0005520000001 172.999875 26.000028 16.000124999999997 1 1 1
310 33 1143.00018 177.0 98.99982 198.0 1 1 1
310 30 788.0005620000001 177.0 201.000312 106.999875 1 1 1
310 63 698.000274 172.000125 21.999546 16.000124999999997 1 1 1
311 30 804.9998159999999 175.999875 211.99946400000002 117.0 1 1 1
311 58 667.999764 172.000125 40.999662 24.0 1 1 1
311 63 706.999806 172.000125 18.000306000000002 15.0 1 1 1
312 30 824.9997420000001 175.000125 224.99947799999998 129.0 1 1 1
312 58 674.999676 172.000125 44.000334 24.0 1 1 1
312 63 711.000288 172.000125 21.999546 15.0 1 1 1
313 30 848.0003399999999 175.999875 241.99997399999998 141.0 1 1 1
313 58 682.999398 172.000125 46.999764 25.000125 1 1 1
313 63 717.00039 169.999875 20.999736 16.999875 1 1 1
314 30 875.999988 177.0 261.00009 157.000125 1 1 1
314 58 692.999982 172.000125 50.000436 25.000125 1 1 1
315 30 909.9997380000001 175.999875 283.99944600000003 178.000125 1 1 1
315 58 704.000376 171.0 52.999866000000004 25.000125 1 1 1
316 30 952.000452 175.999875 289.999548 196.99987500000003 1 1 1
316 58 717.00039 169.999875 53.999676 25.000125 1 1 1
317 30 1006.000128 177.0 235.99987199999998 198.0 1 1 1
317 58 730.000404 169.000125 56.000538 25.999875000000003 1 1 1
318 30 1074.9994379999998 177.0 167.000562 198.0 1 1 1
318 58 744.000228 168.0 58.000158 25.999875000000003 1 1 1
319 30 1168.000398 204.00000000000003 73.999602 171.0 1 1 1
319 58 758.000052 166.999875 60.999587999999996 26.999999999999996 1 1 1
320 58 777.9999779999999 166.000125 58.999967999999996 26.999999999999996 1 1 1
321 58 789.000372 166.999875 69.000552 26.999999999999996 1 1 1
322 58 810.0001080000001 166.999875 66.99969 28.000125 1 1 1
323 58 827.000604 166.999875 71.000172 28.000125 1 1 1
324 58 847.00053 166.999875 73.999602 28.000125 1 1 1
325 58 868.000266 166.000125 76.00046400000001 28.000125 1 1 1
326 58 889.9998119999999 163.999875 78.999894 28.000125 1 1 1
327 58 910.999548 162.0 84.000186 28.999875 1 1 1
328 58 934.0001460000001 160.000125 86.999616 30.0 1 1 1
329 58 959.000364 159.0 90.000288 30.0 1 1 1
330 58 982.9995299999999 159.0 92.999718 31.999875000000003 1 1 1
331 58 1008.999558 160.000125 97.0002 31.999875000000003 1 1 1
332 58 1035.9993960000002 162.0 103.000302 31.999875000000003 1 1 1
333 58 1061.999424 162.0 110.00021400000001 34.000125 1 1 1
334 58 1091.999934 163.000125 115.00050599999999 34.000125 1 1 1
335 58 1123.000254 163.000125 118.99974599999999 36.0 1 1 1
336 58 1155.000384 162.0 86.999616 39.0 1 1 1
337 58 1189.999944 163.000125 52.000056 37.999875 1 1 1
338 58 1226.000556 169.000125 15.999443999999999 33.0 1 1 1
